0.0 0.00153045087757472 0.000375730923906312 0.0011585725930625427 3.7711226157376875e-05 5.145521362878721e-05 0.00022360340463553692 9.080305243998687e-05 1.7435502741868557e-05 0.0004961909395937906 4.260054636790378e-05 9.152272820881707e-06 7.711719498710024e-05 0.00010709170814913287 1.1512770620685833e-06 1.099186200941031e-06 5.043252604091454e-07 0.0 0.0 0.0 0.0 0.0 0.0 0.0 1.034530401422526e-07 9.39176353397937e-08 1.5483911723965777e-06 8.646014006113761e-08 4.108366398626073e-07 6.263884618149231e-08 0.0006308067913911001 2.960941395278769e-06 1.5153428992223727e-05 0.0 0.0 2.1480089799669156e-07 2.85107850564891e-06 2.7259831477459317e-06 5.870949732098541e-06 0.0 1.88465519682272e-07 8.059009681897916e-08 1.3647700487545575e-07 0.0 0.0 0.0 1.1304184614968597e-05 1.0711583749200603e-06 0.0 1.7625867178707973e-07 6.798966878104213e-07 0.0 1.3288661302627834e-07 0.0 6.254400793692565e-07 5.39824305972811e-06 8.025797832291443e-05 0.00044454511018370674 3.771552085309469e-05 6.390939923429858e-06 1.7535405066943917e-06 4.201833052312203e-06 0.0 1.368209291259086e-05 2.120853313395483e-06 1.7313256016175227e-06 7.547275434156797e-08 1.6614028850798055e-07 4.5701455521105106e-07 0.0 1.4280577152957559e-05 5.790692448550299e-06 2.1738004220123007e-07 6.617626906095495e-05 2.505159854114589e-05 5.36289384941068e-06 1.5401298719383979e-06 1.4600793592637264e-07 3.4916383845556427e-06 2.1556005000634857e-05 1.3942320928895312e-06 1.1293611738722571e-05 7.893124016483008e-06 1.7852775222340314e-07 9.367501839978966e-07 2.365372020854662e-06 1.5061749173940686e-07 1.0657239777766348e-07 2.183935848909863e-07 0.0 2.9209014353171276e-07 0.0 1.2125137943271023e-07 0.0 9.631433932187737e-08 2.8964609461970297e-05 3.0301471376066062e-06 0.0 1.03478036356453e-05 0.00047396795548746595 2.3676034445714465e-07 0.0 1.1990415198964743e-06 0.0 0.0 0.0 0.0 0.0 0.0 4.7586593946551827e-07 0.0 0.0 4.835038178870196e-07 1.1903825790751775e-07 2.3945753859066843e-06 0.0 0.0 0.0 0.0 0.0 0.0 0.0 0.0 0.0 0.0 0.0 0.0 3.004746255128457e-07 0.0 0.0 0.0 0.0 0.0 0.0 1.188874512331999e-07 0.0 0.0 0.0 0.0 1.1527710624062049e-06 0.0 1.2573912334649093e-07 1.5202620100862474e-06 1.0916425568605197e-06 0.0 2.721399561901954e-07 0.0 0.0 0.0 0.0 0.0 7.97085086472205e-08 4.815432517990509e-07 0.0 0.0 0.0 0.0 0.0 2.0215548495920735e-07 0.0 7.295888671981157e-08 0.0 0.0 0.0 0.0 0.0 1.963957466619819e-07 1.9640152129163175e-07 0.0 0.0 0.0 0.0 0.0 0.0 0.0 0.0 5.007074908927305e-06 0.0 0.0 0.0 0.0 3.300004549800873e-06 3.5090797755847755e-07 8.204650706740378e-07 0.0 3.4182998476650863e-07 5.675141876578899e-07 0.0 0.0 0.0 1.463406117059273e-07 0.0 0.0 0.0 0.0 0.0 8.499516622731459e-08 9.008507921388885e-07 1.5712502130855273e-06 5.277861142802519e-06
0.00153045087757472 0.0 0.0007290293152781713 0.0005649789596228893 0.001163310284338025 0.0001736089016620643 0.0023105562061820815 0.0001440832604837085 0.0005514015053580568 0.0014086250263241303 0.0002955780503950089 2.935953525206711e-05 0.0011766515353039246 0.0015457176904312398 6.031603249898945e-06 1.729066669088066e-06 1.2366279761534404e-06 2.2180360417356336e-07 4.3181864564486065e-07 0.0 1.0321500060098925e-07 0.0 0.0 1.429044955393556e-07 6.989413952432219e-07 2.0812683805011337e-07 0.0 1.2993185454600291e-06 4.862860259913339e-07 1.5844429890953552e-07 0.0011046035760785505 1.8909701736929647e-05 5.8864208485758094e-05 0.0 0.0 2.7733860354935284e-07 7.75719632589706e-06 2.884018045508156e-06 6.6070622068731175e-06 1.4368415356561038e-06 1.92392003438068e-07 5.795531746840566e-07 2.651921354356096e-07 5.117068817077499e-07 1.781941140055735e-07 0.0 6.33533734555161e-05 4.461196185623523e-06 2.7252420702741975e-07 1.8518893559196174e-07 5.789131585193178e-07 0.0 5.709917944327336e-07 6.759636044778826e-08 2.046544940146723e-06 1.6356747883949056e-05 7.803755064850609e-05 0.000634437418316091 7.325497592657894e-05 2.9865903319443632e-05 1.8827158572580249e-06 4.498533417960372e-06 0.0 0.00013087681680332765 8.732214541670523e-06 9.907103207701622e-06 1.3103275596001742e-07 1.387002288296621e-06 1.1034238483944999e-07 0.0 2.418604410982927e-05 3.5796929093817313e-06 1.9473123610601714e-07 0.00020425457559188843 0.00010702949787354231 6.041615434460147e-05 1.8510007768500592e-05 1.1323200052643973e-06 9.15586668702729e-07 5.986787576559466e-05 2.3445173001783367e-06 8.054046096867117e-06 2.320896152741344e-05 4.2017927145146125e-07 5.206785446363866e-06 9.019531694678615e-06 1.6159641804958922e-06 1.4122222746840527e-07 5.268246558943514e-07 8.910907161685687e-08 6.065605199986954e-07 1.9164745166992372e-07 2.5688451631341524e-07 8.205311404751785e-08 1.5572744670983924e-07 3.186122449189109e-05 9.968385814421877e-06 0.0 8.98251354235866e-06 0.0009066364831553157 0.0 4.903318415169825e-07 9.23054058058377e-06 0.0 0.0 6.744510216781824e-07 4.6385445067577957e-07 0.0 1.371953434209128e-07 4.2682843756188855e-06 2.3494111401629342e-07 1.2691986694759849e-06 1.4901311030788977e-06 2.38851776767523e-06 3.5436800026875e-06 3.5005773208812444e-07 0.0 0.0 0.0 0.0 0.0 0.0 0.0 0.0 0.0 0.0 0.0 5.054853369703285e-07 0.0 0.0 0.0 2.7374043816026214e-07 0.0 0.0 0.0 2.042133895160087e-07 0.0 0.0 0.0 2.2073903850611503e-06 0.0 2.323798679907962e-06 3.875295608889163e-06 9.149832146161945e-07 0.0 0.0 1.2882029016200125e-07 0.0 0.0 0.0 0.0 3.9202432954447984e-07 1.1285978016765265e-06 1.225255630988246e-07 0.0 1.6213346230871333e-07 2.1929975225561362e-07 7.859608864501613e-08 6.267729083126759e-08 9.740333294189404e-08 0.0 0.0 0.0 0.0 0.0 8.565415723281317e-07 1.919890971626763e-06 0.0 7.890684515726424e-08 0.0 7.718731168783161e-08 7.862594538403004e-08 0.0 0.0 0.0 0.0 1.5486227572556523e-05 0.0 0.0 0.0 0.0 2.1656378296466524e-06 5.372024585935367e-07 1.809265651086959e-06 2.464390044951485e-07 1.4905220539671903e-06 5.297509336050588e-07 1.3058946323630884e-07 3.455220672092457e-07 0.0 9.372544381965169e-08 8.085834740345645e-08 0.0 1.675204302824232e-07 0.0 0.0 0.0 5.612078410033858e-06 2.4358973242268425e-06 8.536595255307193e-06
0.000375730923906312 0.0007290293152781713 0.0 3.750138133527719e-05 0.000677069058843648 1.1813912395719404e-05 0.00015758815627844866 0.002040933251577072 0.00046477531503869495 2.0339335979529855e-05 0.0015185152214700856 1.671303208401655e-05 0.00011042388602687552 0.0011808019391502706 3.812338299285852e-05 3.578200338952404e-05 1.5809223322449472e-05 8.303102695504697e-07 1.0155286388316544e-06 1.7239457624161637e-06 4.583327831197395e-06 1.515361845507271e-06 5.119943281765029e-07 8.018467392614203e-07 3.937043543939123e-06 4.899002963571634e-06 4.705312815984902e-07 3.809435793800536e-06 1.451566835975165e-06 1.8663314825728163e-07 0.002165871337256451 0.0003249421822258367 0.0002280148113720495 6.318668772891233e-07 7.313554596686969e-07 7.73419165031749e-06 2.844550165731722e-05 2.2899008090583954e-05 1.7081541746170044e-05 1.1447414705491626e-05 4.078000096138656e-06 3.68717507573537e-06 3.0993306433797935e-06 2.742847668079785e-06 7.961688346581798e-07 2.1359097506504825e-06 7.875851855417789e-05 5.608426141864595e-06 4.982627607119133e-06 4.021153140038519e-06 2.855280997664729e-06 1.3149524879849956e-06 3.312744884635258e-06 1.1809692558662148e-06 1.1324982202770624e-06 1.239516763720464e-05 6.0041024772874666e-05 0.0005505834482920824 6.433745944742908e-05 3.4824844093771134e-05 4.912715012047669e-05 4.620061322302663e-05 1.5822580638387467e-06 0.000545406405022849 6.71500754929065e-06 7.644474719608146e-06 2.2057075828898383e-06 3.6636998947542723e-06 1.0378517288451904e-05 6.3936196318578875e-06 3.8511060639153974e-05 4.065919169013813e-06 1.8722306104881196e-06 0.00018397388089184315 0.00012920977195701256 8.908056518931895e-05 6.340458416684118e-05 1.2548179527304765e-05 0.0003159599551727966 0.0009284333754886122 4.731351754849632e-05 0.00032936526775949505 1.952944120449812e-05 2.3497300668242744e-07 6.147702311212757e-06 7.758352695484447e-06 2.663646422572825e-06 1.5518222542706344e-07 1.2189733838939103e-06 3.284762277348844e-07 1.8325530296894977e-06 5.152631810318791e-07 1.0708103001281066e-05 2.4795241858768838e-06 6.675349613866708e-07 6.460078330508866e-05 8.778778939443845e-06 3.454442048951754e-07 8.352080698099255e-06 0.00017399240309831225 0.0 0.0 3.8299910163771824e-07 0.0 0.0 0.0 1.678420961911619e-07 0.0 0.0 1.9559157131389043e-07 1.0477835572138025e-06 8.532911961723869e-07 1.5250331550551533e-07 7.933049144866955e-07 1.912501783025018e-06 1.606768384201441e-07 0.0 0.0 0.0 0.0 0.0 0.0 3.982317444188752e-07 0.0 0.0 1.6373508492677949e-06 3.528183011956189e-07 5.192686164549577e-07 0.0 1.7409574088911515e-06 4.025302264323179e-07 1.1922003499942497e-06 7.030342221769177e-07 9.418239893636711e-07 0.0 0.0 0.0 2.209223755941272e-07 3.2216365854676395e-07 1.3260549326715268e-06 0.0 2.808928431498111e-06 3.749308737008701e-06 2.913041106739169e-06 0.0 1.2530468717016111e-06 0.0 0.0 0.0 0.0 1.1293116400298297e-07 1.2252214697176066e-07 8.414450881222728e-07 0.0 2.5207193361746196e-07 6.683227435553533e-07 3.318957698682613e-06 3.585528146202318e-06 6.685796934222832e-08 0.0 7.44605548348988e-08 7.622350907727573e-08 1.5036756978713325e-07 8.290678622117969e-08 3.396117654913322e-07 1.0936251691307327e-06 4.418629000242969e-07 0.0 0.0 0.0 0.0 0.0 0.0 3.2726373530457174e-07 0.0 1.0666203145217394e-07 4.841001853607392e-06 4.11127094744188e-06 3.758116178882953e-07 1.6622113861120117e-07 1.3230348278052542e-06 1.3907663896781873e-06 6.396140664885481e-07 1.3546752822300523e-06 3.391598319756384e-07 2.1987773874471786e-07 4.83073216657047e-07 0.0 0.0 0.0 1.756137165160286e-07 0.0 1.196365878034563e-07 2.5780014941712064e-07 3.785017915105341e-07 6.611588818486465e-07 4.5748138007939517e-07 1.4556811115332744e-06 4.802965245931976e-06 5.435345182143499e-06
0.0011585725930625427 0.0005649789596228893 3.750138133527719e-05 0.0 1.4924292454494402e-05 0.0002487978700895363 0.0008060402555673113 2.9335742619810815e-07 3.7616708970584873e-06 0.0008625708333469977 1.7841832616441143e-06 1.938162803050274e-05 0.0011605866892746212 0.00016456377503725646 0.0 0.0 3.155696766375374e-07 0.0 0.0 0.0 0.0 0.0 0.0 0.0 0.0 0.0 0.0 0.0 0.0 0.0 8.316268511080149e-05 1.6614246721440522e-07 3.2662346002183577e-07 0.0 0.0 0.0 0.0 0.0 6.689134585550502e-07 1.152878263223295e-07 0.0 0.0 0.0 0.0 0.0 0.0 5.302617482483163e-06 7.247170945482514e-07 0.0 0.0 0.0 0.0 0.0 0.0 1.9009514449482993e-07 2.654070859768936e-06 1.9131782057971632e-05 0.00011645351772196812 1.514845496843933e-05 2.390872240711907e-06 0.0 0.0 0.0 9.700240431851371e-06 5.951488470672868e-07 6.273684090631357e-07 1.5055322518800125e-07 7.664897554040764e-08 0.0 0.0 4.048470649595699e-06 1.2047363412032401e-07 0.0 2.7907504267013524e-05 1.3315220516586774e-05 3.2672417442800224e-06 3.0771217191693475e-07 2.3655878238412756e-07 0.0 4.510256032488312e-07 8.931417673187517e-08 1.577854200122316e-07 4.19981034549803e-06 3.1726479484589543e-07 6.725030994908482e-07 1.1897575230086804e-06 2.3268465103999253e-07 7.651083391921374e-08 0.0 0.0 0.0 0.0 0.0 0.0 0.0 5.065720990026966e-06 1.4774521527692164e-06 0.0 8.407848501775144e-07 0.0004066029554761256 0.0 1.3253536536089e-07 4.3552620430658425e-06 0.0 0.0 0.0 0.0 0.0 4.3188407558319207e-07 2.632485484510107e-06 0.0 0.0 3.8027750070411567e-07 1.1772445562845759e-07 7.631387568554942e-07 0.0 0.0 0.0 0.0 0.0 0.0 0.0 0.0 0.0 0.0 0.0 0.0 0.0 0.0 0.0 0.0 0.0 0.0 0.0 0.0 0.0 0.0 0.0 0.0 3.7151892108074726e-07 0.0 0.0 2.145923450258749e-07 0.0 0.0 0.0 0.0 0.0 0.0 0.0 0.0 0.0 0.0 0.0 0.0 0.0 0.0 0.0 1.0654751187369618e-07 0.0 0.0 0.0 0.0 0.0 0.0 0.0 3.065154169388548e-07 0.0 0.0 0.0 0.0 0.0 0.0 0.0 0.0 0.0 8.344072159315074e-07 0.0 0.0 0.0 0.0 8.379168264230551e-07 0.0 1.534906544912046e-06 0.0 0.0 0.0 0.0 9.54040419336634e-08 0.0 0.0 0.0 0.0 0.0 0.0 0.0 0.0 5.222221914534422e-07 6.883939813065e-07 2.052487695071744e-06
3.7711226157376875e-05 0.001163310284338025 0.000677069058843648 1.4924292454494402e-05 0.0 1.1996988758145295e-06 0.0020407395603189793 0.0001675330810206 0.0021261981360384875 0.000353367257273002 0.000724910279251812 5.197492708209761e-05 0.0009961860489792079 0.0022980499507092886 3.290293637504413e-06 4.2682157093496517e-07 6.215130720893439e-07 0.0 1.1509568768341141e-07 0.0 0.0 0.0 0.0 0.0 0.0 0.0 0.0 0.0 0.0 6.598071214270708e-08 5.882203095567584e-05 9.803115004285379e-06 7.386132320833038e-06 0.0 7.496716224798282e-08 2.769446172788086e-07 1.9509256504792977e-06 2.1267011253711131e-07 1.4910138969425615e-06 3.0883496721526825e-07 0.0 0.0 0.0 8.1560271617015e-08 0.0 9.016105895638831e-08 3.104137285399054e-05 1.1159134839226193e-06 1.7543772251476713e-07 0.0 6.386046591105009e-08 0.0 2.2414313826448868e-07 0.0 5.751419974943607e-07 4.165700692221304e-06 1.0850058844680511e-05 5.9381205895951526e-05 1.1322964128351666e-05 9.447989167427419e-06 6.571379628032099e-07 3.717414452709183e-06 0.0 3.9490991065849216e-05 1.8070493725526993e-06 2.3952919317786514e-06 3.1849798498724246e-07 2.142679240053711e-07 0.0 0.0 1.809694485555241e-05 9.254877630328234e-07 0.0 4.002018326701879e-05 3.904197652496905e-05 2.6340640662501076e-05 9.11999027734819e-06 5.940772936749123e-07 0.0 1.0308578490733998e-05 4.3756363536874045e-07 1.0592692532824265e-06 7.760304652509166e-06 0.0 1.9434300965838003e-06 2.393703115406577e-06 1.4032050212658558e-07 0.0 9.692533955906225e-08 0.0 6.72806542529831e-08 0.0 0.0 1.0935638269110081e-07 6.147352380289843e-08 2.6466821037356036e-05 6.73269860315406e-06 0.0 5.532898380473926e-06 2.9906435344481786e-05 0.0 0.0 2.301842099609844e-07 0.0 0.0 3.647249846877102e-07 5.407453631036519e-07 1.4262308599112302e-06 8.208942335347205e-07 8.199508943713773e-06 1.8888414966077817e-06 3.133689430678557e-06 3.020809593191491e-06 5.0753985924404916e-06 6.866843165310715e-06 2.7567435739950765e-07 4.1729026442735857e-07 0.0 0.0 0.0 0.0 0.0 0.0 0.0 9.41113498391841e-08 0.0 0.0 0.0 0.0 0.0 1.0139453273949878e-07 0.0 0.0 0.0 2.6129063276998386e-07 7.791745332246318e-08 0.0 0.0 0.0 2.504697456991122e-06 0.0 4.717616187978079e-06 8.320522352350805e-07 8.111576368278118e-07 0.0 0.0 0.0 0.0 0.0 0.0 0.0 4.746548060826598e-07 3.638121490007491e-07 0.0 0.0 0.0 1.3497233310685105e-07 0.0 0.0 0.0 1.6652348172072685e-07 0.0 0.0 0.0 5.609273447138899e-07 1.1165781162970837e-06 1.574948271106565e-06 4.784210015606927e-07 0.0 0.0 0.0 0.0 0.0 0.0 0.0 0.0 2.0251533856785442e-05 1.3920140322580263e-07 0.0 0.0 9.17160313451667e-08 3.7176201712463987e-06 8.035153058072582e-07 2.1788445821639563e-06 8.081934750083025e-08 6.297065100728934e-07 1.2149360558046974e-06 0.0 4.0316014757141427e-07 0.0 0.0 0.0 0.0 0.0 0.0 0.0 0.0 1.4222663344605852e-05 2.392455070929437e-06 5.093734479948137e-06
5.145521362878721e-05 0.0001736089016620643 1.1813912395719404e-05 0.0002487978700895363 1.1996988758145295e-06 0.0 3.172926230611606e-05 3.344227425149246e-07 1.6425737003631313e-06 0.00018605896531366392 4.803059950915859e-07 7.508097264694311e-05 5.4002132152972216e-05 1.678399430792496e-05 0.0 0.0 0.0 0.0 0.0 6.713826626951006e-08 9.963015070407659e-08 8.43200792348853e-08 0.0 0.0 0.0 8.468641920157467e-08 0.0 1.9442937950375138e-07 9.834162565004062e-08 0.0 2.0107655754456618e-05 0.0 9.083358681486817e-06 0.0 0.0 0.0 1.1849588057696333e-05 1.0759085842124243e-07 1.0376914141268149e-05 4.5181806540582884e-07 0.0 1.0009302005687292e-07 0.0 0.0 0.0 0.0 0.0 0.0 0.0 0.0 7.768738826976398e-08 2.6477460908824624e-06 1.7236288082244752e-06 8.607906209734733e-08 0.0 2.4178064988869936e-07 9.269815848434332e-05 4.160172832802757e-06 3.5776079031976812e-06 8.717963141727564e-08 0.0 2.8936410374817604e-06 0.0 0.0 0.0 0.0 0.0 0.0 0.0 0.0 0.0001376576107738563 9.02719525751057e-05 9.096851669492848e-06 2.0930443416077444e-07 4.5565927289996377e-07 0.0 0.0 0.0 0.0 3.2704635645748617e-07 0.0 3.532079935107825e-07 8.363840853008043e-08 1.8927256119269886e-07 0.0 7.330685046119574e-08 0.0 2.988490672664057e-07 6.487939243821156e-07 8.89838308990456e-07 0.0 0.0 0.0 0.0 0.0 0.00015998425249662596 8.796240706666169e-05 1.0486433403416985e-05 5.293749230903112e-05 0.00014240731065610167 0.0 2.967954989699642e-07 7.413677790770202e-07 0.0 0.0 9.011608664833481e-07 3.686962429757823e-06 1.4329259084155747e-06 5.444473977927269e-07 1.761533186399528e-05 1.381915537607236e-06 2.991671198011153e-06 3.080292160067046e-06 2.152262565821268e-06 1.219564897400088e-06 0.0 0.0 0.0 0.0 0.0 0.0 0.0 0.0 0.0 0.0 3.027594222489122e-07 0.0 0.0 0.0 0.0 0.0 0.0 0.0 0.0 0.0 0.0 0.0 4.976349077574837e-07 0.0 6.002107330051941e-07 0.0 0.0 1.722365206091263e-07 0.0 0.0 0.0 0.0 0.0 0.0 0.0 0.0 1.943173506309193e-07 1.5315345313650862e-07 0.0 0.0 2.1233877994064377e-07 4.3279531425719145e-07 8.970100288470341e-08 0.0 0.0 0.0 0.0 0.0 0.0 0.0 0.0 0.0 0.0 0.0 1.0278962403593801e-07 0.0 0.0 0.0 0.0 0.0 0.0 3.871797119319001e-06 1.1642337657186777e-07 1.1253722003741783e-07 0.0 0.0 1.2259254034176733e-06 0.0 0.0 0.0 0.0 0.0 0.0 0.0 0.0 0.0 0.0 0.0 0.0 0.0 0.0 0.0 6.367475223507337e-06 4.0630527951535397e-07 7.801073051330028e-08
0.00022360340463553692 0.0023105562061820815 0.00015758815627844866 0.0008060402555673113 0.0020407395603189793 3.172926230611606e-05 0.0 5.0025118801303074e-05 0.000812189560317099 0.0015573935254934695 0.0003544130961866643 0.0004064845284511327 0.0019919525182542806 0.0018501817021536764 3.235151952807624e-06 7.284244120715944e-07 5.343395960465301e-07 7.296144617104833e-08 0.0 0.0 0.0 1.517131536817573e-07 0.0 0.0 1.436985917261718e-07 0.0 0.0 0.0 0.0 0.0 4.506810415681054e-05 2.7845737300011085e-06 6.972604386266243e-06 0.0 0.0 0.0 2.968267475427911e-06 3.3137756666040057e-07 3.5770496414050916e-06 2.955390093613667e-07 0.0 0.0 0.0 2.782319366409396e-07 0.0 1.719510307456576e-07 1.8940758123524592e-05 6.959286884601724e-07 1.6303476460074189e-07 0.0 2.15524894833106e-07 0.0 3.2245768872789244e-07 8.078673565005116e-08 2.015479008490864e-07 4.3954188758204245e-06 1.5052983799080045e-05 8.984530567614139e-05 1.1969488274265297e-05 5.762298504663779e-06 6.61512762998985e-07 3.1912875645641917e-06 0.0 2.4566500550018818e-05 1.3023011734029246e-06 1.5699420690974247e-06 0.0 2.1172724031497505e-07 0.0 0.0 1.9978382531323787e-05 2.3045925684035736e-06 0.0 4.0169344557919415e-05 2.8123273568287264e-05 1.528713039385973e-05 5.210827036679725e-06 3.3455648970641237e-07 0.0 2.5488912688188394e-06 9.240994934142673e-08 9.799185019792567e-07 5.762481352071658e-06 0.0 1.5657363724794364e-06 1.7879725292001349e-06 2.2293633056574523e-07 0.0 0.0 0.0 3.711125606038104e-07 0.0 0.0 1.9973410659805205e-07 0.0 5.8448100714242725e-05 7.356923471998097e-06 9.870927707108267e-08 6.2279951573840715e-06 7.436886151603927e-05 6.101241645248242e-07 6.848012997003277e-07 9.031305154503338e-06 1.1066486617666118e-06 9.003989749618874e-08 1.385209674033383e-05 2.657546150346173e-06 1.0947609520576557e-06 1.425614918452484e-05 1.788732968074375e-05 2.1543578098102648e-06 2.0671655154551137e-05 1.3564291773899623e-05 1.1392916468951007e-05 1.670345533667325e-05 2.864952888906073e-07 1.438090182979197e-07 0.0 0.0 0.0 0.0 0.0 0.0 0.0 0.0 0.0 0.0 5.119632445930946e-07 0.0 0.0 0.0 0.0 0.0 0.0 1.1235220185529782e-06 3.147725387227225e-06 0.0 0.0 0.0 5.4829890707808985e-06 0.0 5.499059896825237e-06 1.9965598146429897e-06 4.793410713990833e-07 0.0 0.0 0.0 0.0 0.0 0.0 0.0 8.761347532389784e-07 1.0317601286104456e-06 0.0 0.0 0.0 3.102657744903295e-07 0.0 0.0 0.0 0.0 3.2526612063113876e-07 1.4064262651553542e-06 0.0 0.0 2.2032859559869303e-06 2.6131945039294817e-06 3.126488456928918e-07 1.5626363059145043e-07 0.0 0.0 0.0 0.0 0.0 0.0 0.0 5.000728696175728e-05 0.0 0.0 0.0 0.0 6.926279556301561e-06 1.1826198692365383e-06 1.8316370740103264e-06 6.571139547275593e-07 1.921529131468858e-06 1.39225373226972e-06 2.2705226130616285e-07 1.828092117708724e-07 0.0 9.633877044731908e-08 0.0 0.0 7.308939229227431e-08 6.088926031251732e-08 0.0 0.0 2.5178307807561685e-05 5.64240593471979e-06 1.2659736514535363e-05
9.080305243998687e-05 0.0001440832604837085 0.002040933251577072 2.9335742619810815e-07 0.0001675330810206 3.344227425149246e-07 5.0025118801303074e-05 0.0 0.0004781566356626518 6.0730294118232874e-06 0.0017391799532739981 6.560622727242146e-05 0.000344709147458987 0.0012508966894778494 3.447573694398759e-05 2.6325388057057902e-05 1.9795572838333784e-05 2.066028196857449e-06 1.975144648179527e-06 4.97712143957863e-06 1.2868537588190204e-05 5.122217703204967e-07 5.480144002765734e-07 1.144467187274663e-06 6.770476907203213e-06 5.3355493122599656e-06 5.466218790076157e-07 3.908386827962922e-06 1.946624693624576e-06 1.7954777286308706e-07 0.00040926845116038635 0.0008126897287748697 0.00023198068203642068 4.315121989523604e-07 1.6109445307915136e-06 1.1127461175392783e-05 3.067669803771994e-05 2.4099615344198272e-05 1.686900182191805e-05 9.045102701342175e-06 6.384305989755975e-06 7.2379519343307735e-06 6.2326640617946885e-06 0.00011818910507430102 1.948676458671283e-06 1.0816811039014659e-05 0.00010105073928546511 2.897333537686167e-06 7.580983893452157e-06 1.1169111495537122e-05 5.024438638591019e-06 1.934324589691036e-06 4.757776484452827e-06 3.6209209623769775e-06 7.390390803488717e-07 3.620587260701679e-06 7.898055761728901e-06 5.7641364814985024e-05 7.531043939089885e-06 1.788193099429083e-05 0.0002499625770628871 0.00011398800543168304 1.8717786346674467e-06 8.703755976399588e-05 2.4137424023222432e-06 5.544205840377395e-06 3.3462989096043447e-06 8.637807136299342e-06 2.758990896451826e-05 1.5635498978029677e-05 3.228523404028771e-05 4.302882995132403e-06 2.496509513366736e-06 3.990668856896519e-05 6.160523196842635e-05 9.387068205878797e-05 8.697675132205782e-05 0.00025232504611078643 0.0005740013292466179 0.0009054392441871224 0.0005413772636133995 0.0008859536968891667 6.268490715530223e-06 7.4194683905497e-08 2.863363104807602e-06 3.270252912219456e-06 5.488706408912801e-06 9.684745609250238e-08 7.915305854930574e-07 0.0 1.7721351790474368e-06 3.662278902234367e-07 1.7274351431955088e-05 2.1268367709985395e-06 3.9572586450598895e-06 7.353371566574859e-05 1.3405011808873164e-05 0.0 4.626637786248848e-06 3.233645405342008e-05 1.1476967493806813e-07 0.0 1.5118833926328452e-07 0.0 0.0 0.0 0.0 0.0 0.0 9.63000021644536e-07 2.1892074723580025e-07 0.0 1.561906989226966e-06 8.369461386771477e-07 9.668925873833223e-07 2.1132892836031577e-07 9.078974267484539e-08 0.0 0.0 0.0 0.0 0.0 1.2232287994386082e-07 0.0 0.0 2.0947069272871593e-06 6.315299128423103e-07 9.855370421205466e-07 0.0 1.1281514259774645e-06 4.765755737615214e-07 3.113962444406877e-06 5.736589594344535e-07 5.954059873066228e-07 1.9954054016608865e-07 1.7360374878869264e-07 0.0 4.255665990174937e-07 0.0 6.493416205061699e-07 4.4472113546421213e-07 7.962414458667172e-07 2.4354407794684247e-06 1.9294378040617064e-06 4.0369577091205215e-07 1.4463167457613974e-06 7.47159150922383e-07 0.0 0.0 7.425464698290161e-07 0.0 1.7007608464730536e-07 4.275575453685929e-07 0.0 5.294363855090571e-07 8.467116032441829e-07 5.033181089441098e-06 3.445125159942694e-06 0.0 0.0 0.0 0.0 0.0 0.0 0.0 7.011207362425872e-07 1.3085315440166145e-06 1.0909234674016831e-07 0.0 8.341173316383328e-08 1.0274196747695935e-07 0.0 0.0 5.156935072794874e-07 4.0642667365293876e-07 3.910980144335466e-07 4.9109033700624475e-06 0.0 7.149357867665355e-07 0.0 7.454599185548051e-07 2.6580016797850916e-06 4.240694681114171e-07 7.542656682298924e-07 7.642783366542929e-07 3.095355059407606e-07 4.0643001045816685e-07 0.0 7.431678136335956e-08 5.377021755831465e-07 9.138122974041123e-08 0.0 0.0 2.2335318796562623e-07 1.9626787986259173e-07 2.3753191324257942e-07 8.835138097982239e-07 2.426325235719364e-06 4.426478699694923e-06 5.284521189224763e-06
1.7435502741868557e-05 0.0005514015053580568 0.00046477531503869495 3.7616708970584873e-06 0.0021261981360384875 1.6425737003631313e-06 0.000812189560317099 0.0004781566356626518 0.0 6.099982316975546e-05 0.0008112445204565783 3.2041029071841804e-05 0.00012980866905695855 0.0005908710115494132 7.719746525298894e-06 2.0235291859507463e-06 1.715999808560466e-06 0.0 7.704598132883657e-08 0.0 0.0 0.0 0.0 0.0 3.6501163264998233e-07 1.3491824619104612e-07 0.0 2.4719685589110366e-07 1.920054945725832e-07 8.603671481324822e-08 3.9947005943827416e-05 1.722938061515212e-05 1.64305327066406e-05 0.0 0.0 0.0 4.9127799290381285e-06 3.889489690873537e-07 2.61971591693515e-06 5.504988394972294e-07 4.6568592840808606e-07 2.623293099054597e-07 1.9767657220981804e-07 4.206044417797393e-07 1.425550458355799e-07 2.2113239866296828e-07 3.5230730971754866e-05 8.144476157321359e-07 5.441851492271622e-07 3.259600333392765e-07 1.4998301223881034e-07 0.0 3.0652561772694497e-07 0.0 8.63120673460953e-08 2.2107170582467383e-06 5.101036472699793e-06 2.3919541704580355e-05 6.019024863812754e-06 9.297984526768034e-06 4.131167354578691e-07 1.3593893524940017e-06 0.0 1.7937565579587468e-05 1.4712491323245268e-06 1.4634730858412197e-06 1.580752461360601e-07 6.278619653901612e-07 3.657590558685844e-07 0.0 3.0269968359942178e-05 7.234066713793982e-07 1.0420050566583377e-07 2.387377522101822e-05 2.3385061962714247e-05 2.7311866496014432e-05 1.0721947596544807e-05 9.074290101552704e-07 5.030064820069162e-07 6.175062613842752e-05 5.901424758382297e-07 1.7809580357984557e-06 3.7686347831288933e-06 0.0 4.0474443202260037e-07 9.74307396938046e-07 6.266870820862862e-07 0.0 1.4419370276117997e-07 0.0 2.2872293781283435e-07 0.0 0.0 2.7637332026452776e-07 0.0 6.43632604398235e-05 7.2338231534529455e-06 0.0 5.098205354751494e-06 1.7993921517659322e-05 0.0 0.0 3.8669447329258186e-07 0.0 0.0 1.8869816005057507e-06 1.0720370123195257e-06 1.8044290497391102e-06 2.09918217007961e-06 1.5255078877817193e-05 4.487813727572428e-06 5.139612252045969e-06 1.1599200142518336e-05 8.8722751220054e-06 1.732256945204037e-05 1.9867065460917906e-07 0.0 0.0 0.0 0.0 0.0 0.0 0.0 0.0 0.0 0.0 0.0 8.107311286045693e-07 0.0 1.104354727155055e-06 0.0 0.0 0.0 0.0 9.270420479656913e-07 1.0066509336752062e-06 0.0 1.6525957816453863e-06 0.0 4.755793427980333e-06 4.816687759602223e-07 4.821992042494242e-06 2.086153865252355e-06 4.914846310455122e-07 0.0 9.561703692728769e-08 0.0 0.0 0.0 0.0 0.0 2.856832342401548e-07 1.1165651022278818e-06 0.0 0.0 0.0 2.6983763990465093e-07 0.0 2.716900903303561e-07 0.0 0.0 4.4726491799432874e-07 2.0052433187927874e-07 0.0 0.0 2.5888125421615593e-06 3.899454332570392e-06 3.2757442307122887e-07 0.0 0.0 0.0 0.0 0.0 0.0 0.0 0.0 4.58551613767946e-05 3.2338413604188546e-07 0.0 0.0 0.0 7.554561911557361e-06 7.902133300700766e-07 9.400095499617053e-07 1.2611753503897214e-06 9.488020740426952e-07 1.170311811966924e-06 1.3626439062664357e-07 1.1068691658940296e-07 0.0 0.0 0.0 7.366083737398208e-08 1.2763381529384738e-07 0.0 0.0 0.0 2.1476711995628185e-05 6.999243810465598e-06 1.2621181882390627e-05
0.0004961909395937906 0.0014086250263241303 2.0339335979529855e-05 0.0008625708333469977 0.000353367257273002 0.00018605896531366392 0.0015573935254934695 6.0730294118232874e-06 6.099982316975546e-05 0.0 6.588902873907706e-06 0.0018705179847343211 0.0053591835409306015 0.0005688672080063537 2.6841938028639666e-06 3.4666260944632e-07 6.427667234306489e-07 0.0 0.0 7.450243147610517e-08 0.0 0.0 0.0 0.0 0.0 1.2332097073999347e-07 0.0 8.587241919633791e-07 0.0 0.0 5.7837066929209356e-05 1.7614724152970218e-06 6.403962150089238e-05 0.0 0.0 0.0 2.5577044906108636e-05 7.277091829421021e-07 8.15168275763322e-06 4.2919484324673867e-07 0.0 1.6125395236905393e-07 9.469543353340393e-08 5.881387110784571e-07 0.0 0.0 1.8587735267178685e-05 1.5960300901989294e-06 0.0 3.5486483100115937e-07 0.0 1.0032385717544108e-07 1.1959986285108225e-06 0.0 6.979357794489283e-07 5.857496225214274e-06 2.578642750929458e-05 0.00011134314001374384 1.4984275542154171e-05 9.074436170069361e-06 8.842995507516635e-08 1.4689832586056206e-05 0.0 3.71139687931334e-05 2.495352080866748e-06 2.0877545428829507e-06 0.0 9.141854273199505e-08 0.0 0.0 0.0001275102214877208 9.317514615090647e-06 1.4897082859650837e-07 4.9552295409495256e-05 4.817347908706525e-05 1.5947387053283055e-05 4.8477014075920115e-06 1.466073974805026e-07 0.0 4.655765113389024e-06 0.0 1.6675654778288234e-06 7.235748342002129e-06 0.0 1.272928572570055e-06 2.224573319108472e-06 9.149173034587257e-08 0.0 2.2594809077488696e-07 0.0 9.541342306278324e-08 1.4465132100844305e-07 0.0 6.581817112480578e-07 0.0 0.00027298806707821716 3.8236495698103154e-05 4.3487272140936705e-07 2.0235705581050765e-05 0.00032872437792819185 1.0150069232529018e-06 2.097710963135926e-05 8.295169586498285e-05 7.260766951400826e-05 1.0886596010540366e-06 3.114907396976361e-05 2.267356416410961e-05 1.3714814238079687e-05 6.597493450411557e-05 0.00012480134957765885 1.3921291292994689e-05 5.05454382787275e-05 6.116971348795132e-05 3.386101917791498e-05 5.6247721840082226e-05 1.5634312217602915e-06 7.336315310028205e-08 0.0 4.7463435162525533e-07 0.0 0.0 0.0 2.0127938585848955e-07 0.0 0.0 0.0 0.0 3.106620875347254e-07 0.0 0.0 0.0 0.0 0.0 0.0 3.8793105206275645e-06 3.2095271606512385e-06 0.0 0.0 0.0 2.038829772114806e-05 1.1139749217119155e-07 1.2974326614093252e-05 6.7834034791319285e-06 2.3979443746476378e-06 0.0 0.0 0.0 9.920423475054156e-08 0.0 0.0 0.0 9.018883852092746e-07 2.3239166209016255e-06 0.0 0.0 2.2789188822675692e-07 1.7406901894905402e-07 9.509806059593347e-08 8.384570821589065e-08 2.1881665583467554e-07 4.188198326761754e-07 4.2386444231823457e-07 7.4229537179832295e-06 3.20707595199168e-07 7.69320106574629e-07 5.197783576093701e-06 8.822531885796025e-06 1.9030169644013422e-06 8.455047109354812e-07 2.785345177159729e-07 0.0 0.0 0.0 1.5103757489394573e-07 0.0 0.0 0.00015085462588008324 1.2605672057386275e-06 0.0 0.0 0.0 2.220055868638353e-05 3.0290149294504182e-06 7.478826660108472e-06 3.4380492026944763e-06 5.164440039548225e-06 3.2304647673579045e-06 0.0 4.0898131269832196e-07 0.0 0.0 0.0 0.0 1.7931313887264292e-07 1.596676848719716e-07 0.0 0.0 0.00010072688406761638 2.341433716690894e-05 3.76096458476097e-05
4.260054636790378e-05 0.0002955780503950089 0.0015185152214700856 1.7841832616441143e-06 0.000724910279251812 4.803059950915859e-07 0.0003544130961866643 0.0017391799532739981 0.0008112445204565783 6.588902873907706e-06 0.0 0.00016164818047601138 0.0007035387565984317 0.00218331444239344 1.4385000489524657e-05 7.505533872748749e-06 4.831743361333885e-06 5.865762242677626e-07 0.0 3.257441933358064e-07 5.398297881692927e-07 1.8036904735492664e-06 0.0 0.0 2.2203954221498885e-06 2.978624580416062e-06 6.525390572686691e-07 4.2654515231664425e-06 2.3909003999636344e-06 1.9549085902297286e-07 0.00014456720894279046 0.00012200404086969133 0.00038606478011915367 1.9379618501689567e-07 3.209546615653511e-07 1.6700966587632847e-06 0.00012391364900272075 1.6989776434812324e-05 3.252288154130949e-05 7.729624367754845e-06 2.727199563963058e-06 3.944605035432701e-06 1.247823327862241e-06 5.719200397083391e-07 3.478028238198062e-07 7.102075549108251e-07 3.944443552039277e-05 7.166028091806356e-07 1.11252062988532e-06 4.920087368555846e-07 4.940103017564429e-07 6.751146969024941e-07 6.174074865027578e-06 7.396292242313509e-07 2.163531099855824e-07 1.2655008282679655e-06 3.6390292490969577e-06 2.7548575741344924e-05 5.132049898588442e-06 5.381258557185351e-06 5.217664933234189e-06 2.0150162184599035e-05 2.166267174380408e-07 1.8217294477914562e-05 1.0500252187355337e-06 1.357002214725322e-06 3.3137951797756246e-07 3.287848478456869e-07 1.0445544869031669e-06 9.509362068837481e-07 0.00015146999452941213 5.835010076475655e-06 3.8666001588708866e-07 1.7773455824314794e-05 1.9834398661259048e-05 2.700349437171135e-05 1.731388969188122e-05 2.7879256909879664e-06 1.7772375355148068e-05 0.000606539035700608 1.3497364244595482e-06 7.852571298493135e-05 2.253297971593017e-06 0.0 9.407705742310941e-07 9.365906572097579e-07 5.328231846462196e-07 1.7160701194357636e-07 2.4113573692262745e-07 0.0 2.443967950856007e-07 0.0 1.9328601975506757e-06 1.1497478163952326e-06 3.5533989476418703e-07 0.00011798990385708431 1.569912753862144e-05 5.971848323567816e-07 1.0695894947693966e-05 2.321657063316102e-05 2.650124767655318e-07 0.0 3.165930605230614e-07 0.0 0.0 1.777265170713605e-07 0.0 0.0 1.4147491510868886e-07 3.1410276735091964e-06 1.3799361722441712e-07 1.8579255202385351e-06 1.1702328867402531e-06 1.796971691951636e-06 3.1978342970998634e-06 9.161136882682384e-08 1.5201607848474583e-07 0.0 0.0 0.0 0.0 7.848080228879186e-08 0.0 0.0 0.0 4.827030163610129e-07 6.128577642081296e-07 6.901801556942914e-07 0.0 6.703614469397566e-07 1.254492496295609e-07 4.4186714109845363e-07 1.0270130181578031e-07 0.0 4.388300666474311e-07 0.0 0.0 0.0 0.0 1.4443757933193732e-06 0.0 2.3238000389554155e-06 3.076244239868686e-06 1.6670346878320496e-06 0.0 4.4972117681076846e-07 9.783267559873778e-08 0.0 6.773380403682664e-08 0.0 0.0 7.753018296735422e-08 3.6018887560655065e-07 0.0 9.08212598842898e-08 1.2017309954865573e-07 1.5015753878610854e-06 6.100652019601758e-07 0.0 0.0 0.0 2.7262749992206356e-07 0.0 0.0 3.634809221667293e-07 3.156275604252183e-07 9.8391947951516e-07 2.792868112952961e-07 6.758797877380012e-08 0.0 0.0 0.0 9.631025689139224e-08 0.0 0.0 0.0 1.0440395877141752e-05 7.67299292908271e-07 2.017876643182488e-07 0.0 2.757053299323458e-07 2.3579914571805357e-06 3.6555885813114393e-07 1.1179688924856526e-06 2.652685540922674e-07 8.716067508494422e-07 5.834448678826488e-07 0.0 2.434407871674476e-07 7.979097162777008e-08 0.0 0.0 0.0 0.0 1.7389645693922367e-07 0.0 0.0 4.68756854245776e-06 2.463597006389147e-06 6.927099500830619e-06
9.152272820881707e-06 2.935953525206711e-05 1.671303208401655e-05 1.938162803050274e-05 5.197492708209761e-05 7.508097264694311e-05 0.0004064845284511327 6.560622727242146e-05 3.2041029071841804e-05 0.0018705179847343211 0.00016164818047601138 0.0 0.001757953483643662 0.0004873597439814225 1.3062407341565788e-05 1.3466048882782731e-05 7.71264136703884e-06 3.527154049101543e-07 0.0 0.0 4.7053784944649855e-07 1.0716810476489656e-07 8.273573132623049e-08 1.1025331170591287e-07 6.010194138335619e-07 1.8720119307629257e-07 0.0 0.0 2.930800959074873e-07 0.0 8.162086022641712e-06 7.857584179929663e-06 2.766998546302636e-05 1.3295644797056058e-07 0.0 6.720676226120321e-07 1.9304157206709215e-05 2.785540911721872e-06 6.0495478269259755e-06 1.9594414418274963e-06 0.0 0.0 2.5677007076865093e-07 3.521855350466767e-07 2.729454641451293e-07 4.21000114961326e-07 1.085808861527609e-05 0.0 1.890765833769256e-07 0.0 0.0 0.0 1.3573445413282386e-06 0.0 2.3085767878796234e-07 4.090958428530445e-07 2.377279656208784e-06 5.539090824673836e-06 6.248819180509924e-07 5.339939432146305e-07 2.74465661841071e-07 5.4937249692639675e-06 0.0 4.12986574142174e-06 0.0 5.118728652933271e-07 7.448038000573893e-08 9.197340426188776e-08 3.35859599402e-07 1.228390429941036e-07 8.770457384532717e-05 2.292846728442096e-06 1.5783650327451897e-07 3.894907821752491e-06 4.611536447546635e-06 6.383995376023031e-06 7.351632737275639e-06 2.2441831523167237e-06 0.0 8.797257367761701e-05 1.1384671778485254e-07 1.8338683549478067e-06 2.026966343877428e-07 0.0 4.736108672654059e-07 2.2354583426429383e-07 9.112751620438399e-08 0.0 1.806644022107139e-07 0.0 0.0 0.0 1.375508215842131e-07 0.0 2.3207530069699326e-07 0.0007829506439638743 3.137422840855396e-05 9.625797851344474e-08 7.851545170600903e-06 4.118405380747486e-05 7.92550209523562e-07 2.7664433177770488e-06 1.9105484669528464e-06 1.5710354835877598e-07 5.318927712404342e-07 1.5796700810664453e-05 8.978221770972533e-06 5.407992617622997e-06 8.834302934236937e-06 8.861133563721614e-05 1.2582059057359447e-05 3.026067704958112e-05 3.614465376976444e-05 3.4370078545283814e-05 5.861779058087128e-05 1.1266737024805597e-06 7.282864819752958e-07 0.0 1.0599347529089629e-07 0.0 0.0 0.0 4.4220840478876965e-07 0.0 0.0 3.0720852056426676e-07 0.0 1.1026037663742593e-07 0.0 3.629301007623425e-07 0.0 3.2471116920316536e-07 3.556347340280412e-07 1.8641348494132362e-07 2.6605982642172725e-06 5.922067647451925e-06 0.0 1.1127172369876576e-06 0.0 1.5291597836671657e-05 1.0626506479585063e-06 9.390347834869982e-06 5.876824254380364e-06 1.3208810019964207e-06 0.0 0.0 0.0 0.0 0.0 0.0 2.0198789907254602e-07 1.2482183241641623e-06 3.6351226328169816e-06 2.4495898595312596e-07 8.979645349384286e-08 4.843270727806942e-07 1.9211037919206638e-07 1.7191905875768766e-07 1.906470446761843e-07 1.2676051360987387e-07 0.0 8.746390607021918e-07 1.0576185447258998e-06 0.0 1.6730087801703534e-06 0.0 5.318031100676873e-06 1.8966927613439633e-07 2.6659759145193317e-07 3.663856349143302e-07 0.0 0.0 0.0 0.0 0.0 0.0 0.00015241312720744047 1.9547642244884818e-07 0.0 0.0 1.6962830759580998e-07 2.0467332977781323e-05 3.403581522379458e-07 5.026503782587372e-06 2.7127241115625576e-06 3.0777047187984774e-06 3.7760462981833695e-06 1.0545893072722588e-07 1.0973030688292192e-06 0.0 0.0 0.0 0.0 0.0 0.0 0.0 0.0 9.430006181709844e-05 1.6195172085875108e-05 2.7838786676551643e-05
