0.0 0.0021919473422957873 0.00025113067119316487 0.0015849805205584108 6.423580734577965e-05 0.00015586510343814643 0.0005014423336833058 4.915312978866193e-05 2.4642576078366525e-06 0.001155770578504309 5.6276509075609834e-05 1.9330962160403484e-05 0.00018081833640585675 1.7208758395565154e-05 4.5220731536296246e-07 8.47582378278662e-08 7.67572363052335e-08 0.0 0.0 0.0 0.0 0.0 0.0 0.0 0.0 0.0 0.0 0.0 0.0 0.0 0.0006213573918293729 7.607978833965678e-07 4.924435346743689e-06 0.0 0.0 6.606078416927489e-07 3.4782149328078927e-07 9.132071615744518e-08 0.0 0.0 0.0 0.0 0.0 0.0 0.0 0.0 9.62413430896017e-06 1.051858087677846e-06 2.384770205971437e-07 5.957861917350797e-08 4.837824759976277e-07 0.0 0.0 0.0 2.7124909181183086e-06 3.5504242385472133e-06 0.00017979745299457603 0.0003145168158022442 6.265582921415807e-05 2.676452102226281e-06 3.5559209316349244e-07 1.7635000827008901e-06 3.167445272819113e-07 1.3988849008860749e-05 1.7438798737789506e-06 3.4971318970624796e-06 2.6705617617399503e-07 7.09658188533703e-07 1.030376177590781e-06 1.3698038115378432e-07 1.2384664662086187e-06 1.1310318770755415e-06 0.0 6.320733665929328e-05 6.840614021305407e-06 1.152855283767369e-05 2.661855430454018e-06 2.1366075257561328e-07 4.634372619610132e-07 1.6028927430096855e-05 0.0 3.7638093431932895e-06 4.599176919428995e-06 3.6930591250154643e-07 1.3940622505946269e-06 4.408501515925687e-07 6.21486329881408e-07 0.0 1.7776140123576794e-07 0.0 1.4024641929650958e-07 0.0 5.389661983652496e-07 9.579051265111684e-08 0.0 7.294484646656727e-06 6.335226851436107e-07 1.6436708176377594e-06 0.0 0.0016416769412170218 0.0 3.28549416423224e-07 1.3872342544510222e-06 4.349161375580054e-06 0.0 7.029929000595124e-06 1.1155393159017039e-07 5.382923912754847e-06 8.651658105010153e-06 3.7517325727473766e-06 0.0 3.5179847076752307e-06 6.638323200422914e-06 2.5697740432209328e-06 0.0 0.0 0.0 0.0 1.4234823344324839e-06 0.0 0.0 0.0 0.0 0.0 0.0 0.0 0.0 0.0 0.0 0.0 1.6701606836806644e-07 1.9176155425453662e-07 4.865844238368691e-07 0.0 0.0 0.0 0.0 1.1396823289598579e-06 0.0 2.1604160461433152e-07 0.0 0.0 0.0 1.6333471888454153e-07 0.0 0.0 0.0 0.0 0.0 0.0 0.0 0.0 0.0 0.0 0.0 0.0 5.249718707477798e-07 0.0 0.0 0.0 0.0 1.0087150252866398e-07 0.0 0.0 0.0 1.1134809840475523e-06 1.998710673285944e-06 1.1469130556830218e-06 0.0 0.0 0.0 0.0 0.0 0.0 0.0 0.0 8.442537112231767e-08 0.0 0.0 0.0 0.0 0.0 0.0 9.54841948025726e-07 0.0 0.0 2.857242829113437e-07 0.0 9.652391663754425e-08 0.0 0.0 0.0 0.0 0.0 0.0 0.0 0.0 4.401979698429271e-07 2.4231081896104745e-07 0.0
0.0021919473422957873 0.0 0.002343600312322391 0.0006914592062700997 0.00222050123400207 0.00016805316025660588 0.002889595860695401 0.0008391495882968997 0.0003860800335944924 0.0009021785577424659 0.0011322960273909986 3.9345798516999136e-05 0.0006908541274403238 0.0005034571870524364 3.1235052534188736e-06 1.8716247245408484e-06 1.9975053650039288e-07 0.0 0.0 7.392598014680618e-08 7.685085799056726e-08 0.0 0.0 0.0 2.39655278195416e-07 0.0 0.0 0.0 0.0 0.0 0.001061527592405421 6.202278730008551e-06 4.189047828135522e-05 2.094991174711379e-07 0.0 8.297200894770203e-07 6.510783390919386e-07 1.6804292986932712e-07 0.0 0.0 0.0 1.363771245867389e-07 1.8485000220434942e-07 4.775810672702475e-07 1.5128523892302677e-07 2.5510079165032936e-07 6.568542051203403e-05 3.576029912781514e-06 1.212612843944934e-07 8.493870770732466e-07 7.607333986606829e-06 1.1098842666491634e-06 0.0 0.0 5.8376981537678985e-06 7.078947722993484e-06 0.00017521079977845196 0.0003315680990839856 8.322740643710044e-05 2.1413920103109985e-05 4.445972438881024e-06 2.7147912614734124e-06 1.5077442667858274e-06 0.0001247261530346367 6.206521622442591e-06 9.260894569313685e-06 1.6036837014930423e-06 5.298263083708039e-06 1.2960342039365379e-05 1.34639195067947e-06 1.6016198659213993e-06 1.9535384060470813e-06 1.7264692699834476e-07 0.00017451167517003362 4.317288608879209e-05 0.00013313881429556456 3.0805677230000636e-05 2.467896693916778e-06 3.1855106142883207e-06 0.00017979147002085094 1.6155118454491794e-06 1.5274834741512894e-05 1.1240383939144345e-05 7.482812191182288e-08 7.113379008869231e-06 1.031320032972328e-06 2.8886131824415904e-06 0.0 2.1925578674254203e-06 6.80023658572727e-08 8.436823481433635e-07 7.142719882456294e-08 5.3533858820870755e-06 7.048556657055984e-07 1.766088549468433e-07 3.0452566617419387e-06 0.0 0.0 1.093319621079644e-07 0.0009061149508398067 2.2975733650883602e-07 1.107116803313997e-06 1.7169938921453086e-06 5.818700566778166e-06 1.7748299267429026e-07 1.1983996181004615e-05 2.3035048635555562e-07 6.799730635587344e-06 1.2051367145886154e-05 4.7575982515480605e-06 0.0 5.578913129177378e-06 1.8447490087147976e-05 5.329905964632804e-06 1.2167662146999762e-06 3.843580125096995e-07 0.0 0.0 6.867212791938861e-07 0.0 0.0 0.0 0.0 0.0 0.0 0.0 0.0 1.5623119763612704e-06 2.611430195325765e-07 0.0 0.0 1.7741086531603846e-07 0.0 0.0 2.8630506840229415e-07 3.01550517924645e-07 0.0 1.198716454424604e-06 0.0 1.0773832064381599e-06 0.0 2.2919230650585666e-06 7.803429937716412e-07 2.4625668611439845e-07 0.0 0.0 0.0 0.0 4.6273581579857926e-07 0.0 0.0 0.0 2.0227749147530384e-07 0.0 0.0 0.0 1.2951428072879839e-06 0.0 0.0 0.0 0.0 5.925202822658772e-07 1.7916622951227223e-07 0.0 0.0 4.0138500544135055e-07 6.726128076339764e-06 7.986016906038437e-07 0.0 0.0 0.0 0.0 0.0 8.218896681038694e-08 0.0 0.0 2.085191855431128e-06 0.0 0.0 0.0 0.0 7.569217631412994e-07 1.753281790733239e-07 1.1822764116153982e-06 8.444959098856167e-08 1.7082735471429983e-07 3.681636542456387e-07 0.0 2.107742486855896e-07 0.0 0.0 6.412233860595227e-08 0.0 0.0 0.0 0.0 1.1917381383625415e-07 1.563727613213679e-06 7.050409263342576e-07 9.689639607192575e-07
0.00025113067119316487 0.002343600312322391 0.0 7.731043331560449e-07 0.0016809540770273436 7.408816844309171e-07 3.423778171352071e-05 0.003982013802907177 0.000545586152665817 5.305148149483345e-06 0.0030528531951070042 5.455066983213495e-05 0.0003798736418562733 0.0010674312807460455 3.2918787338703416e-06 5.857616323777965e-06 8.7967690619239e-07 1.058920866209947e-06 1.8909253201300744e-07 2.7269072948901292e-06 1.832493749376795e-06 0.0 1.2155922208743415e-07 0.0 1.8250462896510863e-07 0.0 0.0 1.004304447857378e-07 0.0 0.0 0.0025454364726498523 0.00034133768161486 9.438869748740008e-05 3.6678672531324694e-06 2.92669079520751e-07 1.7082489880465583e-06 1.4972582871006553e-06 1.0410794576117562e-07 1.2727750852756878e-07 1.0230491387358998e-07 3.8464997858142916e-07 2.7297631042961994e-07 3.3038548289823603e-06 4.202169855132521e-06 9.371344008326845e-07 1.1322725963109949e-05 6.507263434295825e-05 6.311101411086992e-06 1.567589825030906e-06 1.7947739820640117e-05 6.446139921037352e-05 1.942870727650309e-06 0.0 0.0 3.030379212645621e-06 4.297635426197326e-06 0.0001368240105588572 0.0005536246597011874 5.7065282083050674e-05 1.461663611852181e-05 4.410361110354318e-05 1.725247103130445e-05 3.502457484778784e-05 0.00020576799915121666 6.276385221561271e-06 2.855228746329093e-05 9.885997002429431e-06 0.00010495294648653462 0.0002127631962787384 2.5315858086578166e-05 2.1730742629941812e-06 1.0431392867578073e-07 2.1000378672463393e-07 0.00010893272000212558 4.0096320527026663e-05 9.429448094437104e-05 3.960620737220175e-05 1.3329966392515948e-06 6.0704477316340106e-05 0.0009035027224709222 5.845039449649092e-05 0.0001282844482501119 6.4833887745482325e-06 0.0 1.881360042488245e-05 2.309006364353978e-06 3.3923562699485376e-05 8.507513731901104e-08 1.0752790182649286e-05 0.0 6.773976197214451e-06 4.6358271568079614e-07 4.835821355339674e-05 4.503652193636541e-06 5.834267080134759e-07 2.064910440066571e-06 4.248393870501688e-07 0.0 1.5944500017744563e-07 0.0003487351350196402 0.0 2.603482265782437e-07 3.411168424062555e-07 0.0 0.0 2.124089399278673e-06 0.0 1.5075666329877847e-06 9.438692139506909e-07 2.4842894082648274e-07 0.0 9.264300153891742e-07 2.3543244771819886e-06 5.367918731792096e-07 3.377744306790304e-07 9.631320789537928e-08 3.6500936320855394e-07 0.0 0.0 0.0 0.0 0.0 0.0 0.0 0.0 8.443965388333381e-08 0.0 0.0 0.0 0.0 0.0 0.0 0.0 0.0 1.3957174892438353e-07 0.0 0.0 2.0111330023257784e-07 0.0 0.0 0.0 1.0797208183244654e-07 1.0820546050978699e-07 1.7617566383518923e-07 0.0 0.0 0.0 0.0 3.544800673366152e-07 0.0 0.0 0.0 0.0 0.0 1.5243841103317533e-07 8.34701105876251e-08 2.3002897216398426e-07 4.459025233089152e-07 0.0 0.0 0.0 0.0 0.0 0.0 0.0 0.0 1.1557030247586886e-06 2.2267638576605683e-07 0.0 0.0 2.2652229698748081e-07 5.9537502134219134e-08 0.0 8.992151910219656e-07 0.0 0.0 4.704017397705922e-07 0.0 0.0 5.846265710659634e-08 7.171581938470322e-08 2.110655655409095e-07 0.0 1.033554536425401e-06 0.0 6.198355187711383e-07 2.28878192211598e-07 0.0 0.0 0.0 0.0 0.0 0.0 7.011631567183803e-07 3.6844640846290466e-07 4.2063631322259794e-07 8.606122685997544e-08 1.0345316188197785e-06 0.0 8.66707825808351e-08
0.0015849805205584108 0.0006914592062700997 7.731043331560449e-07 0.0 8.86934798820588e-06 0.0006686861470626599 0.00043135474921235796 1.7633907920897727e-07 7.530548284209104e-06 0.002520308452347129 6.12409149805554e-07 7.151420760324383e-05 0.0007478207215315668 1.6924446170042765e-05 0.0 7.134879570768287e-08 0.0 0.0 0.0 0.0 0.0 0.0 0.0 0.0 0.0 0.0 0.0 0.0 0.0 0.0 4.402255273833731e-05 0.0 2.8285905577317283e-06 0.0 0.0 0.0 0.0 0.0 2.0910612513772464e-07 0.0 0.0 0.0 0.0 0.0 0.0 0.0 3.1569379391779746e-06 7.045499959037046e-07 1.9722298494824045e-07 0.0 0.0 0.0 0.0 0.0 9.86766854992595e-07 6.774701032714027e-07 4.613705871496038e-05 4.246415073506537e-05 1.8722291268871253e-05 1.9652602773710867e-06 0.0 9.240983809728764e-08 0.0 9.963667566322958e-06 8.189178302731316e-07 1.682012924678319e-06 9.701563080682618e-08 1.4256769549423265e-07 9.014948881254774e-08 0.0 2.02032489484709e-06 1.0721662788327115e-06 0.0 2.789078244546138e-05 3.4780747079121677e-06 6.16312590374083e-06 1.0213722653884929e-06 1.2547166921767033e-07 6.713849861645317e-08 0.0 0.0 1.969756042521152e-07 1.226221712478863e-06 0.0 6.065621898427515e-07 4.243109833805371e-07 7.375905549512717e-08 0.0 0.0 0.0 0.0 0.0 0.0 0.0 0.0 2.4914034982884903e-06 1.7260201759941514e-06 0.0 1.053379383038754e-06 0.0005346794576326358 0.0 1.1385104290033638e-06 1.0909527067229496e-06 2.3099240229760685e-06 1.565613212561241e-07 6.681456559660752e-06 1.304842983619019e-07 6.704994795464774e-06 4.175320434325706e-06 2.993959991030215e-06 6.861903722393589e-07 3.2309901655969074e-06 1.1857979462442511e-05 3.1135173221495774e-06 0.0 7.054422005634935e-07 2.0241011878439544e-07 0.0 0.0 0.0 0.0 0.0 0.0 0.0 0.0 0.0 0.0 0.0 0.0 0.0 0.0 0.0 0.0 0.0 6.646737846379348e-07 0.0 0.0 1.3397535140299417e-07 0.0 1.9653544722384766e-07 0.0 1.0251120560464954e-06 0.0 1.7157646271928915e-06 0.0 0.0 0.0 0.0 0.0 0.0 0.0 0.0 0.0 0.0 0.0 0.0 3.055378530450739e-07 0.0 0.0 0.0 0.0 0.0 4.4269461050565685e-07 1.3789772978966182e-07 0.0 0.0 3.000467514068022e-06 9.983428163906924e-07 0.0 0.0 0.0 0.0 0.0 0.0 0.0 0.0 7.681140083972085e-07 0.0 0.0 0.0 0.0 0.0 1.4623430016181907e-07 2.3993813652125933e-06 0.0 2.0941047311161289e-07 0.0 4.6089592479554583e-07 5.908063392463495e-07 0.0 0.0 0.0 0.0 0.0 0.0 0.0 0.0 2.9160753231681634e-06 1.1785444466470926e-06 1.5428957617631308e-06
6.423580734577965e-05 0.00222050123400207 0.0016809540770273436 8.86934798820588e-06 0.0 2.030913912779937e-06 0.0011577311092810763 0.0001601212930992973 0.001744339823269045 0.00033979021460337936 0.0010999744263464788 1.1230567506285577e-05 0.0006486904639646213 0.0009639923483133033 2.193790922397959e-06 8.298498801198171e-08 0.0 6.11889332169162e-08 0.0 0.0 0.0 0.0 0.0 0.0 1.1489077526314173e-07 0.0 0.0 0.0 1.1055589295798728e-07 0.0 0.00011103190279872097 4.002037579383152e-06 1.0640118446621306e-05 7.44175773401584e-08 0.0 4.6579617516411655e-07 1.830728793154326e-06 1.6399797240592901e-07 0.0 7.527958466369573e-08 0.0 0.0 0.0 1.9274625763073414e-07 0.0 0.0 5.053585334013667e-05 1.3446605314560458e-06 1.5313779841924651e-07 1.8137379340873586e-07 3.278750384909223e-07 3.2879358028128263e-07 0.0 0.0 2.0279269031711167e-06 2.916446797779309e-06 3.2885969425791636e-05 5.74832779015366e-05 1.8071698643083402e-05 1.623887210303541e-05 1.523169666229629e-07 2.223350581915132e-06 0.0 5.885598451171147e-05 2.059050051267039e-06 3.7525829819074843e-06 6.945256383299001e-07 7.174992196236773e-07 2.6920176037410823e-07 1.105101202766965e-07 7.275828430522633e-07 2.315604105077564e-06 0.0 7.349691923882433e-05 1.776809367690547e-05 8.573658456827765e-05 2.5245554540987884e-05 9.299334561812211e-07 1.875130352782781e-07 5.958577464961556e-06 8.593085133753059e-08 8.253042598285149e-07 4.493693313339385e-06 9.302932507457866e-08 2.633413066529355e-06 4.862608391713421e-07 7.025776238114916e-07 0.0 1.6633538543315394e-07 0.0 0.0 0.0 2.7085560700975356e-07 1.0699784780195697e-07 0.0 4.705907465534e-06 3.1571843197299e-07 0.0 8.738717709732509e-07 3.554387511134023e-05 1.5929141078175222e-07 1.3856618932480045e-06 2.1723845670638864e-06 1.2893635412956972e-06 0.0 1.7235859548572675e-05 2.3653196238451528e-07 1.924378604765515e-05 2.156057998509923e-05 1.0264279755978728e-05 1.3100553140704315e-06 1.5235642675669551e-05 4.6983425186937796e-05 1.4741559299302721e-05 2.6185338920380743e-06 4.5708465014690537e-07 9.948045577131705e-07 0.0 0.0 0.0 0.0 0.0 0.0 0.0 0.0 1.25730139231931e-07 0.0 2.1521595340974434e-06 0.0 9.577571051697286e-07 8.823418576715658e-07 5.198261639371274e-07 0.0 0.0 7.608267939975927e-07 1.3006385177778854e-07 0.0 2.4223645736253848e-06 1.0300779650044057e-06 1.0801183376263584e-06 4.76663320916209e-07 2.648888069616145e-06 2.392847101477258e-06 2.945925673719432e-07 0.0 0.0 0.0 1.7123665349231307e-07 6.545029615025554e-07 0.0 0.0 0.0 8.03576267478144e-07 0.0 0.0 0.0 1.8145361076460595e-06 0.0 0.0 0.0 0.0 0.0 1.6368654153949759e-06 0.0 0.0 2.1313128910405857e-06 1.673137592417955e-05 3.130629368279712e-06 4.245349396467404e-07 0.0 0.0 0.0 0.0 0.0 0.0 0.0 6.083231302815539e-06 0.0 0.0 0.0 0.0 3.491457485369177e-06 1.1330773064846473e-06 8.720823773093089e-06 1.9793108704107408e-07 2.877326660435141e-07 9.477785319748084e-07 7.113009166072305e-08 7.848783084835367e-08 0.0 0.0 0.0 0.0 0.0 2.841778845159225e-07 3.420450815011877e-07 0.0 6.455985168576881e-06 8.506611379579408e-07 1.6525165842318917e-06
0.00015586510343814643 0.00016805316025660588 7.408816844309171e-07 0.0006686861470626599 2.030913912779937e-06 0.0 3.86928224890973e-05 7.579686392241314e-08 4.411009105535436e-06 0.000568642198977901 5.927344534955612e-07 9.224604993290916e-05 9.692231244592694e-05 8.030169774840355e-06 1.1878116190279625e-06 1.571998291044637e-06 0.0 0.0 0.0 0.0 0.0 3.8361250853310415e-06 0.0 0.0 8.021895997147255e-07 0.0 0.0 0.0 0.0 0.0 1.320595333125846e-05 1.009106426747409e-07 7.102637156035438e-06 0.0 0.0 3.4336087354880246e-07 9.956032483054811e-06 5.464831768859781e-07 5.295636409677459e-06 2.0958069648450932e-07 0.0 0.0 0.0 0.0 0.0 0.0 2.398482551412777e-06 0.0 0.0 0.0 0.0 3.4290718825426535e-06 4.65261922698e-07 0.0 0.0 3.5062440032265436e-07 8.722844687856608e-05 1.50768249823103e-05 4.481500321458522e-06 1.7490394246908832e-07 2.2765726764296842e-07 9.826649185538407e-07 0.0 1.137251592535919e-06 3.547478544836762e-07 3.542684695773845e-07 1.0246498373578866e-07 4.3696643959946277e-07 9.388626734036007e-08 0.0 9.423520300012724e-05 9.48844463436588e-05 1.0910884151780292e-05 5.2395992133803705e-06 3.0489338585799596e-07 1.8800975484759175e-06 7.067435753277729e-07 0.0 0.0 3.24844378144176e-06 0.0 4.962045476904164e-07 1.731206912112146e-07 1.885901262437511e-07 3.3205430186800304e-07 2.4586908052254777e-07 8.133821842008309e-08 1.164507498849638e-06 1.2811211774885218e-06 9.335762790574204e-06 4.4344531523208657e-07 2.746521333331777e-06 0.0 0.0 0.0 0.00014587097428109795 0.0002027235205080808 3.1978573827263664e-05 2.0376317199372833e-05 0.00048407510412972426 2.522633884067964e-07 2.1458988770616713e-06 1.793009577090612e-06 1.4065071618376887e-06 0.0 3.131333621864458e-06 1.52041546796489e-07 4.931248557129779e-06 1.2639562640869608e-05 3.1025122910203535e-06 0.0 2.3440267410116825e-06 1.4376083272320232e-05 3.993598146227214e-06 3.462984432809358e-07 0.0 7.665839749343519e-07 0.0 0.0 0.0 0.0 1.9476122650774655e-07 0.0 0.0 0.0 0.0 1.4588867138234047e-07 9.393296998029196e-08 6.887605439714968e-07 2.8049514301883416e-07 2.010217022308278e-07 0.0 0.0 0.0 7.350221612532653e-07 0.0 0.0 8.911026412527727e-07 6.40637301558957e-07 0.0 1.0705062734143674e-07 6.297094452993513e-07 3.256866878909114e-07 1.1461138995265114e-07 0.0 0.0 0.0 0.0 0.0 0.0 0.0 0.0 0.0 0.0 0.0 0.0 4.148249782791851e-07 2.7995486629233816e-07 0.0 0.0 0.0 0.0 0.0 1.195711225814733e-07 0.0 9.754070651125793e-07 2.592406540250099e-06 6.745808445982347e-07 0.0 0.0 0.0 0.0 0.0 2.335593817566233e-07 0.0 0.0 1.3142229909816756e-06 6.344337170792844e-07 2.0209755910024246e-07 0.0 0.0 8.893239286609714e-07 1.8666169148049204e-06 0.0 0.0 0.0 0.0 0.0 1.8047441812445655e-07 0.0 0.0 0.0 0.0 0.0 0.0 0.0 0.0 2.2088391563516357e-06 2.2457181694051092e-07 9.730465493392394e-08
0.0005014423336833058 0.002889595860695401 3.423778171352071e-05 0.00043135474921235796 0.0011577311092810763 3.86928224890973e-05 0.0 7.606478553330541e-06 0.0008496422564668722 0.002093544693464516 0.0004934470745207594 6.0200697963078114e-05 0.005313182590938395 0.0020284564742956194 1.5898195095973619e-06 1.4151763883587213e-06 0.0 0.0 0.0 0.0 0.0 0.0 0.0 2.0100179877638968e-07 0.0 0.0 0.0 1.0513702980510052e-07 3.059663592707435e-07 0.0 6.081185991552123e-05 1.1199710659742412e-06 8.229153820712602e-06 4.3247972253756025e-08 0.0 0.0 3.4170961325096273e-06 0.0 1.8589266130491582e-07 0.0 0.0 0.0 0.0 1.5299587737254048e-07 0.0 0.0 4.811663734912299e-05 1.4957820450190704e-06 0.0 0.0 2.3376617180514342e-07 0.0 0.0 8.858921707186428e-08 2.711217547391599e-06 2.0965147335565275e-06 4.453818166262136e-05 5.410183831342954e-05 2.2444925231030768e-05 1.1431827219440563e-05 3.343300217899052e-07 7.484130860837774e-07 1.7145955112635253e-07 4.2494778694806895e-05 2.4145154653474648e-06 3.153730991426136e-06 1.5878199230551049e-07 6.829922854141952e-07 6.84691852091963e-07 1.4467384710844467e-07 3.129364273600028e-06 3.840253551910651e-06 1.1427040511758153e-07 6.881582726927072e-05 1.9555314986706004e-05 6.39879925110377e-05 1.5955743820141486e-05 7.544317199210045e-07 5.280752129186847e-07 3.4107743555505878e-06 1.590191025150083e-07 1.816274662401196e-06 3.172102739645595e-06 3.2981341152916843e-07 1.6808748775558799e-06 5.807923281935267e-07 6.192881357569132e-07 0.0 9.767432811575191e-08 0.0 0.0 1.6944129522571557e-07 2.4243550360451263e-07 0.0 0.0 2.007842253017904e-05 2.6685442544852632e-06 0.0 1.403622254669106e-07 8.484016262208577e-05 8.519281744380576e-07 6.663319827781649e-06 0.00011838106049177788 1.7359922061404444e-05 1.557042058659668e-06 6.764751576582648e-05 4.4865952022277194e-06 5.731045869823779e-05 0.0001260916517517899 5.7413637673804474e-05 5.470353851573033e-06 4.139473829187202e-05 0.0001533921485412632 4.5501423374340865e-05 9.173296816826748e-06 1.3276863590054494e-06 1.2556517275731508e-06 0.0 1.4046068410693735e-07 0.0 0.0 0.0 1.8497521908829466e-07 0.0 0.0 5.432318660128019e-07 5.821888277838366e-07 3.44995877701692e-06 5.964744722566261e-07 8.008103482252501e-07 1.7889116646238394e-06 9.439731295178385e-07 5.866774164606142e-07 2.454175124923382e-07 2.7450519284932822e-06 7.156846714558129e-07 0.0 5.893530577851253e-06 1.8159532593367579e-06 2.48623016761204e-06 5.09625555220769e-06 6.2318937717796396e-06 1.6581695220689009e-06 5.153640901943343e-06 0.0 1.0561843254617956e-07 0.0 7.842773914350852e-07 7.65903034652394e-07 6.592268355643276e-07 0.0 0.0 8.026994393043143e-07 0.0 0.0 0.0 2.500454686312765e-06 4.380583865080074e-07 0.0 0.0 0.0 1.280729489436725e-06 2.606113264998018e-06 1.9750703174952956e-07 3.3331722664419076e-07 4.951069134121698e-06 3.5627032422443056e-05 3.2837929306474743e-06 0.0 0.0 0.0 0.0 0.0 9.547403427331902e-08 0.0 0.0 1.2714209736681426e-05 3.2809111642826033e-07 0.0 0.0 0.0 5.759022482971636e-06 2.1351483212187085e-06 1.5584989400551283e-05 8.977066109446153e-07 3.0937653924820017e-06 1.9369346729706524e-06 1.1853351567131056e-06 1.2849071093019937e-06 0.0 0.0 0.0 0.0 0.0 0.0 0.0 1.5711570527974177e-07 2.0707697199342892e-05 4.158230262694426e-06 6.619341779506666e-06
4.915312978866193e-05 0.0008391495882968997 0.003982013802907177 1.7633907920897727e-07 0.0001601212930992973 7.579686392241314e-08 7.606478553330541e-06 0.0 0.0001927819711365657 8.991636046369688e-07 0.0030091229244216264 2.4473015678249197e-05 0.00017995498541490776 0.0008932226577841315 4.680979602475537e-06 9.227441675962727e-06 4.104892829913192e-07 1.0106915441755604e-06 1.7342255929539315e-07 1.2731996687135543e-05 7.399774645885094e-06 0.0 0.0 0.0 0.0 0.0 0.0 0.0 7.693623287285733e-08 1.1530719787527357e-07 0.000924894100218655 0.0007567144746261744 3.340922114794682e-05 6.628197009453511e-06 3.6904312666035957e-06 1.2367195932951221e-05 7.236181720182133e-07 5.311511651756507e-07 0.0 1.8322937673273834e-07 1.5630289159855926e-06 8.607006907050138e-07 9.811777772400066e-06 1.1898385989934361e-05 1.4272038592990636e-06 3.0517166100842576e-05 8.434906124290916e-05 3.5824097185748784e-06 2.218176157513738e-06 2.9623120368593786e-05 8.290354264361e-05 5.423112888412647e-07 0.0 0.0 8.098588341055493e-07 1.4989964967767993e-06 2.315606949347295e-05 6.453056258572823e-05 1.2447505371464794e-05 1.406840222138401e-05 0.00033509347901578517 0.0001363676934667438 0.00015935918608563229 0.0001682181392184023 3.1360208093502787e-06 2.019253145002567e-05 8.575258083950244e-06 0.00011608458454514712 0.00030458883361781486 7.377773422327895e-05 2.774731049678659e-07 0.0 4.951835232880476e-07 6.152445386066016e-05 4.4646033016521164e-05 0.00011546231959715809 9.076962217250672e-05 3.37631278957812e-05 0.000640208891563536 0.0010692341058143383 0.0003128532670777114 0.0009831950050859877 3.1477932113515163e-06 9.060540834734207e-08 9.80512410548449e-06 2.8529060634958144e-06 2.7846765455899387e-05 1.9024934792336603e-07 1.149107492540655e-05 1.7185483033919142e-07 5.7121848820608315e-06 7.416432562212158e-07 8.392279185436242e-05 1.16506846452394e-05 1.9229914345904786e-06 1.36006159990647e-06 0.0 0.0 1.1947366993444195e-07 2.6379061090646565e-05 0.0 0.0 0.0 0.0 0.0 0.0 0.0 0.0 0.0 0.0 0.0 9.940136074181281e-08 1.0506729226509253e-06 0.0 2.367041626506237e-07 1.1804029368229487e-07 0.0 0.0 0.0 0.0 0.0 0.0 0.0 0.0 0.0 0.0 0.0 0.0 3.877707033754871e-07 3.637132874538899e-07 0.0 2.542963130890175e-07 8.959378296092458e-08 8.51589622702326e-08 0.0 0.0 0.0 0.0 0.0 0.0 2.0817654081960075e-07 2.684654670822173e-07 0.0 1.0300603250342066e-07 0.0 0.0 0.0 0.0 0.0 0.0 0.0 0.0 0.0 0.0 0.0 0.0 2.8083098676179357e-07 4.283176136805697e-07 0.0 0.0 0.0 0.0 1.5763176798879026e-07 0.0 1.0534460359234965e-07 0.0 0.0 0.0 0.0 5.827889376983731e-08 7.316678881667688e-08 0.0 0.0 6.833486233400376e-07 0.0 0.0 0.0 1.0214204828667144e-07 0.0 2.0651092055663134e-07 3.5924586557159104e-07 3.453930261898875e-07 3.322708301626705e-07 9.03440548764144e-08 0.0 0.0 0.0 9.52318765524547e-08 0.0 1.3283753823241502e-07 0.0 6.19435975785662e-08 0.0 7.068507603721551e-07 1.1657755296251567e-06 1.7231896158425054e-07 0.0 2.0164954128949922e-07 1.9373865802310578e-07 9.507046731586097e-08
2.4642576078366525e-06 0.0003860800335944924 0.000545586152665817 7.530548284209104e-06 0.001744339823269045 4.411009105535436e-06 0.0008496422564668722 0.0001927819711365657 0.0 0.00016685842441703454 0.0014373821038085356 1.0652336407014367e-05 0.0009651808205714411 0.00202793004571777 1.569862620554566e-06 1.9019785511911298e-06 0.0 0.0 0.0 0.0 0.0 0.0 0.0 0.0 8.962612095668958e-08 0.0 0.0 0.0 0.0 0.0 1.4725631324474563e-05 1.5519447506399275e-06 4.597473135768962e-06 0.0 0.0 0.0 2.2352725230204973e-06 0.0 0.0 1.717853290905614e-07 0.0 0.0 0.0 8.690198550588314e-08 0.0 0.0 3.7615082892094134e-05 7.319468757590984e-08 0.0 2.494098015433897e-07 6.002322889053946e-07 0.0 0.0 0.0 3.9914416774168427e-07 2.6566578272721545e-07 5.169509254140133e-06 1.0002815333381719e-05 3.4955107539723796e-06 7.546009279428313e-06 0.0 1.5260454726708815e-06 2.3707986594162764e-07 2.4524725665862118e-05 6.027948688996951e-07 9.667152739347079e-07 0.0 3.054292408943493e-07 9.199808984330657e-07 2.3064773389051107e-07 2.4835245611484972e-06 3.7106126032115e-06 0.0 2.452256396822769e-05 7.87489959295466e-06 4.617631991942697e-05 1.5439839490652953e-05 1.1265512135180012e-06 4.192710169615351e-07 2.762508858851103e-05 2.3401822568966012e-07 1.7089162479935381e-06 1.1559395032981662e-06 0.0 7.910433376967808e-07 8.552655912930843e-08 3.9619932795552025e-07 0.0 7.678921752441291e-08 0.0 0.0 0.0 2.3679277191736983e-07 9.382296581600402e-08 0.0 2.3543026436247097e-06 3.360733041272401e-06 0.0 5.210392394208743e-07 3.664461007640409e-06 1.1621302906111296e-06 2.9220352058446992e-06 3.91775873815917e-06 3.2773914579875316e-06 0.0 3.387952335874763e-05 1.9382841072956477e-06 2.938719687990278e-05 4.708767126372556e-05 2.38376546812776e-05 1.950957168391994e-06 2.168910163791747e-05 7.763729398562345e-05 2.672084663765252e-05 4.629949911776961e-06 3.4293208073210507e-07 6.438831496562164e-07 0.0 0.0 0.0 0.0 4.967913925345252e-07 0.0 0.0 0.0 0.0 0.0 6.45132347307054e-07 5.32654153803561e-07 1.1311006121318322e-06 4.277770913046213e-07 3.4039059734672557e-07 0.0 0.0 1.6940132981445463e-06 0.0 6.198873625031805e-07 4.701727968205059e-06 0.0 2.3394545379403577e-06 2.329206031090066e-06 3.507102302413109e-06 1.350488699235742e-06 2.33624099859488e-06 0.0 4.463182440654688e-07 0.0 1.8704520759384056e-07 1.0881215616916551e-06 0.0 0.0 0.0 1.1874227676424605e-06 0.0 4.045446890687944e-07 0.0 9.630365213168229e-07 0.0 0.0 0.0 0.0 2.5428513019013835e-07 1.0794322913450686e-06 0.0 0.0 2.739227837324736e-06 2.471544708184737e-05 2.081760577090111e-06 0.0 0.0 0.0 0.0 1.6536821674881815e-07 0.0 0.0 0.0 9.743667934907382e-06 0.0 0.0 0.0 8.964832298814624e-08 4.042395596956958e-06 4.895383935943462e-07 1.1513056369503798e-05 4.0199180637906583e-07 1.8666057319060416e-07 6.212948753772714e-07 8.85089013985337e-07 7.66145344441967e-07 0.0 0.0 0.0 0.0 0.0 3.0887211154999905e-07 2.5065526766207e-07 0.0 1.2368182648313406e-05 3.061923719737909e-06 3.624343001279157e-06
0.001155770578504309 0.0009021785577424659 5.305148149483345e-06 0.002520308452347129 0.00033979021460337936 0.000568642198977901 0.002093544693464516 8.991636046369688e-07 0.00016685842441703454 0.0 2.310756119554382e-06 0.0024019121394983998 0.004529420428840743 0.00011907129043473907 7.348844337936388e-08 7.663226507074066e-08 0.0 0.0 0.0 0.0 0.0 0.0 0.0 0.0 1.3963478491337917e-06 0.0 0.0 0.0 0.0 0.0 3.214559383187176e-05 4.5446295051773546e-07 5.843653591359107e-06 0.0 2.124889988390322e-07 2.5441696206290793e-07 3.4279553531424826e-06 0.0 0.0 0.0 0.0 0.0 0.0 0.0 0.0 0.0 1.3730499959409002e-05 5.247952429427325e-07 1.5342124864329421e-07 0.0 1.7624399532452234e-07 0.0 0.0 0.0 5.842779067611091e-07 2.2325886389870993e-06 5.6573311449891697e-05 3.4743823504087786e-05 1.5446966538685226e-05 4.836046696600885e-06 0.0 1.3885347928374042e-06 0.0 1.8261108846628695e-05 1.6093720771879539e-06 1.504178109349072e-06 2.0266047651793155e-07 3.067792367038077e-07 0.0 0.0 6.971787904470471e-06 3.4110969166767307e-06 2.800546584579635e-07 3.453480506995576e-05 7.064721993591886e-06 2.413006324370532e-05 3.3289966819578146e-06 0.0 9.352793497491622e-08 3.8310150386325573e-07 0.0 1.4978863718087793e-07 1.643170611015981e-06 1.5764981737474266e-07 1.0998839242337262e-06 4.3362901689563933e-07 3.3126505357273787e-07 0.0 7.860249650344014e-08 4.4665359066072693e-07 0.0 0.0 2.006013024370862e-07 0.0 0.0 7.388872005541774e-05 1.8576830951645874e-05 1.3134388662321314e-06 4.836552412788952e-07 0.0005152060053200819 2.4525891067805716e-07 1.450791292254718e-05 1.3862482853952658e-05 2.0975143882111793e-05 3.6023159833597e-06 6.336626918207393e-05 7.1065074801333896e-06 5.1851388192774714e-05 0.00015303062824250497 7.772451904694956e-05 2.0878029570410673e-06 4.720503454751713e-05 0.00019334865395679253 4.647016419177664e-05 7.766079184133652e-06 1.4508189892304723e-06 6.213994401608283e-07 0.0 0.0 0.0 0.0 1.4438758946208421e-07 0.0 0.0 0.0 6.47621513207876e-07 8.475139122670103e-07 1.35904277465158e-06 4.28325240511186e-07 5.455365491748972e-07 2.165808121808301e-06 7.945637166034483e-07 1.1396460371776689e-06 9.369436949744981e-07 3.941307887817434e-06 9.298162579972568e-07 0.0 2.6130445450387483e-06 7.643241754364816e-07 1.7457215779088946e-06 2.334545877002441e-06 2.865243584986618e-06 1.6877033883935747e-06 4.158952308318079e-06 1.995823426598767e-07 2.1262078392142993e-07 0.0 1.0038780705936286e-07 2.3132731725168443e-07 0.0 0.0 0.0 7.704147962608449e-07 0.0 0.0 0.0 1.9939392485087497e-06 0.0 0.0 0.0 0.0 1.0554989166993235e-06 1.2436850548722701e-06 2.3378320350050742e-07 0.0 3.329851530354455e-06 3.3168055710499004e-05 2.853127545721105e-06 0.0 0.0 0.0 0.0 0.0 0.0 0.0 0.0 9.938513892929802e-06 0.0 0.0 0.0 0.0 4.849567774699576e-06 9.085017931047582e-07 1.5252003578413518e-05 0.0 1.1402765549851304e-06 8.448935578610315e-07 0.0 3.0731793776453067e-06 0.0 0.0 0.0 0.0 0.0 4.5668585580737904e-07 0.0 0.0 2.0562201689909058e-05 1.5629997772815047e-06 4.4382974609720525e-06
5.6276509075609834e-05 0.0011322960273909986 0.0030528531951070042 6.12409149805554e-07 0.0010999744263464788 5.927344534955612e-07 0.0004934470745207594 0.0030091229244216264 0.0014373821038085356 2.310756119554382e-06 0.0 0.00020468808802475222 0.0012954958045157965 0.0026699982659406257 6.387197677825865e-06 1.0211114710625096e-05 2.0843486461394932e-07 0.0 0.0 3.188429994263386e-07 2.0720698582629915e-07 4.241678106913833e-07 9.660330235223375e-08 8.616706668116622e-08 1.0686028644815076e-06 0.0 0.0 0.0 4.098707435190587e-07 0.0 0.00016998221076361245 9.414012080597444e-05 0.00018084854924141897 7.147303525773543e-07 0.0 2.0331455912643073e-06 6.208462264813873e-05 1.1148869996297431e-05 4.265696335898981e-06 1.2398335288062204e-06 4.81632072389211e-07 7.81839039878124e-07 3.57155815694102e-07 3.0644231678229514e-07 0.0 2.979850974362473e-07 5.45643658418877e-05 9.484455813651143e-07 4.237983071246533e-07 1.7946671552584142e-06 4.014707445281977e-05 3.972506573119958e-06 4.979764054927376e-07 0.0 4.785478031436434e-07 1.7738431061023776e-06 1.6221619519098944e-05 3.338232853377796e-05 8.09092296102155e-06 9.072438877657138e-06 1.1150602058888466e-05 2.0758633642679105e-05 3.1851565983346825e-06 5.6974285586153176e-05 1.0988411657036198e-06 2.2097649243300534e-06 9.555851955366373e-07 1.2498612798517457e-05 4.233276164543364e-05 6.656072198036643e-06 2.2039247173876724e-05 2.1936632607170833e-06 3.788185705684801e-07 3.520531877260552e-05 1.999654510536222e-05 7.080951945876716e-05 4.1293143006627135e-05 2.9563719342276742e-06 2.33218072020909e-05 0.0004969597550660296 2.446666855260619e-06 0.00019767220826027594 2.0627485552706544e-06 0.0 1.4272637685214582e-06 6.901939494676263e-07 4.555522338843609e-06 0.0 4.401930404772496e-06 4.82857874854109e-07 4.263998254815521e-06 3.977584621052873e-06 2.658653193322869e-05 7.976241338720709e-06 1.761484236504405e-06 1.3387811024844373e-05 2.7482194144152377e-06 0.0 1.1083116188551181e-06 2.2334473394011047e-05 7.03601093010791e-08 2.3564192762822225e-07 6.837516229642367e-07 3.598712890773143e-07 9.262423743003453e-08 6.854665169980728e-06 2.6359503387812656e-07 1.8519023254467248e-06 8.193089644439019e-06 6.031123392333768e-06 2.609800720625072e-07 2.2307581119072384e-06 1.4204687145542963e-05 7.763886575609801e-06 1.957115085468712e-06 1.8263016753286042e-07 4.925889620745677e-07 0.0 0.0 0.0 0.0 0.0 0.0 0.0 0.0 0.0 0.0 0.0 0.0 1.4312209180032287e-06 0.0 3.0319116967542043e-07 0.0 0.0 2.6509275858920046e-07 0.0 0.0 2.629939062730016e-07 0.0 0.0 5.045255602639239e-07 1.58649341601233e-06 2.5105140664799215e-07 3.198199063568218e-07 0.0 0.0 0.0 9.357436857020986e-08 9.162264272958862e-08 0.0 0.0 0.0 1.0568781097008341e-07 0.0 0.0 0.0 7.003404650048145e-07 1.1578784027280957e-07 0.0 0.0 0.0 0.0 9.880266623602563e-08 0.0 0.0 5.729307210375186e-07 6.016531750526482e-06 3.7359139587158947e-07 0.0 0.0 0.0 0.0 0.0 2.0102182505555402e-07 0.0 0.0 2.3906637983886136e-06 1.1261945597571485e-06 4.3396530514713156e-07 1.2810720709932351e-07 4.423839809243439e-07 1.23769567671506e-06 2.657124853671473e-07 4.615542992509056e-06 4.394242910439047e-07 0.0 0.0 1.3650606715404498e-07 1.8258161667323936e-07 0.0 0.0 0.0 0.0 0.0 4.179454164822152e-07 0.0 0.0 2.2258517904879168e-06 5.604014058123828e-07 1.677129436960474e-06
1.9330962160403484e-05 3.9345798516999136e-05 5.455066983213495e-05 7.151420760324383e-05 1.1230567506285577e-05 9.224604993290916e-05 6.0200697963078114e-05 2.4473015678249197e-05 1.0652336407014367e-05 0.0024019121394983998 0.00020468808802475222 0.0 0.0009410373655548292 0.00015454318061187074 3.96955508325219e-06 8.261219057853538e-06 0.0 0.0 0.0 0.0 0.0 0.0 0.0 1.4934688927996653e-07 4.742542659808406e-07 0.0 0.0 0.0 6.690074094518451e-07 3.2127458977456334e-07 2.3426037697684828e-06 1.0781749170767457e-06 6.93811926071478e-05 0.0 9.094417648854395e-08 9.10663660354285e-07 3.388548291974036e-05 2.0084073929782572e-06 1.4702805027573873e-06 0.0 8.273798748762795e-08 1.6618169075912372e-07 0.0 7.752414804672286e-07 0.0 0.0 1.3258324653987515e-05 9.351444180142557e-08 0.0 3.1933686010393046e-07 4.168045812384923e-06 4.280233958221933e-07 0.0 0.0 0.0 0.0 5.5191187888431165e-06 2.415320329929345e-06 7.30610870270832e-07 1.0984050267985373e-06 5.032536341899459e-07 8.356030897237628e-06 0.0 5.407282389626708e-06 6.759671672826607e-08 2.3689179789065573e-07 3.364666456338036e-07 1.4482485893952717e-06 5.564997526360594e-06 1.9390569380191803e-07 4.3750580771542484e-05 1.2739946622816073e-05 5.489833853145636e-07 4.8540299443626316e-06 1.763914592756571e-06 1.5027487810489722e-05 1.1322309306545953e-05 2.283914185207069e-06 0.0 0.00010903133155893645 0.0 7.657838876494409e-06 9.33015807021542e-08 6.868056890247562e-08 2.258314488442776e-07 2.1959969656073363e-07 5.712435187155199e-07 7.460878034604622e-08 2.5313143753710255e-07 0.0 3.10051451175621e-07 5.624383076762136e-07 3.2760753851976855e-06 1.4772928763613807e-06 0.0 0.0004393126657160558 3.2646796375017606e-05 1.256969765558616e-07 4.324061090001217e-06 5.7893780841467714e-05 8.11328408559141e-07 1.2377585922188479e-05 1.7758689215724712e-05 1.6579422156120708e-05 3.1133572990777503e-06 8.481216670849442e-05 1.3706435372862918e-05 8.021733120447629e-05 0.00013884604843459678 0.00010251758619710603 6.747458075635727e-06 5.975768275664194e-05 0.0002547973960886119 9.08450231986562e-05 1.4876704550373808e-05 9.77927709236083e-07 7.193912526473736e-07 0.0 3.9445804181242566e-07 0.0 0.0 2.681495033985101e-07 3.752660443368131e-06 0.0 0.0 5.65832457857144e-07 0.0 2.65008287930847e-06 1.7627464301810314e-07 9.87948042837906e-07 0.0 6.94742581889118e-07 1.6782694551273278e-07 4.016787553960081e-07 2.979363927532786e-06 1.7352288896541547e-06 5.800098001654227e-07 3.6374953946426256e-06 1.1278770011588084e-07 1.6409910178189468e-05 5.430665930612502e-06 7.316045673413843e-06 3.6750896628670333e-06 1.8248900565993817e-06 0.0 1.9949958218961534e-07 0.0 7.459552931273003e-07 1.5249303118890887e-06 1.0978181059200741e-06 0.0 1.0004303220417103e-07 1.4043471252614613e-06 0.0 8.529365420448328e-08 1.2187181803412532e-06 1.2953432426191227e-05 5.833537793701057e-07 0.0 0.0 0.0 3.2067295215438493e-06 2.9814319215987308e-06 7.709719760091823e-07 0.0 3.5420038549214265e-06 3.711703163955278e-05 5.193687096781354e-06 0.0 4.085988817818421e-07 8.729243946162205e-08 0.0 0.0 0.0 2.5079722380155494e-07 0.0 3.241575858488952e-05 3.075947156815484e-06 2.131655408260334e-07 3.191549742308431e-07 3.1635039443318345e-07 7.946627016351592e-06 9.121865933782092e-07 1.8680469566581914e-05 1.0490802544265116e-06 8.687174547341734e-07 1.3158605136263313e-06 1.8605277444820857e-06 1.982398028961772e-06 0.0 2.297682854558558e-07 1.9836984035818532e-07 1.1285960521986614e-07 9.328529180394371e-08 9.175256204590769e-08 9.357345030916174e-08 0.0 9.198825691099289e-05 3.641333631073302e-05 5.655697734925762e-05
