0.0 0.0006890146965248521 8.480423887904308e-05 0.0008037475817092134 4.403234283514944e-05 8.860905283586621e-05 0.00036856688216995245 7.445761410070847e-05 1.55708242255505e-05 0.0010435014996261814 8.701280877398882e-05 2.9703149391525514e-05 0.00020564462415992 0.0001662696448138237 6.053517749650071e-07 3.398100282769473e-07 0.0 1.015534717774321e-07 0.0 3.916159964148569e-07 0.0 4.421019489198622e-07 1.7469438842902316e-07 0.0 4.039800411607926e-06 1.009843908484123e-06 2.0484654920353087e-06 1.526814299974897e-07 1.1700959180857837e-07 0.0 0.000963157579682412 4.706772229539103e-06 1.5732804703492498e-05 0.0 1.4822819620199605e-06 4.327470823707483e-06 5.036969706081229e-06 1.0544668738598143e-06 2.599237580215718e-07 1.4607898834026878e-06 1.949212271547478e-06 7.758264423052608e-07 3.9011051604657295e-07 1.4436555657521143e-07 0.0 0.0 3.7368601316301595e-06 1.7039252852877242e-06 1.7661808052233727e-07 4.230903906117198e-07 9.132897879791792e-08 0.0 1.6216596747792705e-07 0.0 8.663093235774116e-06 4.893177147682382e-06 0.0002250483738187062 0.0008592013025590903 0.00010154497521338086 9.714023631379693e-07 3.642921979654488e-07 8.857371672276308e-07 2.289419648084255e-07 4.855204477250915e-05 2.407602417651637e-06 2.111245853673558e-06 3.4762574708708284e-06 1.1260821596938185e-06 2.243468786699948e-06 3.396877900713543e-06 3.7532674644708697e-06 0.0 0.0 4.04127197722e-06 9.693110992882425e-06 2.6207965211238463e-06 2.970112657162192e-06 2.9050334826664145e-07 1.8737069259752923e-06 2.8923934114858097e-05 9.248418235594297e-08 7.1368360988225015e-06 9.177751310506263e-06 7.504768236749113e-08 7.436513394844239e-07 4.725824783161334e-06 2.9905830521985865e-07 0.0 6.390487823203439e-07 0.0 2.4187911127303413e-07 0.0 4.086678900475905e-06 3.0867863812817966e-07 0.0 1.4770772448083476e-05 2.043594855632827e-06 1.3631917836197302e-07 5.914988618811925e-07 0.0008874683592018948 0.0 1.980780215910266e-05 5.429450714783603e-06 1.435822373092357e-06 0.0 1.088249486523926e-05 1.2394870221263378e-06 2.5435315949176026e-06 7.643719348996344e-06 5.026165717180468e-06 2.3809413271788866e-06 7.070059630281496e-06 1.513196942543358e-05 4.843664548680621e-06 9.294314138953183e-06 0.0 0.0 0.0 0.0 0.0 0.0 0.0 0.0 0.0 0.0 0.0 0.0 0.0 0.0 0.0 0.0 0.0 0.0 0.0 1.5769821481870064e-06 0.0 0.0 0.0 0.0 2.4829441167749343e-06 1.0542470293578554e-06 3.4516554649102908e-06 1.9051113578121775e-06 4.0946646723377804e-07 0.0 0.0 0.0 0.0 0.0 0.0 0.0 0.0 0.0 0.0 5.679804788826193e-07 0.0 3.0936416881372517e-07 0.0 0.0 0.0 0.0 0.0 0.0 9.826250907755115e-07 0.0 0.0 5.91944771483813e-06 2.1155104823636502e-07 0.0 0.0 0.0 0.0 0.0 0.0 0.0 0.0 4.118719051087659e-06 6.66011757524335e-07 0.0 0.0 9.214561760683243e-08 3.0965827857160535e-06 0.0 1.446865278120324e-06 0.0 0.0 0.0 0.0 9.941930979118855e-08 0.0 0.0 0.0 0.0 0.0 0.0 0.0 0.0 3.093552492948432e-06 4.95336402869278e-06 8.977095138997213e-06
0.0006890146965248521 0.0 0.00043858262342868695 0.0004524535292950937 0.0017539928238067895 0.00012604360311305754 0.002470023693360406 0.0001663962817818976 0.0007562013167723702 0.0012334938191851511 0.0004963679804571665 7.225857472966857e-05 0.0015969721966641265 0.0018411433015230365 7.180388783933735e-08 4.87523882710464e-07 4.906902747127435e-07 1.0888779511370468e-07 7.909818928322616e-08 8.5395606459197e-07 1.3909518857975734e-06 1.6605617973950952e-06 3.55882721056057e-07 0.0 1.0521465750432048e-05 2.1137210356636575e-06 1.983002460780528e-06 1.028815271296011e-06 0.0 3.3964489999501746e-07 0.001393882592180278 1.5513032594347925e-05 8.934763041001888e-05 0.0 5.9034769461316614e-06 1.7798326255033428e-05 2.3865802171314196e-05 1.4396168825000158e-06 7.140016211730721e-07 2.957041990720436e-06 7.519929031795283e-06 5.393820002111682e-06 3.988550918277953e-07 1.8436284061027847e-07 0.0 1.0928936566768024e-07 1.4002170425463925e-05 3.432798538050026e-06 1.6973418482942582e-06 3.0806489884339505e-07 8.950110488109913e-07 0.0 4.6881494695001476e-07 0.0 1.8876827642400174e-05 9.414821551154023e-06 0.00019269270576673588 0.0004139493221587455 0.0001920867443941785 1.4739811115326543e-06 3.765793033358372e-07 3.1210737410004506e-06 0.0 6.159699949516061e-05 5.1507824632087355e-06 5.62630995883107e-06 8.167003372264632e-06 2.1325193216163833e-06 4.9205207245727975e-06 7.811954966611631e-06 1.8349482826186804e-05 4.210592997236928e-07 6.178937370180346e-07 1.574172282734339e-05 2.6852588010844846e-05 1.5011692924981471e-05 3.389181536424702e-05 1.5683140201103683e-06 6.54984176138045e-06 0.0001195979843301776 4.879007953146316e-07 1.820718451970587e-05 2.4871717976011854e-05 1.2534745092108018e-07 1.8837992196071063e-06 1.118991603472917e-05 9.535625565568331e-07 1.0120604703076683e-07 6.065143442872695e-07 0.0 2.3662299987546502e-07 0.0 9.446008928551167e-06 6.084528609111319e-07 2.9602300274053355e-07 0.00010040813427619439 2.771696149191802e-06 1.3217710408452474e-06 2.39786815100289e-06 0.0003205154876486375 1.6072657934332749e-06 4.588312782522537e-05 1.6175323599309187e-05 2.2410984614478804e-06 0.0 3.784960802909618e-05 7.968959715807858e-06 1.8764308612319404e-05 3.127748979720856e-05 1.3429467648486382e-05 9.23918901360673e-06 4.453030582862483e-05 5.3985027427045795e-05 1.586813767546464e-05 5.01014124535656e-05 6.323732608736344e-07 0.0 0.0 0.0 0.0 0.0 0.0 0.0 0.0 0.0 0.0 0.0 0.0 0.0 1.3357011146495455e-07 0.0 0.0 0.0 0.0 7.273365598274086e-06 0.0 0.0 0.0 0.0 1.5991179735181507e-05 1.536428978357136e-06 2.0891776197695257e-05 5.401111259287693e-06 8.618778324267219e-07 0.0 0.0 0.0 0.0 0.0 0.0 0.0 1.8270300904036552e-06 1.765774448162671e-06 0.0 0.0 0.0 9.936287365280996e-07 2.2291007351298896e-07 0.0 0.0 0.0 1.0035287080716328e-07 1.5073841827339824e-06 2.2197754295999094e-06 0.0 0.0 5.157666544285781e-05 6.04276546990229e-07 0.0 0.0 0.0 0.0 0.0 1.5663979665873742e-07 0.0 0.0 3.5676060520258274e-05 5.54386576574069e-07 0.0 0.0 0.0 4.226758520965926e-05 0.0 8.957226405376298e-06 1.186313892504295e-06 1.5939612639769836e-06 4.42275622232324e-06 6.211122039814497e-07 5.494807171862058e-07 0.0 0.0 0.0 0.0 0.0 0.0 0.0 0.0 5.093614421450576e-05 2.118210968697448e-05 2.5652103175365496e-05
8.480423887904308e-05 0.00043858262342868695 0.0 4.930766149219033e-07 0.00175128333276421 3.219827348148208e-06 0.00014739419705559126 0.003036554233922184 0.0006187658625443581 7.86268985466725e-06 0.001337858599646231 1.7745930684748927e-05 0.00028494356777524393 0.001516029087709206 0.0 1.0563092635402969e-06 1.0493432532164433e-06 5.877124002529783e-07 0.0 8.11932949246151e-06 3.109648981858133e-06 1.4118396059392293e-06 1.16109270973773e-06 3.3219189361242266e-07 1.4582203991698945e-05 5.059481515235832e-06 5.3888595629068325e-06 1.2626022969366506e-06 1.1937096406101794e-06 4.6661653913125683e-07 0.0016470874374162271 0.0004337409967352452 0.00012041682646362053 2.3917133729674007e-07 1.3543616676311846e-05 3.3208503460174556e-05 2.2651704386701602e-05 4.244113474256099e-06 2.2835601578329127e-06 5.293674246922658e-06 2.7273711432398288e-05 1.6986168465833934e-05 3.7748010344132907e-06 1.804698742472867e-06 1.0854673790901895e-07 1.2324206253641293e-06 1.45041834794451e-05 3.930880797384738e-06 4.605360356518954e-06 1.126923742898928e-05 2.9623446713563776e-06 5.746876582352174e-07 1.4459379482432878e-06 3.1784662755042133e-07 1.2127185458791657e-05 6.01536708998991e-06 9.018250574756045e-05 0.00013390092389600847 0.00010819240979202651 1.4164618214025732e-06 8.493452790834849e-06 5.272223610029428e-06 3.2805185298031934e-06 0.0002468125173667171 3.1823933128669e-06 9.764345956036225e-06 8.788739589159944e-06 1.179394491719712e-05 2.6014241680909225e-05 6.126586109183829e-05 1.8762816995460248e-05 6.09587325006721e-07 2.3198071456461598e-07 1.6765696069674786e-05 3.090792469787117e-05 1.946104907961379e-05 5.528141546151624e-05 3.2975403583455546e-06 9.955908590623124e-05 0.0006001010839266979 6.5805694295272705e-06 0.00018930381138103388 1.56335969920194e-05 1.063406915199408e-07 3.3793561302237815e-06 6.826834586797685e-06 4.051423810779398e-06 0.0 1.3436293988295945e-06 2.799001570431446e-07 2.9388017296102084e-07 0.0 4.3224317072283344e-05 4.0128919294189865e-06 1.60413181575375e-06 4.9320224646315895e-05 3.294305578818412e-06 3.812089899657686e-07 4.453120270962294e-06 6.652514518695029e-05 1.1228153998535984e-06 9.140893627676107e-06 1.7397115718285356e-06 5.6138396579759e-07 2.4906048339889385e-07 8.637528032136786e-06 0.0 3.4164765377120076e-06 9.593619302677343e-06 1.03047210323904e-06 2.8796462849981505e-06 1.283823778580317e-05 1.0109432611968198e-05 4.017444790135901e-06 1.671967702537018e-05 5.476468154949833e-07 0.0 0.0 0.0 0.0 0.0 0.0 0.0 0.0 0.0 1.5539975660908007e-07 0.0 1.2428726448168899e-06 0.0 2.3732901581777825e-07 0.0 2.1151561444628385e-07 3.4655501607257513e-07 2.318191761627311e-07 1.592940150808825e-06 2.300196033969541e-06 0.0 0.0 0.0 4.572181476116496e-06 1.855333089086673e-07 1.084690920897198e-05 1.9614976594795725e-06 6.222977696164699e-07 0.0 0.0 0.0 0.0 0.0 0.0 0.0 4.838800676628965e-07 0.0 0.0 0.0 0.0 2.9403857223291125e-06 0.0 0.0 0.0 0.0 5.350782424486002e-07 3.763970998731754e-07 0.0 0.0 0.0 1.6812829874035635e-05 1.1106563707389767e-06 0.0 0.0 0.0 0.0 0.0 0.0 0.0 0.0 1.571297270569069e-05 3.1816822872128823e-07 0.0 0.0 7.902796651744173e-08 8.770934676956857e-06 0.0 2.720427863242802e-06 5.367424835568344e-07 3.69237378630074e-07 4.0726599476898383e-07 1.4061715139555678e-07 8.669019656517833e-08 0.0 0.0 0.0 0.0 0.0 1.4265058593584104e-07 1.4904812418425058e-07 0.0 1.4524977552698676e-05 8.590010898028677e-06 1.392794507363226e-05
0.0008037475817092134 0.0004524535292950937 4.930766149219033e-07 0.0 8.467024062943177e-06 0.0003660574803954408 0.0008055445456986215 2.5124894619590376e-07 6.092480212011315e-06 0.0013842758315481835 2.5001361701128635e-06 0.00028172344589572843 0.0017004874282800842 0.00020552760862837892 0.0 1.0495296417724212e-07 0.0 0.0 0.0 0.0 0.0 0.0 0.0 0.0 0.0 0.0 0.0 0.0 0.0 0.0 0.00014543510291690394 0.0 1.1029682687543633e-05 0.0 1.2038648470447848e-07 0.0 1.1455378897058313e-06 0.0 0.0 0.0 0.0 0.0 0.0 9.895559525156433e-08 0.0 0.0 1.2154308825371962e-06 0.0 1.0585241823272062e-07 0.0 1.8158958077382051e-07 0.0 4.35758909886643e-07 0.0 2.2725675359261273e-06 1.0304788985905584e-06 3.7191781780887345e-05 0.00013975361764880743 2.670639031961781e-05 2.5810374464002243e-07 0.0 1.3585545762221056e-07 0.0 2.4484020305765445e-06 5.582939780989273e-07 5.848821053447871e-08 1.1553335749240511e-06 0.0 0.0 0.0 2.8882865620537833e-06 0.0 0.0 9.410847659346605e-07 1.1136910656047537e-06 4.0708949543350923e-07 9.872756656711964e-08 7.832878312747655e-08 0.0 2.114399107582892e-07 0.0 7.218132373517297e-07 2.20972658653693e-06 0.0 1.5884044892754078e-07 1.3069869475985456e-06 0.0 0.0 1.5090487338491287e-07 0.0 0.0 0.0 1.118485843315785e-07 0.0 0.0 2.3748211421947315e-05 0.0 0.0 0.0 0.00025996664444602723 0.0 4.0185735873051326e-06 2.760155856673392e-06 4.3732055110716734e-07 0.0 6.009258843991962e-06 2.932788029520388e-07 9.725103712436592e-07 3.5537968895975383e-06 1.2697691421385974e-06 4.858826131144347e-07 1.3954526033518303e-06 4.241545054587042e-06 1.8271539567655515e-06 2.5231390674174504e-06 0.0 0.0 0.0 0.0 0.0 0.0 0.0 0.0 0.0 0.0 0.0 0.0 0.0 0.0 0.0 0.0 0.0 0.0 0.0 5.166034053079393e-07 0.0 0.0 0.0 0.0 1.301225927942839e-06 0.0 3.798199109929321e-07 4.2885587436696337e-07 0.0 0.0 0.0 0.0 0.0 0.0 0.0 0.0 0.0 0.0 0.0 0.0 0.0 5.876935456325695e-07 0.0 0.0 0.0 0.0 0.0 0.0 3.332037375739028e-07 0.0 0.0 9.32624832300216e-07 0.0 0.0 0.0 0.0 0.0 0.0 0.0 0.0 0.0 6.46046828758519e-07 0.0 0.0 0.0 0.0 0.0 0.0 0.0 0.0 1.0142401909097496e-07 1.0298672673527781e-07 0.0 0.0 0.0 0.0 0.0 0.0 0.0 0.0 0.0 0.0 5.077633821184889e-06 2.6483840920546926e-07 1.1129425477147571e-06
4.403234283514944e-05 0.0017539928238067895 0.00175128333276421 8.467024062943177e-06 0.0 7.505885576062864e-06 0.0015501529122962524 0.00032578724797193684 0.0027998285832868753 9.886840901913885e-05 0.0005940990898838921 1.6705625732663018e-05 0.0007992876954071864 0.0014771149602679041 0.0 0.0 0.0 0.0 0.0 0.0 8.658874618309954e-07 0.0 5.388094980458639e-07 0.0 2.5660189383266836e-06 8.425014579841321e-07 7.323110138247526e-07 0.0 1.7805306531875383e-07 0.0 8.94965248513764e-05 4.592872589874342e-06 2.358346012082319e-05 0.0 1.8404383853736466e-06 2.561622705502163e-06 6.614535857689988e-06 0.0 0.0 1.452149507144843e-06 3.0228665148355643e-06 3.04048517488571e-07 0.0 0.0 0.0 0.0 1.1783602869596444e-06 2.2197815553364972e-07 1.0394725215248824e-07 0.0 0.0 0.0 0.0 0.0 1.8227927547221262e-06 7.934290811981766e-07 1.3473653969126037e-05 1.565462144380981e-05 1.4837103312688683e-05 1.3392830585175463e-07 0.0 7.694782261566054e-07 0.0 4.539636820255591e-06 2.732427772009456e-07 4.0355816329401705e-07 9.740957589936687e-07 3.5381590497145144e-07 4.0522283221179013e-07 9.699301589116564e-07 3.7067241178756882e-06 9.204155944660706e-07 1.432150093210098e-07 2.3753168221671016e-06 1.7896734328476686e-06 3.036869818472696e-06 4.017010904461383e-06 0.0 4.2272812893422966e-07 2.2744752211225292e-05 0.0 6.459078135988438e-06 3.2715636887336044e-06 9.277043033852609e-08 8.676642106478578e-08 9.062483157727226e-07 1.4624003197112152e-07 0.0 9.123073760739576e-08 0.0 8.06035704492981e-08 0.0 2.2596461874137717e-06 2.1122504496734272e-07 0.0 2.6146820477070433e-05 6.80533696525682e-07 0.0 1.2629922918325192e-06 4.376665355617179e-06 3.6700475844846963e-07 1.2419579905024853e-05 4.4254998330986005e-06 6.040802630136085e-07 0.0 1.7604896623657373e-05 1.7600408455182926e-06 4.857665837272821e-06 9.70466839158226e-06 3.0806454419548736e-06 3.3880263229464555e-06 1.4918781466298375e-05 1.8062742968036175e-05 5.71812943676584e-06 1.9930279082418468e-05 4.313552740970555e-07 0.0 0.0 0.0 0.0 0.0 0.0 0.0 0.0 0.0 0.0 0.0 1.0526700117944784e-07 0.0 0.0 0.0 0.0 3.4511221910196747e-07 0.0 2.1163948080818056e-06 0.0 0.0 0.0 0.0 7.113264779043576e-06 1.0867717889751262e-06 8.317708427594124e-06 2.733984924329889e-06 1.2046385002952336e-07 0.0 0.0 0.0 0.0 0.0 0.0 0.0 4.1854167158715473e-07 1.9595546849563105e-07 0.0 0.0 0.0 1.0869847389233543e-06 0.0 0.0 0.0 0.0 1.5532335850560172e-07 2.4341224425789927e-07 2.2340147166988563e-07 0.0 0.0 1.8099153317091943e-05 0.0 0.0 0.0 0.0 0.0 0.0 0.0 0.0 0.0 1.1721490752658309e-05 6.561143528380363e-07 0.0 0.0 0.0 1.227219845240303e-05 0.0 4.194433725727338e-06 0.0 3.2885813507830635e-07 1.2497381819004523e-06 8.010551334392425e-08 8.933395411407316e-08 0.0 0.0 0.0 0.0 0.0 0.0 0.0 0.0 2.1789735337840987e-05 8.60868890129942e-06 1.0761657332877595e-05
8.860905283586621e-05 0.00012604360311305754 3.219827348148208e-06 0.0003660574803954408 7.505885576062864e-06 0.0 9.135082214536761e-05 1.913311040643708e-06 4.7044141309596574e-06 0.0005506019595985859 7.781111250477244e-06 9.398243694671085e-05 0.00013989160640659668 2.8018940725666963e-05 1.3859862198761803e-07 0.0 1.784530610376147e-07 0.0 0.0 0.0 0.0 0.0 0.0 0.0 1.213743899321872e-07 0.0 0.0 0.0 0.0 0.0 1.0818181290014346e-05 6.212563571956903e-07 6.024330358287404e-05 0.0 0.0 0.0 3.669023877178693e-05 1.0723222799887798e-06 3.0702713954407055e-06 0.0 0.0 0.0 0.0 6.853650550523705e-07 0.0 0.0 0.0 0.0 0.0 0.0 0.0 0.0 4.6793843340604983e-07 0.0 1.116216096706358e-07 3.160580736703367e-07 1.406115458505677e-05 2.443047101375596e-06 2.5064312448766046e-07 0.0 3.1790549166293745e-07 4.900466160408346e-06 0.0 1.201196840755206e-06 2.1968500960247903e-07 0.0 7.542501038092125e-08 0.0 0.0 0.0 0.0001995553146676075 0.00016023491237943712 3.3767899116038023e-06 0.0 7.904510617961146e-07 2.1194938851831385e-07 1.6347512542873326e-06 6.583598941077473e-07 0.0 1.6784614340702862e-05 0.0 7.74194967687634e-06 1.945446642383774e-07 4.753683504738132e-07 1.2831859436982635e-07 0.0 0.0 1.110383130646435e-07 1.0436059056885634e-07 3.4473495308991976e-07 0.0 0.0 0.0 0.0 0.0 0.0002737036458275134 0.00017697708932209674 2.06627696274463e-05 3.925433415442335e-05 0.00012214743712532248 0.0 1.64246379969697e-05 7.765980271895904e-06 1.7972232357885742e-06 0.0 5.173219814903132e-06 2.760889568633254e-07 3.4880453783104054e-06 6.881639053394287e-06 2.475376141228827e-06 5.960002428502424e-07 8.05610425850377e-06 6.532049206052893e-06 2.3505595461444462e-06 7.312357325287855e-06 5.734287015637687e-07 1.4616184822782805e-07 0.0 0.0 0.0 0.0 2.3659739950464354e-07 2.4245056561497487e-07 1.86138839210413e-07 0.0 3.869903212743713e-07 0.0 3.279803257054478e-07 1.7440372594800826e-07 7.096697829843838e-07 6.479544004923912e-07 2.126597017764461e-06 1.968561700189248e-06 1.3463584454802144e-06 1.953084704292624e-06 0.0 0.0 0.0 0.0 2.41385164859318e-06 1.2195138347763774e-06 5.587353665607382e-06 7.976109826836678e-06 2.509042296696247e-06 4.070162097994309e-07 0.0 0.0 0.0 0.0 0.0 0.0 2.433562942103592e-07 2.1480059029267364e-07 0.0 0.0 0.0 1.2988199766964044e-05 6.681872124313029e-07 0.0 0.0 0.0 0.0 5.381100480499541e-07 0.0 0.0 0.0 6.2191172668871985e-06 1.6985717697182966e-07 0.0 0.0 0.0 0.0 0.0 0.0 0.0 0.0 3.616469139425176e-06 4.370094556985515e-05 0.0 0.0 0.0 2.773649279541512e-06 0.0 4.998858981511515e-07 1.1550921415407168e-06 0.0 9.573053506113743e-07 8.512556067788073e-08 7.157420309796695e-07 0.0 0.0 0.0 0.0 0.0 5.174357118662038e-07 0.0 0.0 7.846408142827561e-06 2.5215271703563526e-05 1.243305225982321e-05
0.00036856688216995245 0.002470023693360406 0.00014739419705559126 0.0008055445456986215 0.0015501529122962524 9.135082214536761e-05 0.0 1.3539822786918013e-05 0.0005098824906278792 0.002204483513992893 9.304965886559356e-05 0.00011292454873397709 0.002359714415094536 0.00109364287565363 0.0 9.528585122584818e-08 0.0 0.0 0.0 5.540915739962814e-07 1.1280888654381212e-07 0.0 2.750573406609759e-07 3.566670571447052e-07 5.126954730512472e-06 7.660735194405297e-07 2.14207180021173e-06 1.7979369213018983e-07 1.2393446421516357e-07 0.0 6.433539840951096e-05 3.667385021916498e-06 4.9765127730893776e-05 0.0 1.3802198433010294e-06 6.865264785890847e-06 1.2312274434792864e-05 7.906023203687861e-08 3.7081228814644666e-07 1.6129853589646618e-06 2.006053353355285e-06 5.186104706602595e-07 4.929968501433569e-07 0.0 0.0 0.0 2.1363029311810037e-06 5.761848304182505e-07 0.0 2.6123677989853355e-07 0.0 0.0 0.0 0.0 3.294060357150609e-06 1.5624624474355667e-06 3.078133780831384e-05 4.9019701676237824e-05 3.279539386610855e-05 4.154863488614303e-07 0.0 1.2717593617153008e-06 0.0 9.394096944249366e-06 1.0180038360292148e-06 1.0805121108006365e-06 2.216273975926629e-06 1.802193936222223e-07 6.247506187086042e-07 3.4261674157933027e-06 1.7716383343120306e-05 2.8517584227715915e-07 0.0 4.583244159585471e-06 6.347124025303897e-06 4.636214823693062e-06 1.2115443109967923e-05 0.0 8.136537151547407e-07 3.702971528842745e-05 0.0 6.717969118381808e-06 3.4688102678176327e-06 0.0 7.240867412449341e-08 1.9925003843594407e-06 0.0 0.0 7.504291446117926e-08 6.763245342723469e-08 8.85284383531736e-08 0.0 3.6462163115094923e-06 0.0 0.0 0.00014699848384661934 4.017247948146838e-06 0.0 8.032252438270417e-07 2.4589859306898998e-05 3.0157711014263596e-06 7.688083225475029e-05 0.00016781723095955658 0.00011553677430799118 5.964645712035531e-07 0.00012026558830180418 2.4985187412884215e-05 4.495125797755934e-05 6.735800250969537e-05 2.7484852186486162e-05 1.4381653030335814e-05 0.00015886730383433514 8.931308191287755e-05 2.8455132467204616e-05 8.796787247701726e-05 5.582486364879277e-07 2.9497824844523885e-07 0.0 0.0 0.0 0.0 0.0 1.514332429661758e-07 0.0 0.0 0.0 0.0 0.0 0.0 0.0 0.0 0.0 0.0 0.0 1.1412745215038446e-05 0.0 0.0 0.0 0.0 2.0715415373309056e-05 3.588705391566044e-06 2.978355077546659e-05 5.51017513832761e-06 5.821193733430725e-07 2.2494711653373302e-07 0.0 0.0 0.0 1.8349660689552687e-07 0.0 0.0 9.772211680821364e-07 9.984725821332177e-07 1.813803323081257e-07 0.0 0.0 2.29191383969822e-07 0.0 0.0 3.2902112431254094e-07 0.0 9.0954447666851e-07 3.238526500090503e-06 1.7872041843898712e-06 0.0 0.0 5.907323674343664e-05 6.930126155730149e-07 0.0 0.0 0.0 0.0 0.0 0.0 0.0 0.0 4.296443006868131e-05 1.002284141921055e-06 0.0 0.0 1.1154276871268816e-07 4.626571018301365e-05 0.0 1.4146371386969099e-05 6.555973096693228e-06 3.4734648790033166e-06 3.595454155245864e-06 1.2347254895565858e-06 2.087479446544694e-06 0.0 0.0 0.0 0.0 0.0 0.0 0.0 0.0 6.673392097890567e-05 3.6974972054396165e-05 3.0381178058595584e-05
7.445761410070847e-05 0.0001663962817818976 0.003036554233922184 2.5124894619590376e-07 0.00032578724797193684 1.913311040643708e-06 1.3539822786918013e-05 0.0 7.570029504345092e-05 1.2124454291693763e-06 0.002126138223629749 9.162499199823995e-06 1.8716714900303823e-05 0.001258774383490569 1.3257838199197502e-06 5.199538112132486e-07 4.463301858985139e-06 2.495014062303225e-06 2.1756830720553885e-07 1.2505678565000305e-05 5.248520493911788e-06 9.63279320215308e-07 3.84648318253815e-07 3.2126780183368083e-07 2.3157163806127735e-05 1.00433103324139e-05 1.1316210730371334e-05 4.177898366231968e-06 1.6247678412832728e-06 6.374074507229321e-07 0.002412436098942317 0.0018327988840159003 0.00010390351106997623 3.858386207944557e-07 1.4890635579118534e-05 4.9283521656935e-05 2.9735813282245052e-05 1.2380617467464164e-05 1.1962343350442772e-05 1.6213266690741118e-05 2.2760054220620177e-05 1.3969600318035514e-05 7.698497260400834e-06 5.0287329879639075e-05 1.8901542807083862e-06 3.5504402829339687e-05 7.670073253619651e-06 5.04284681712547e-06 4.764363441272849e-06 9.243225446208644e-06 2.5153757193150452e-06 1.4430959660745016e-06 9.932073503322873e-07 6.587161168505849e-07 6.422354593149257e-06 1.855430462257841e-06 3.905841645716992e-05 6.688386473166011e-05 5.997823854001523e-05 8.383523254693032e-07 0.00011897022162230724 4.017474415016458e-05 1.254664827871802e-05 0.000433259928777485 2.7620799703761065e-06 9.64182214107486e-06 4.18031879480121e-06 1.1672215160141175e-05 1.8775460515777753e-05 5.7334950750794794e-05 3.622921523476504e-05 1.1631822679294253e-07 3.568295503678801e-07 1.2571916359330287e-05 3.469244616642478e-05 2.209513026495098e-05 0.00032779730969606833 0.0004436498074748691 0.0010465096568896385 0.0012432302698573954 0.0001366525711107614 0.0005134243525241575 6.850485150543544e-06 9.389232055375041e-08 2.348379081525775e-06 3.275542038440422e-06 5.850089291726275e-06 0.0 1.4432478446609976e-07 0.0 1.1850562440620166e-06 1.7793991279574787e-07 3.769289862968547e-05 2.1615820046383792e-06 3.715065362263673e-07 1.4403235382965963e-05 5.015586656895027e-06 1.113215502600939e-06 1.6908662453452098e-05 7.59174668084146e-05 0.0 7.248744068078209e-07 1.1304810275770945e-06 2.1337876218961693e-07 0.0 1.4054867706875798e-06 1.757168532273202e-07 1.5037326733148506e-06 3.9854067041701826e-07 3.325707406597233e-07 0.0 1.0768567634959295e-06 2.5914354192478873e-06 0.0 2.887678787301992e-06 9.985676054519893e-08 0.0 0.0 0.0 0.0 0.0 0.0 0.0 0.0 1.1618632505187793e-07 1.882057916980601e-07 0.0 0.0 0.0 0.0 0.0 0.0 0.0 1.0880865654912123e-07 3.936880454161429e-07 0.0 0.0 0.0 0.0 4.0869177236010373e-07 3.9963666885492357e-07 8.132353670266691e-07 1.7345813666383463e-06 9.525040999560126e-07 0.0 0.0 0.0 0.0 0.0 0.0 0.0 0.0 1.0426198357017764e-07 0.0 0.0 0.0 2.9312182413182074e-06 2.105150795369662e-07 0.0 0.0 0.0 0.0 0.0 0.0 0.0 0.0 5.2758131180660905e-06 1.00397989213186e-07 0.0 0.0 0.0 0.0 0.0 0.0 0.0 0.0 3.3351669141195675e-06 1.4321480347642e-06 0.0 0.0 3.726219162964324e-07 1.2408503457248965e-06 0.0 1.1808013743895247e-06 0.0 3.5099571008846434e-07 0.0 0.0 0.0 0.0 0.0 0.0 0.0 4.304924132575103e-07 0.0 0.0 0.0 2.2079749916809356e-06 1.9928153761829363e-06 4.8368804566130685e-06
1.55708242255505e-05 0.0007562013167723702 0.0006187658625443581 6.092480212011315e-06 0.0027998285832868753 4.7044141309596574e-06 0.0005098824906278792 7.570029504345092e-05 0.0 0.00013096427150632295 0.0007451575668329636 5.908455407898369e-05 0.0012319297655776363 0.0013812003917113 0.0 0.0 0.0 0.0 0.0 1.354147269950676e-07 1.0672335413231858e-06 7.103235999627964e-07 2.8593246994798194e-07 1.1873732233246079e-07 5.238417120632927e-06 1.3440589506074786e-06 3.1113936015586e-06 5.761636693464138e-07 1.34447418626615e-07 1.193466843196431e-07 2.6662219982934558e-05 1.6119892571541901e-06 6.82340574542347e-05 0.0 3.4801766774589086e-06 7.243035377589307e-06 2.8841994371215624e-05 1.0605020140276918e-06 1.3395922098108139e-06 1.98667617909486e-06 3.6580450220588726e-06 1.2242430894264156e-06 1.0943198124763549e-07 0.0 0.0 9.816745847817079e-08 6.166304960510572e-07 0.0 2.673928165620879e-07 5.584002546686174e-07 0.0 0.0 5.252702685563749e-07 0.0 4.675787447859322e-07 2.2628515596852095e-07 3.6611538519776676e-06 3.3510150440915123e-06 5.09004834559639e-06 1.5708008087592664e-07 0.0 1.0248899203709276e-06 9.658576601055599e-08 2.9507650947620345e-06 2.7754970323415784e-07 0.0 6.092211386417206e-07 4.325266662160432e-07 2.0895969983605737e-06 2.0701803292195173e-06 1.7658411021288805e-05 6.761052539829687e-07 9.978088325333327e-08 1.1966203885122626e-06 1.5970909325604271e-06 1.6447726927392607e-06 4.9623351699258205e-06 3.13025090042716e-07 1.5920623228355516e-07 1.92912424709695e-05 0.0 3.122472516989506e-06 7.521628210682538e-07 0.0 0.0 2.168367280932336e-07 0.0 0.0 9.03526616285926e-08 0.0 2.0132106813450226e-07 0.0 3.371304481893033e-06 8.482606920000225e-08 4.3799224928428403e-07 3.175452971115388e-05 2.4536716148745243e-06 3.9979774844657817e-07 1.3326700530647805e-06 2.5920946613472663e-06 0.0 1.1416294081168902e-05 2.3633253083876347e-06 2.0044476415521017e-06 0.0 8.552723210810554e-06 1.6137592478203639e-06 3.4459614811493104e-06 9.76962443753259e-06 1.5372554939862785e-06 3.5639903880859564e-06 8.151584806470848e-06 1.1077916477031278e-05 5.044578100328569e-06 1.7152377710866396e-05 0.0 3.662894732994772e-07 0.0 0.0 0.0 0.0 0.0 0.0 0.0 0.0 0.0 0.0 0.0 0.0 0.0 1.5617990760441155e-07 3.574527076626617e-07 4.1490636932940017e-07 0.0 1.4497873412747082e-06 0.0 0.0 0.0 0.0 2.861947537762269e-06 7.026902873598433e-07 5.097689935383902e-06 1.0700935658942705e-06 3.682010503226568e-07 0.0 0.0 0.0 0.0 0.0 0.0 0.0 1.907208715777787e-07 0.0 0.0 0.0 0.0 1.4960839657686298e-06 2.0833922782115048e-07 0.0 0.0 0.0 9.120910966514903e-07 0.0 4.2734723192817355e-07 0.0 0.0 1.2872285324174436e-05 5.054669029929967e-07 0.0 0.0 0.0 0.0 0.0 0.0 0.0 0.0 1.349669709292757e-05 1.6838346487189522e-06 0.0 0.0 0.0 1.0092995766469434e-05 0.0 2.0783293197207414e-06 7.579765728997495e-08 1.0497729351972302e-06 4.140293907750667e-07 9.024219376544748e-08 0.0 0.0 0.0 0.0 0.0 0.0 0.0 0.0 0.0 1.4208541183793342e-05 1.2165723180682303e-05 7.535085288340256e-06
0.0010435014996261814 0.0012334938191851511 7.86268985466725e-06 0.0013842758315481835 9.886840901913885e-05 0.0005506019595985859 0.002204483513992893 1.2124454291693763e-06 0.00013096427150632295 0.0 1.3494695496097181e-05 0.0007875800543621403 0.005110861401813235 0.0003235558910561 0.0 0.0 0.0 0.0 0.0 0.0 0.0 0.0 0.0 0.0 5.725260482369549e-07 0.0 3.0129760295035494e-07 0.0 8.880083026680253e-07 0.0 7.330475117547347e-05 0.0 3.07737429489683e-05 0.0 0.0 7.399144541616321e-07 1.8485837698744668e-05 0.0 1.2234412999486024e-06 2.388431887798843e-07 0.0 1.8988757919753297e-07 0.0 1.583866732095263e-07 0.0 0.0 1.0436589044702984e-06 9.625271938448523e-08 2.069843364106074e-07 0.0 6.739053023297873e-08 1.9288878091650016e-06 0.0 0.0 2.0187618201209326e-06 2.838406183251492e-06 3.797690214982292e-05 7.96963285117702e-05 2.081994112936067e-05 1.5642287862203128e-07 0.0 3.2154239355635967e-07 0.0 3.234299066029754e-06 6.645139653274773e-07 5.374451204238031e-07 1.4513009934252015e-06 0.0 0.0 0.0 3.983275683173975e-05 1.4626357761612797e-06 0.0 1.1032713488722588e-06 1.4178281086672137e-06 7.427581413684367e-07 2.497355091902076e-06 0.0 0.0 4.859838464916748e-06 0.0 7.594553356322999e-06 2.236322302752004e-06 0.0 3.7501292520969226e-07 1.4282858880484056e-06 0.0 0.0 1.6302141915226714e-07 0.0 0.0 0.0 6.106585104913622e-07 0.0 0.0 0.0002807051277250904 2.485346041651591e-05 1.0091123045712646e-06 4.0512252637523175e-07 0.000256034495590168 4.4944293740475024e-07 6.699389508824995e-05 4.053168798148064e-05 0.00010403449718082472 1.8706640469270293e-07 5.736365202155824e-05 7.319225962440541e-06 3.506056281426548e-05 0.00010028136313712883 2.8628285451664358e-05 8.257091424393124e-06 6.812884650850515e-05 7.06725237508703e-05 2.9800016253203775e-05 3.983948910305183e-05 1.5653817639287074e-07 0.0 0.0 0.0 0.0 0.0 0.0 0.0 0.0 1.4392527235802219e-07 0.0 0.0 0.0 0.0 0.0 0.0 2.3449252697147837e-07 1.1181175551039191e-07 2.1404915213756348e-07 1.0538717473900463e-06 0.0 0.0 0.0 0.0 9.350955030697273e-06 1.4694098240048712e-06 1.3798619818616526e-05 3.83494405564573e-06 4.809513951611416e-07 0.0 0.0 0.0 0.0 0.0 0.0 0.0 1.3404492301201308e-06 0.0 0.0 0.0 0.0 1.199161409770406e-06 0.0 0.0 0.0 0.0 5.214395255408014e-07 1.1621578996886862e-06 2.3629219769943963e-06 0.0 0.0 2.1495380234290255e-05 6.555368223606137e-07 0.0 0.0 0.0 0.0 0.0 0.0 0.0 0.0 2.0909863017784144e-05 1.5588773972983033e-06 0.0 0.0 4.530505994462001e-07 2.179114342643769e-05 0.0 3.2563445379862552e-06 1.5899208136854852e-06 1.0929243597614001e-06 1.6359119449677066e-06 4.1997878303099e-07 6.961037440971151e-07 0.0 0.0 0.0 0.0 0.0 0.0 0.0 0.0 4.011560824218814e-05 1.176678684224292e-05 8.152550757009024e-06
8.701280877398882e-05 0.0004963679804571665 0.001337858599646231 2.5001361701128635e-06 0.0005940990898838921 7.781111250477244e-06 9.304965886559356e-05 0.002126138223629749 0.0007451575668329636 1.3494695496097181e-05 0.0 0.0001847550529607904 0.0011168365219722228 0.0028672388815260286 1.3874285580365574e-06 5.77902014506975e-07 2.795505436476782e-07 0.0 0.0 2.8550496297569198e-06 2.208958184803576e-06 5.938657745771694e-06 1.0023875850275662e-06 8.15993659729399e-07 3.521673649073095e-05 9.186232560216e-06 1.3342229663506954e-05 2.2184350093120343e-06 4.004324677591626e-06 1.0219292303552658e-06 0.0007380124726460072 6.858723168829856e-05 0.00035777721287908127 3.9427111881715834e-07 1.5012068498355777e-05 4.349424834944648e-05 0.00016640051035678383 1.135908753841227e-05 6.903875427607409e-06 1.9916144503254232e-05 1.2710430089025026e-05 7.589013861406717e-06 2.586618190836264e-07 8.179293552903591e-07 0.0 4.360877094180146e-07 4.6672073555456515e-06 4.619781475072268e-07 6.287954586979816e-07 2.0761375646503225e-06 2.7578074179093347e-07 0.0 2.160022564466933e-06 5.072996514585052e-07 1.611181887551955e-06 1.2565483517494697e-06 1.4294976790281823e-05 1.9161006824854424e-05 2.0831711521409707e-05 7.608683917797649e-07 2.100229646440882e-06 3.5086137342910735e-05 7.175559372250456e-07 9.67345954930651e-06 8.8015957866196e-07 1.8854752471781478e-06 1.814634129206066e-06 2.3113091617632935e-06 6.214602251814144e-06 1.31717290919891e-05 0.00011524715259458271 4.243528193605868e-06 1.065860012297072e-06 4.775850970614778e-06 5.84946558261919e-06 6.038465612026678e-06 1.874370882659794e-05 2.2957955974512895e-06 9.347766935111058e-05 0.0002522354127125331 5.268461452943142e-07 6.036578953359113e-05 3.122096894014093e-06 7.095318981099108e-07 8.856462235998251e-08 1.0737054378295905e-06 7.405379090630496e-07 3.756494562026724e-07 2.4976006359770684e-07 7.292575697409171e-07 9.022276253218174e-08 0.0 1.628458224949199e-05 4.3968791269315346e-07 3.1143363855750045e-07 7.688470472469626e-05 1.3836559884380998e-05 4.937742358770303e-06 1.574271463865819e-05 2.4929740208956247e-05 5.828061006552996e-07 8.978505893653369e-06 2.797807126198456e-06 9.368633956091175e-08 0.0 8.898044913983467e-06 8.046870132206848e-07 1.897460250812455e-06 9.70766319475855e-06 3.137658720202211e-06 3.093372242529318e-06 8.481389622057654e-06 1.169405744736719e-05 5.170859050264241e-06 1.5300246304968906e-05 0.0 0.0 0.0 0.0 0.0 0.0 0.0 0.0 0.0 0.0 1.0899386707883274e-07 0.0 0.0 9.754582641739795e-08 1.0072716881303208e-06 1.5819286928820457e-07 1.4967468845499887e-06 1.6710385802000145e-06 6.419532122815533e-07 1.5374910496385546e-06 0.0 0.0 0.0 0.0 6.684880691796234e-06 3.124088583023561e-07 8.853688641354329e-06 6.535856128137322e-06 3.432904132604509e-06 9.601670492197856e-08 0.0 0.0 0.0 0.0 0.0 0.0 4.6298878864188696e-07 2.020574461538107e-06 0.0 0.0 2.899401401085691e-07 8.621790481630471e-06 1.1825895190604857e-06 0.0 0.0 0.0 0.0 5.056072865231832e-07 1.2141073514259058e-07 0.0 0.0 1.2941812099640107e-05 3.895892704241558e-07 0.0 0.0 1.2775017809562663e-07 0.0 0.0 0.0 0.0 0.0 9.378444980451421e-06 3.409799063221751e-06 1.8728182229595338e-07 0.0 3.0276559728279806e-07 9.047990582580621e-06 0.0 5.195683864392819e-06 3.6311061901932145e-07 4.865236206072292e-07 1.1352433971655091e-06 1.3718675130658592e-07 6.84525593534569e-07 0.0 0.0 3.3262298302459163e-07 0.0 0.0 0.0 0.0 0.0 1.7358458575531944e-05 2.035162451852225e-05 1.2275828106334843e-05
2.9703149391525514e-05 7.225857472966857e-05 1.7745930684748927e-05 0.00028172344589572843 1.6705625732663018e-05 9.398243694671085e-05 0.00011292454873397709 9.162499199823995e-06 5.908455407898369e-05 0.0007875800543621403 0.0001847550529607904 0.0 0.001001668534113007 0.00042162863612320886 1.409358509017242e-07 0.0 0.0 0.0 0.0 0.0 0.0 1.0452278246531245e-06 0.0 0.0 6.8538738051016985e-06 3.0976382476501e-06 2.052926311699948e-06 1.592861892663872e-07 2.416058935009907e-06 1.4420601461784202e-07 1.2973600506038625e-05 3.675356390857225e-07 0.00017093990447262773 0.0 8.302017229321346e-07 4.914025924755709e-06 0.00018007846684832296 7.064447438744269e-07 6.036192914151446e-06 6.467019862068207e-06 2.6034705385996447e-07 0.0 0.0 0.0 0.0 0.0 2.108707690679146e-07 0.0 0.0 0.0 1.8405612597134228e-07 1.6525899572438612e-06 2.8667601532710374e-06 0.0 2.1820282935372705e-07 1.6353609262814275e-07 1.7850575229249216e-06 1.9934873409659977e-06 2.2864038822405465e-06 1.0604167125256913e-07 8.689140593162216e-07 2.1278284135813736e-05 0.0 2.40282162745249e-06 1.8816346955438674e-07 0.0 0.0 1.701184569976925e-07 0.0 1.177450274068732e-07 6.250549350100638e-05 5.272617157604512e-06 1.6386015401386605e-06 5.359748072396556e-07 0.0 7.093997235627634e-07 1.6774928745139362e-06 1.2772581155231627e-06 2.6708056519969728e-06 4.89080102158097e-05 0.0 2.8453396006886093e-05 5.213359832320781e-07 1.495616940355182e-07 0.0 8.870885617602029e-08 0.0 5.684407523455164e-07 9.239430515191586e-08 9.506227796074776e-07 0.0 0.0 1.77512971276066e-07 0.0 0.0 0.0007372425209524935 4.440901994566612e-05 6.938804377631852e-06 1.3785405395769377e-05 4.216631119671303e-06 4.174070834888007e-07 2.2390458722004955e-05 7.867777799715149e-06 1.5637373446624485e-06 0.0 1.6374109951726143e-05 4.614160144531265e-06 7.944158493205309e-06 2.9429200759585858e-05 5.358358733017913e-06 9.849429777383429e-06 2.5276238735569254e-05 3.562049597871398e-05 7.588057694686694e-06 1.8834480946179352e-05 2.4165877696015384e-07 0.0 0.0 0.0 0.0 0.0 0.0 2.103734435788539e-07 0.0 2.910745670033288e-07 7.671872006727151e-07 9.967997600336493e-08 5.872188568482483e-07 4.318120258814285e-07 1.0861908670220822e-06 0.0 2.326566815369156e-06 8.932631306369771e-07 1.512263468329319e-06 1.3903522208266095e-06 0.0 0.0 0.0 1.1595698193812484e-07 7.318491407261877e-06 6.392120567609378e-07 8.955324915978052e-06 3.2849659695694954e-06 1.8098981598063057e-06 0.0 0.0 0.0 4.998757795255326e-07 0.0 0.0 0.0 6.865959746986667e-07 5.872894950232952e-07 0.0 0.0 1.7481297227313347e-07 8.808656987665955e-06 7.616610050529726e-07 1.1402650689356865e-07 0.0 0.0 3.003926307718367e-07 1.6897059440335182e-07 1.1068402972504953e-06 0.0 0.0 2.4675684577978598e-05 0.0 0.0 0.0 0.0 0.0 0.0 0.0 0.0 0.0 2.1360903799016647e-05 4.131981221199448e-06 0.0 0.0 0.0 1.8279539482032732e-05 0.0 6.3832990729130655e-06 1.5436378418959828e-06 3.5383103330877387e-07 2.627372189344089e-06 8.085899754465583e-08 3.5205592752854685e-07 0.0 0.0 1.9999353173390458e-07 0.0 0.0 0.0 0.0 0.0 3.4508324821199224e-05 1.3186899627452459e-05 1.5045645967045714e-05
0.00020564462415992 0.0015969721966641265 0.00028494356777524393 0.0017004874282800842 0.0007992876954071864 0.00013989160640659668 0.002359714415094536 1.8716714900303823e-05 0.0012319297655776363 0.005110861401813235 0.0011168365219722228 0.001001668534113007 0.0 0.0039305724782740265 0.0 0.0 2.9492061196009564e-07 0.0 0.0 0.0 0.0 3.100639684974321e-06 1.8811533168103775e-07 1.4357675018688716e-07 1.15903460794743e-05 3.3117584595721114e-06 3.93598111170844e-06 7.387196627209006e-07 1.458230515935472e-06 4.203474494512892e-07 3.489874856823002e-05 1.3384129187156997e-06 0.0007873247399976962 9.59672650195978e-08 4.160492470125903e-06 9.748359711784694e-06 8.950116218277682e-05 9.496248301558092e-07 3.3365057781727424e-06 8.286541895061772e-06 3.0399201190864403e-06 2.964956392790951e-06 1.1165668757278152e-06 1.0896922772943953e-07 0.0 0.0 2.129767904866969e-06 4.511880655165535e-07 2.7049467132535524e-07 9.380443359410054e-08 5.152662958938884e-07 1.7814017726112285e-07 1.64224605580185e-06 0.0 8.447733808420832e-07 2.735044664359326e-07 8.06619621112798e-06 1.4096583539030004e-05 8.207867869636294e-06 1.2618657763141628e-07 0.0 8.135571728020982e-06 4.3249932360637434e-07 5.7932065201888975e-06 1.920899365043542e-07 4.1553203768017184e-07 5.01332607408993e-07 0.0 1.072484302001448e-06 2.6799494732803283e-06 8.92089932541721e-05 3.228967405947647e-06 1.7789315755322798e-06 1.2535336647298153e-06 1.2406434471115976e-06 2.5046333907891496e-06 5.955364148480882e-06 2.9517156875577736e-07 1.0791981465026614e-06 8.608786710960315e-05 9.100354346155907e-07 1.302976719260917e-05 5.784140529240956e-07 0.0 1.8960263944412e-07 3.2211451131309283e-07 1.3089600423934107e-07 2.4043610349772614e-07 0.0 0.0 0.0 0.0 2.8482927438959965e-06 6.19839712408208e-07 0.0 0.0010578731770246868 2.5081527256611343e-05 3.00851584845315e-06 8.784512217100573e-06 1.2031605187801022e-05 1.7142137884944998e-06 6.16073964325852e-05 2.2616467699015413e-05 2.4709540625080104e-05 1.5694793112933214e-07 5.610600987241995e-05 1.468634009386229e-05 2.178405048068351e-05 8.372823707121038e-05 3.11807819132751e-05 1.2277093436748408e-05 9.621862990217878e-05 8.615625490107249e-05 7.480272311433898e-05 6.65529369780347e-05 1.6993082965409233e-06 8.810529751823707e-08 1.5879362548350012e-07 0.0 0.0 0.0 0.0 1.4887004381352303e-07 0.0 0.0 0.0 1.2635166251237834e-07 4.49262153773747e-07 0.0 8.269457017313579e-07 0.0 1.0673769443206983e-06 1.0759986643625582e-06 1.0448595922425025e-06 4.9133375606069846e-06 0.0 0.0 1.3816531912609487e-07 0.0 2.193478274221963e-05 3.7854579188340056e-06 2.1816725246445526e-05 8.458502834742022e-06 1.681611099339603e-06 0.0 0.0 0.0 0.0 0.0 0.0 0.0 2.5273043512924124e-06 1.8710690275570408e-06 0.0 0.0 0.0 7.1939315351017486e-06 0.0 0.0 0.0 0.0 1.1407989008387456e-06 1.2198142438747162e-06 2.729121895497036e-06 0.0 0.0 4.9853744360013364e-05 4.5560434958816467e-07 0.0 0.0 0.0 0.0 0.0 0.0 0.0 0.0 4.488953247024159e-05 4.825545686277267e-06 0.0 0.0 1.209258595311297e-07 4.172582156274358e-05 0.0 8.892899369651256e-06 2.7772863550388058e-06 1.7890695021815906e-06 4.022761724889673e-06 4.726834922084796e-07 1.5143930546135363e-06 9.756946754453333e-08 0.0 0.0 0.0 0.0 0.0 0.0 0.0 6.606402315453219e-05 3.077736958343279e-05 2.574833936518142e-05
