0.0 0.0015495199128633401 0.0003084026979954573 0.0020131680153688777 3.1271781381658175e-05 0.0001409946535311162 0.00028336477398909453 2.5907791456916773e-05 6.116213843874496e-07 0.0011650116835318753 1.8722238396872967e-05 4.4469788202289526e-05 5.8716339519064506e-05 1.421170333004013e-05 6.941922527750688e-07 5.656650862747568e-07 1.9423387043558987e-07 0.0 0.0 2.8839419226331265e-07 6.538485678062746e-07 0.0 0.0 1.1434611363332944e-07 3.285142500148999e-07 0.0 1.960455644664858e-07 0.0 0.0 1.732225266742243e-07 0.0006309324000916523 5.894696086828424e-06 1.0900912956562858e-05 0.0 0.0 0.0 9.443349276837098e-07 1.4820642386771012e-06 4.2929295986663317e-07 4.1237639899702147e-07 2.414009062232562e-07 1.863253027758999e-07 2.5177141955694777e-07 3.0777073898493784e-07 0.0 2.553813713097566e-07 7.444184917168657e-06 3.6546879579786663e-06 1.1776797435292133e-07 0.0 1.2121010770172538e-06 2.6727010109580804e-07 0.0 0.0 1.8030475533670165e-05 1.617221855905761e-05 0.00027333749674810577 0.0010355951939842911 3.904848917450038e-05 4.098807645018209e-05 1.0738716849528284e-06 4.929813803239031e-06 1.0443193908538531e-07 0.00011369757485158482 4.576737576910192e-06 3.7758988611375515e-06 1.9470291290274776e-06 1.0758368330453932e-06 1.8752426422639786e-07 1.2476963381119856e-06 4.529978587588813e-06 6.367893722452052e-07 0.0 0.00016723236565241998 0.0001576146959508667 5.036173557537363e-05 2.554306216363176e-06 2.2745730884686146e-06 1.0137929557073264e-06 4.164550382009992e-05 5.702115216720334e-07 3.5613016620809624e-06 3.1238807399765076e-05 4.848434973518947e-07 4.131567857022281e-06 6.1601650654037075e-06 2.604762202354547e-06 8.854154677292644e-08 1.1373839358587516e-06 1.9887698269870324e-07 7.608043829404853e-07 1.790332259434791e-07 4.7162143149714914e-07 1.7372821838897794e-07 0.0 2.3774693917426757e-05 2.9790002406599808e-06 0.0 1.0826723924024146e-06 0.0008541075581417433 4.2898037863505894e-06 4.667792919329906e-05 7.749566275770793e-06 1.8758118218356188e-05 7.370293397136101e-06 7.848917166535786e-05 4.177553448709514e-06 7.790210293083738e-05 6.045048835108807e-05 4.000430571930139e-05 1.7222510651524764e-05 5.672960368756364e-05 3.86611370046541e-05 3.7092437953073034e-05 1.9465618452123447e-05 0.0 1.079626045104108e-07 0.0 0.0 0.0 0.0 0.0 0.0 8.875365138968001e-07 0.0 0.0 0.0 0.0 0.0 0.0 0.0 0.0 0.0 0.0 4.206645887871528e-06 4.0733098369888205e-06 0.0 0.0 1.0087607726661162e-06 6.625007495700739e-07 7.59237862640301e-08 1.83820860091341e-06 3.355839619860411e-07 0.0 1.0069604571311157e-07 0.0 0.0 0.0 0.0 0.0 0.0 0.0 3.234573443957279e-07 0.0 0.0 0.0 0.0 0.0 0.0 0.0 1.1394851878242073e-06 5.501325228722315e-07 2.8716425755554746e-06 3.1514522287344895e-06 2.162937074322257e-07 2.6195497163715663e-06 2.7641835127198125e-06 2.291064898271582e-06 3.158925698620273e-07 0.0 0.0 0.0 0.0 0.0 0.0 0.0 2.3456184454905836e-06 8.604901634754593e-08 0.0 0.0 1.2489803731293139e-07 1.6168673736800814e-05 1.8344447973703534e-06 5.418908258238403e-07 7.701985129597041e-08 1.7989355205832584e-06 2.6080065493154755e-06 5.429058579807549e-07 1.6636204299285995e-07 0.0 0.0 0.0 0.0 0.0 9.367902413253875e-08 0.0 0.0 4.95798734527683e-06 3.0152929966360963e-07 1.184249919932316e-06
0.0015495199128633401 0.0 0.0010038048052690134 0.0007266668326735253 0.0006330485179005986 5.388898142805988e-05 0.0020374260925030007 0.0003445690462545614 0.0003505991338478095 0.0006734985671007316 0.0007293475154687869 7.670026610445277e-05 0.0004433014293798263 0.0013775593022001167 1.3459696201804019e-05 4.106697762106717e-06 2.762584903216664e-07 4.378681206263001e-07 8.11102130598864e-08 3.8947873810047176e-07 1.417462084650136e-06 0.0 1.2912524191791196e-06 3.154581580258174e-07 1.744144638921497e-06 0.0 5.760924402102855e-07 0.0 3.024696971878715e-07 2.8622455980301905e-07 0.0017612362939938948 7.983122439972332e-05 0.0001166876696560478 1.0576185122978251e-07 7.598792374426369e-07 1.16681938421796e-06 4.741468154560691e-06 3.09789958566154e-06 1.7234521005557726e-06 2.3127612171103357e-06 7.298994197053215e-07 4.771123339314041e-07 1.477553760249124e-06 1.2359367202456744e-06 0.0 2.3657525959868042e-07 0.00012501330472158885 1.501750037238594e-05 9.727303215705614e-08 5.06679718659688e-07 3.3730378878482654e-06 0.0 3.832346011418187e-07 2.8332332003038434e-07 2.77362736342287e-05 3.627423941081053e-05 5.5918722803574686e-05 0.0005012123363373213 2.0294346581859074e-05 0.00011873421448764678 1.5009217957153654e-06 5.834267996256813e-06 1.1921959432487086e-06 0.0003192045168417434 1.0968910133276541e-05 9.821444123767291e-06 4.044534946630703e-06 4.015565809092652e-06 2.142905704960948e-06 4.657944167098434e-06 1.1783852096983239e-05 2.0142234185502778e-07 0.0 0.00015174982304012112 0.0003169808013759617 0.0001825219572476432 4.755089841376429e-05 6.334498148264219e-06 4.457819308098082e-06 0.0003565849222127851 9.759583097820714e-07 2.3207694451766308e-05 6.81226528120216e-05 1.4746083207264755e-06 1.4410828558778717e-05 1.5124023084153329e-05 5.53621368578122e-06 9.546084240648081e-08 2.3352168401574696e-06 1.8688639981109365e-07 2.219670266386239e-06 3.811187312100046e-07 1.943288399506239e-06 1.0847281764977459e-06 8.101080051312166e-07 1.2295118986516647e-05 3.620772638999589e-06 0.0 2.493189738318245e-06 0.000512353193758397 3.1422746014031323e-06 4.302813149266457e-05 9.473786315280055e-06 1.3016478326275888e-05 1.6696706978376805e-05 6.913346700546829e-05 5.3896152485884536e-06 7.625724801548377e-05 6.699743861560107e-05 4.8240107899833164e-05 1.7226004754741347e-05 8.662782698015514e-05 7.656400102467448e-05 6.475355344584663e-05 5.9685346882087916e-05 2.3749760370392235e-07 7.431944485798475e-07 0.0 0.0 0.0 0.0 0.0 0.0 0.0 0.0 0.0 0.0 0.0 0.0 0.0 0.0 0.0 0.0 0.0 1.7717917958300202e-06 4.8076517350633145e-06 7.719022899692435e-08 0.0 0.0 7.378422081625967e-06 1.6087734685370672e-06 5.345348311265324e-06 1.6018472443563667e-07 7.042464681324275e-08 0.0 0.0 7.544343965892846e-08 0.0 4.999512808668632e-07 7.335625806251073e-07 0.0 1.0294825469645576e-06 2.0054523217052594e-06 0.0 0.0 0.0 5.291900783821124e-07 1.4476995209877876e-07 1.5497386557660751e-06 1.0068798969190405e-06 1.0085971390584746e-07 1.122234869270022e-06 3.788758694247072e-06 9.14198739208473e-07 7.838787621385385e-08 4.4852836482002096e-07 1.4652897752771552e-05 6.115626900245788e-06 2.645573385566057e-07 1.8814317601024068e-07 0.0 9.241344026280986e-08 9.49478359443657e-08 1.7560835632071731e-07 0.0 0.0 1.6144301361735856e-05 3.5887688439249714e-07 0.0 8.804880141165893e-08 1.7528659389954706e-07 2.820937987874167e-05 2.3419379343820212e-07 8.877717478715234e-06 1.755674951851018e-06 4.043210706441706e-06 1.474541179530836e-06 0.0 3.8308963195652234e-07 3.130158278642439e-07 0.0 0.0 1.1273523218602617e-07 9.157826788676224e-08 0.0 4.195763872527306e-07 1.0055739407163563e-07 2.6551068093566613e-05 3.2704531271001254e-06 2.178742122151316e-06
0.0003084026979954573 0.0010038048052690134 0.0 4.601844802792879e-05 0.0002787698066149497 4.85407473019738e-06 8.92794981789117e-05 0.0021777194778325247 0.00046488341609461783 9.388711468800973e-06 0.001708591877050768 3.0781498133225914e-05 0.0001586077027924726 0.0013701569751033281 1.2407795314523565e-05 1.104839828237543e-05 4.867717950269004e-07 3.555500808035106e-07 9.247511124942961e-08 2.8601743313411526e-06 1.6220801658458597e-05 0.0 5.974301929001878e-06 6.11262712754061e-06 6.020138799021125e-06 1.4253026637793855e-06 4.737465829153317e-06 1.8021092908958854e-07 1.9608030519331612e-07 1.3829168154780767e-06 0.0012192441293027293 5.956756642251609e-05 0.00018281281965124664 3.9513050157067377e-07 3.4396231050464393e-06 7.016572135749153e-06 1.3222260251794172e-05 1.2165940553877137e-05 7.817521189499726e-06 6.019002234844219e-06 3.5488727073638894e-06 4.7121267603643646e-07 5.9952948850216485e-06 1.1070675993935318e-06 9.173759565021269e-08 5.342451740480366e-07 3.2453835153891534e-05 2.484810029452615e-06 3.32488261758728e-07 1.7734315327740071e-06 4.886130523960687e-06 0.0 1.8557694244406993e-06 2.387583341321395e-07 4.208145232390979e-06 4.245108714385794e-06 1.5947710309639894e-05 0.00020171324022712895 6.694659217542785e-06 2.1637695248514145e-05 2.8588692974076394e-06 2.035721390146217e-05 1.780797091402617e-07 8.875857512539511e-05 1.4044033469013696e-06 2.583819198738743e-06 2.4938401744151846e-06 2.470705213660969e-06 7.309625401296418e-06 2.370287369866833e-05 2.9533139012138467e-05 6.532203238112589e-07 7.735469264682008e-08 3.098373635473878e-05 6.996366862160148e-05 4.532157290566401e-05 2.248715375270822e-05 1.0605241443773856e-05 2.0225839355708805e-05 0.0009647850184253437 2.721316257203856e-06 0.00012552823205711218 9.281544246516069e-06 2.3182840358220856e-07 2.535127940220742e-06 2.9517051484790735e-06 1.2988170323157156e-06 3.350356499072285e-07 4.0621912826589995e-07 0.0 7.107087102216271e-07 1.7999605766532237e-07 1.1450801245266094e-05 1.7414180481089134e-06 8.65212907917295e-07 2.444067423870979e-05 9.903659123066963e-06 0.0 8.030762727809501e-06 7.619513379782888e-05 5.148868162037157e-06 4.612237354324826e-06 9.824001870151414e-07 1.378895900582728e-06 8.005516594932058e-06 9.321712487067652e-06 2.509974305176958e-06 1.4540378763885188e-05 1.1842643355758752e-05 8.244626394316856e-06 6.069436132488947e-06 1.4313656757191528e-05 1.715075527405323e-05 1.2454224379341609e-05 2.6026841771617415e-05 9.222737764535053e-07 7.123683797080695e-07 0.0 8.678194942182012e-08 0.0 0.0 2.0068167901226525e-07 0.0 1.696425544336511e-07 0.0 0.0 8.266072622577377e-08 4.4670757490942724e-07 0.0 8.290065166848496e-07 7.175828261941733e-08 1.3837830395042712e-07 7.843440469352435e-08 0.0 2.097529623676198e-06 2.928756791599037e-06 0.0 6.32537964991508e-08 3.029884274830282e-07 7.092555275798512e-06 1.7077040374331082e-06 8.372756748742221e-06 9.930183180928473e-07 2.0439235985108026e-07 7.110387500086058e-08 0.0 1.5930962933285493e-07 1.1448974552832804e-07 3.4997641047535215e-07 0.0 7.473687195457659e-08 2.4193811072274217e-07 1.0108646761554383e-06 0.0 0.0 2.3764784711603964e-07 1.9351071341452695e-07 3.054264345078633e-07 5.225604559667642e-07 0.0 6.438861585806938e-07 5.390308460682374e-07 6.097289802757376e-06 7.273896370822633e-07 1.4466312450788022e-07 6.838959071752624e-08 1.2239558990008201e-05 4.442379916938544e-06 4.3552964950173137e-07 5.478485866765729e-07 0.0 7.843288294939241e-08 4.1718248775099254e-07 7.40542832486674e-08 6.224300678042223e-08 1.5099721729578709e-07 1.4602226964526107e-05 3.454606174712777e-07 9.430574061924003e-08 8.568389574698012e-08 2.5737265996913295e-07 1.9397644960434913e-05 8.973635743573731e-07 9.982288766379778e-06 1.4313658457625317e-06 3.149982967482555e-06 1.8712414466363394e-06 1.285921242236895e-06 5.23710191300267e-07 1.7622311212910885e-07 0.0 0.0 8.420583258864701e-08 0.0 7.011256245418436e-08 0.0 8.48871647028109e-08 1.092339157293326e-05 8.399916676611952e-06 4.34133593941654e-06
0.0020131680153688777 0.0007266668326735253 4.601844802792879e-05 0.0 1.2996098448687454e-05 0.0005402017806059675 0.0004602651196566435 1.8947975731357972e-07 0.0 0.00202074518664128 1.714539245175008e-06 0.00026365647539153015 0.0004020714298692015 4.679386227855144e-06 2.988480729658687e-07 0.0 0.0 0.0 0.0 0.0 0.0 0.0 0.0 0.0 0.0 0.0 0.0 0.0 0.0 0.0 9.058597518123213e-05 1.4056244024626921e-06 0.0 0.0 0.0 0.0 9.265328788905972e-08 0.0 0.0 0.0 0.0 0.0 0.0 1.8640397810035755e-07 0.0 0.0 5.315980246197411e-06 1.2892854841900373e-06 0.0 0.0 2.598121310962767e-07 7.978452029694597e-08 0.0 0.0 4.686697355310125e-06 5.06420687834684e-06 1.9187720933852226e-05 8.101404896418037e-05 4.157022071117217e-06 1.1425084587950224e-05 1.2495649765000011e-07 0.0 8.569761450089678e-08 3.069362596365303e-05 9.501765806120123e-07 1.0242249613379861e-06 2.1099885060278645e-07 4.746821950154331e-07 0.0 0.0 1.5056320895233943e-07 0.0 0.0 2.9481283938050695e-05 3.0217398270310322e-05 1.5038095490306311e-05 1.2573772304373399e-06 2.8889222337976585e-07 8.071590840424476e-08 6.044933504196153e-07 0.0 7.670755942634857e-08 9.232462631807318e-06 0.0 1.2237715979174771e-06 1.0337292275887537e-06 2.6167968581801605e-07 1.724852416423001e-07 5.338025540162059e-07 0.0 5.877812796819152e-07 1.0940345410769915e-07 0.0 7.105253919313694e-08 0.0 1.209887227514399e-07 9.634043933565288e-08 0.0 0.0 0.0001049963377173988 7.923402128736193e-07 8.457696085059183e-06 1.7387084846908973e-06 5.8963999445365155e-06 1.7829331129158147e-06 2.3474291111913546e-05 1.0574172846931053e-06 1.7681778149137708e-05 2.8693693445992164e-05 1.0681256621148542e-05 2.6309632123822324e-06 2.518631047561807e-05 1.2449771531208444e-05 8.487172464877036e-06 5.286922513177133e-06 0.0 0.0 0.0 0.0 0.0 0.0 0.0 0.0 1.6240635558462057e-07 0.0 0.0 0.0 0.0 0.0 0.0 0.0 0.0 0.0 0.0 5.322898654146889e-07 1.6379680317172084e-07 0.0 0.0 0.0 4.511327146181874e-07 0.0 5.776960818445975e-07 0.0 0.0 0.0 0.0 0.0 0.0 0.0 0.0 0.0 0.0 0.0 0.0 0.0 0.0 0.0 0.0 0.0 0.0 6.019421463824204e-08 0.0 1.0062247169000528e-06 0.0 0.0 0.0 1.8624495468573349e-06 0.0 0.0 0.0 0.0 0.0 0.0 0.0 0.0 0.0 1.1254666964269554e-06 0.0 0.0 0.0 0.0 5.656862004745873e-07 7.392066373835502e-08 1.1235762060237732e-07 1.064225879205243e-07 3.194311322168283e-07 2.7029934030099514e-07 0.0 0.0 0.0 0.0 0.0 0.0 0.0 0.0 0.0 0.0 7.700211029563223e-07 2.8885322868638495e-07 0.0
3.1271781381658175e-05 0.0006330485179005986 0.0002787698066149497 1.2996098448687454e-05 0.0 4.895336833863258e-06 0.0010221441318358975 0.00010744518465599046 0.001510767755212033 0.00017990918974888543 0.0009046128544878701 1.6832545260803736e-05 0.0002908673049857099 0.002201858324797931 7.4219611814119925e-06 2.263545371887942e-06 2.094564361130558e-07 0.0 0.0 0.0 1.896930493518908e-07 0.0 0.0 0.0 9.672986172887121e-08 2.2632849749517286e-07 9.960203849425881e-08 0.0 2.327857535666674e-07 0.0 0.00010518871804583985 2.1692063961462935e-05 9.124915261698543e-06 0.0 4.238720403699004e-07 6.18232774694126e-07 6.241941727459013e-07 8.717565460250068e-08 2.8440186194807806e-07 0.0 0.0 0.0 3.726521503526609e-07 3.186523854214911e-07 0.0 1.6488584166541563e-07 6.86920302334555e-05 2.983427582286386e-06 4.590729161104383e-07 1.837901519864604e-07 8.441543958520216e-07 0.0 3.027950218737141e-07 7.160791815947131e-08 6.885575207343617e-06 7.928278886365386e-06 3.974678648194009e-06 1.0890199532023075e-05 3.928766215508756e-06 3.225825570426401e-05 6.945309042504306e-07 3.418769181104177e-06 2.658454488508331e-07 4.1372464573725196e-05 3.465750350833001e-06 2.133333098564619e-06 1.4324406697826304e-06 8.249417594187897e-07 3.3850267875946376e-07 1.0419817843566317e-07 2.912880290965965e-06 0.0 7.676356422174976e-08 1.894647986840464e-05 5.136688622336146e-05 6.0589794555815496e-05 2.5377761335424555e-05 2.361171765713636e-06 9.676145636499231e-07 6.2886318463300565e-06 4.5363719995769535e-07 2.7490547821663007e-06 1.58430744971901e-05 2.2874886035793278e-07 3.3133986140985016e-06 3.4293222749127894e-06 1.6580563627281832e-06 2.4656699698389486e-07 8.252592505808627e-07 0.0 8.860598110854944e-07 2.439501446742808e-07 0.0 6.512177604112688e-07 2.613665293210465e-07 2.124991573948336e-05 1.0253956840593086e-06 0.0 1.2164994075140535e-06 3.753262375341828e-06 3.2406431682873553e-06 1.0640812800804518e-05 6.101614369013054e-06 5.357548376066731e-06 1.594629888619333e-05 5.9607588154845695e-05 3.438537697987605e-06 7.199212130463966e-05 5.477406426212012e-05 3.723244032115572e-05 1.9650806942862607e-05 8.372091093474705e-05 8.108583758369136e-05 8.124847377451752e-05 6.725758691381014e-05 1.1380418481001573e-06 5.748062205678584e-07 7.428163989183426e-08 0.0 0.0 0.0 0.0 0.0 0.0 0.0 0.0 0.0 0.0 0.0 1.0923301876492208e-07 0.0 6.699634173781942e-08 0.0 0.0 3.8454927567025844e-06 5.2164158996913296e-06 0.0 9.621152916229427e-08 7.897879712836075e-07 7.484077214784315e-06 1.5456675406069189e-06 6.4866279293943835e-06 3.2452690571737026e-07 9.220660410869491e-08 0.0 0.0 1.452433528641873e-07 3.933269004517521e-07 2.092669443835355e-07 0.0 1.5693568543030157e-07 9.356784573682664e-07 1.6612565214674618e-06 0.0 0.0 0.0 0.0 0.0 3.4724379609224685e-07 0.0 2.874506878447816e-07 2.273736786312833e-06 3.7954873337862783e-06 7.23190730001118e-07 0.0 0.0 1.3150696660196725e-05 7.260833332993858e-06 0.0 1.6696438851672103e-07 0.0 3.767546572487208e-07 7.432135510800493e-08 0.0 0.0 9.24193658422327e-08 2.087335066619108e-05 1.1665493380405458e-07 0.0 0.0 8.450680936837865e-08 3.3419243978243126e-05 9.956642737589852e-08 8.354037272691383e-06 2.368203532072578e-06 1.1561980107877e-05 1.0294170716176075e-06 1.9264095133322576e-06 6.983606500392052e-07 2.711132716652011e-07 0.0 0.0 0.0 0.0 0.0 0.0 0.0 4.187041351023099e-05 4.911989383654343e-06 1.8008658069011635e-06
0.0001409946535311162 5.388898142805988e-05 4.85407473019738e-06 0.0005402017806059675 4.895336833863258e-06 0.0 6.2063651457735e-05 5.8965518134480466e-06 7.402490205855635e-07 0.0007042310089989436 1.545171503897548e-06 7.780230915834665e-05 8.547856844828539e-05 7.791168927328013e-06 8.892890731812967e-07 9.479152227184926e-07 0.0 0.0 0.0 0.0 0.0 8.530338823813472e-07 0.0 0.0 0.0 0.0 0.0 0.0 0.0 0.0 2.0400852952169586e-05 1.469067281434419e-06 1.1110376528733624e-05 0.0 0.0 0.0 5.250857730611693e-06 2.577640029878996e-06 4.163479436708176e-07 0.0 0.0 0.0 0.0 3.772618245941478e-07 0.0 7.151018529543403e-07 6.119095531540708e-07 0.0 1.009868256543228e-07 0.0 8.81234371971482e-07 1.0253966374550633e-05 1.2426514104636702e-06 5.790683492006669e-07 0.0 6.374134372080403e-07 0.00010176586688409283 4.9164465537714077e-05 4.4044989500441835e-06 6.261371979067294e-07 1.0157936399838813e-06 6.544305530853521e-06 0.0 2.017383049323679e-06 9.572620230366991e-08 7.340587614390363e-08 6.946961979425801e-08 0.0 0.0 0.0 6.0440558140584915e-05 0.00010112984113919276 1.4599555934666881e-05 1.4366145776050625e-06 4.316826503624427e-06 1.097353511142208e-06 3.961804012664296e-07 8.85788548665612e-07 3.5406975808570884e-07 4.3664561652596086e-06 1.3439381292314489e-06 5.457841228755067e-06 6.497771010319967e-07 1.3981814769790108e-06 9.072850060108557e-08 8.503640572362313e-07 0.0 3.348811173670484e-06 2.2237491401347955e-06 1.1504900505748256e-05 1.8551287355760593e-06 2.9329077695042087e-06 0.0 0.0 1.0225347013359823e-06 0.0002080839633215285 9.850286419320602e-05 3.237515032429721e-05 1.0392119466133719e-05 0.0002006028187728388 0.0 0.0 0.0 0.0 1.648310588766658e-07 6.772502315121587e-07 0.0 1.978819695469789e-06 9.626144813400418e-07 8.874091946377611e-07 0.0 1.1390002702225274e-06 7.533193616333359e-07 5.819672602436452e-07 1.6955744628172662e-07 0.0 1.1517512986266151e-07 0.0 0.0 0.0 0.0 0.0 0.0 0.0 0.0 1.7818566633963018e-07 1.0240213992394274e-07 9.265533417378259e-08 8.007613604459335e-08 2.8540224155354046e-07 0.0 6.081431038513295e-07 2.8470173776898707e-07 8.188728824235142e-08 0.0 0.0 1.1986662090796945e-07 0.0 0.0 0.0 0.0 0.0 7.76931539041654e-08 1.4892005384823795e-07 0.0 0.0 0.0 0.0 0.0 3.251816418943191e-07 0.0 0.0 0.0 0.0 0.0 0.0 6.521290084655486e-07 9.6245480196147e-08 0.0 0.0 0.0 0.0 0.0 0.0 0.0 1.0481129145209412e-07 0.0 0.0 0.0 0.0 0.0 0.0 0.0 7.903812209277706e-08 0.0 0.0 0.0 1.2707244712753021e-06 0.0 0.0 0.0 0.0 0.0 0.0 0.0 0.0 0.0 9.187541148525249e-08 0.0 0.0 0.0 0.0 0.0 7.573602955338755e-08 0.0 0.0 0.0 1.2052855654863342e-07 0.0 4.566809764306883e-07
0.00028336477398909453 0.0020374260925030007 8.92794981789117e-05 0.0004602651196566435 0.0010221441318358975 6.2063651457735e-05 0.0 3.0001561720177733e-05 0.0009267111826016267 0.0013064545983040748 0.0008963435649327823 0.00023900598987364383 0.0024271523918527357 0.002612940241756298 1.3441486164186444e-05 4.009467782627394e-06 5.762237367551237e-07 1.0820272881741186e-07 7.722305025104275e-08 9.619331434616953e-08 6.010499604790659e-07 0.0 0.0 4.264658590069719e-07 6.259968112463757e-07 0.0 8.439332991108523e-08 1.255338150942366e-07 1.0404654585560726e-07 1.7831067416155954e-07 0.0003012052304109116 2.9054077514192066e-05 1.00126730394978e-05 7.145245816235624e-08 3.4197991597858416e-07 0.0 2.8470717051082173e-06 3.2091580689228015e-07 7.732876535475393e-07 3.7263592417943585e-07 2.1775662808360955e-07 2.688754143429922e-07 7.095089994274277e-07 7.27895075172995e-07 1.0193036465794791e-07 3.648161998618124e-07 7.765598584557595e-05 7.935319690962197e-06 1.0836090950858102e-07 4.709567693982488e-07 2.4565229503157e-06 1.1810406076715163e-07 3.289962163552328e-07 3.161712796054647e-07 1.5665550276535635e-05 1.605724510640589e-05 1.6777186578362744e-05 8.60326266675253e-05 1.0314837511703569e-05 6.40585804633975e-05 6.81449991692287e-07 4.520747053624418e-06 3.7423391691507616e-07 0.00011557175887294516 7.924576206211628e-06 6.64635468954486e-06 2.4749002356832324e-06 2.2454810527993626e-06 6.78562378446652e-07 1.1554303686895986e-06 1.0587372749504787e-05 1.9971708921481507e-07 0.0 6.607994413598212e-05 0.0001337026939306354 0.00011291412962512679 3.0711043103407675e-05 5.299254479762524e-06 2.7032264950145252e-06 1.0677173187931772e-05 7.81854473535392e-07 4.941617580506081e-06 3.414429969790485e-05 5.999526964972035e-07 7.2927059295147354e-06 7.651420552174982e-06 3.991539590468435e-06 1.6071935810980877e-07 1.4549780923410373e-06 0.0 1.6973802197403743e-06 1.6867308237377756e-07 5.962134829559146e-07 8.640299708936407e-07 4.0792616780263126e-07 6.76896389168358e-05 2.616382355829676e-06 0.0 1.3400737176502146e-06 4.0870904953415426e-05 1.1249484364890761e-05 2.541197144621573e-05 1.8725870938456274e-05 2.6663248125475958e-05 3.568245018564348e-05 0.00015394667704739348 1.2755317837651794e-05 0.00018129618598570937 0.00015753311283852532 0.00011400327757487952 5.960492497003861e-05 0.00022574304915300053 0.00022855722556306852 0.00019618256351112704 0.00016170869462561624 1.7401331772851488e-06 1.1658346889525844e-06 0.0 8.383777801928132e-08 0.0 0.0 0.0 0.0 7.080730666776565e-07 0.0 0.0 1.0778978279615403e-07 1.1670713423912596e-07 0.0 3.029062648282682e-07 0.0 0.0 0.0 0.0 6.915390832347605e-06 1.905132817743558e-05 0.0 2.0151227462755242e-07 3.5587345719572995e-07 2.0159057672120502e-05 2.1904704289792767e-06 1.2542380475242937e-05 2.2609452357070505e-07 0.0 0.0 5.423594999597481e-07 1.1515591207881343e-07 1.4261110903494782e-06 3.1041293064002156e-07 1.9343609031023873e-07 0.0 1.8124897935575338e-06 3.7490808069210952e-06 0.0 0.0 0.0 1.531975209701946e-07 2.5015262388732195e-07 4.95498565309894e-07 9.414580934590096e-07 1.4289803158535194e-06 3.5220644464931922e-06 1.243941248859757e-05 2.033048938263218e-06 3.256856562320183e-07 0.0 3.0326499721613838e-05 1.1383669762273834e-05 9.751145430101878e-07 3.0805221553588783e-07 0.0 2.2036224600188596e-07 0.0 5.206888836099494e-07 1.0437102320664922e-07 2.591940435905054e-07 4.772006285233141e-05 7.609840063898773e-08 9.951038799540342e-08 9.729476312439481e-08 9.828685153001103e-07 7.130193563123852e-05 1.1831605644085937e-06 1.5475719699557827e-05 3.820194204351145e-06 1.8640072819672483e-05 3.7328974615706913e-06 2.8101637206607597e-06 6.464045067786764e-07 2.500225147640412e-07 4.636772296623696e-07 0.0 0.0 2.852390402595723e-07 0.0 0.0 0.0 0.00010338406980555837 1.0451424054165555e-05 3.690315498494378e-06
2.5907791456916773e-05 0.0003445690462545614 0.0021777194778325247 1.8947975731357972e-07 0.00010744518465599046 5.8965518134480466e-06 3.0001561720177733e-05 0.0 0.00015380078358699073 1.018766956245056e-05 0.0012313736537990063 9.554406284057383e-05 0.0002651700439415914 0.0006569405677570978 4.9997318752647896e-05 3.878740422548557e-05 1.5261549822393195e-06 1.4463410357916405e-06 2.8209184859161306e-07 2.187339057686107e-05 7.598074216104212e-05 2.318345597289241e-07 3.0606973022395666e-05 3.638408203796903e-05 4.42280984586545e-05 5.279870416547156e-06 1.9147816646737343e-05 7.19869500376433e-07 1.1736547821778765e-06 9.945965512115019e-06 0.0006675659225945474 0.00045390837165511255 0.0004409256104636993 1.0304873015843995e-06 1.2567441157082661e-05 3.26930791722616e-05 7.554634870680963e-05 6.093442422029218e-05 3.848120702757488e-05 2.779948087342726e-05 1.8403353092372374e-05 4.2279369616366015e-06 3.6144894220376564e-05 3.5622739701185363e-06 9.156936222508104e-08 1.428045930371415e-06 0.00016276677480856839 1.08576734213319e-05 1.4457542766167674e-06 9.423987094457815e-06 1.5887413803822238e-05 1.7967226625197622e-07 8.841630838370442e-06 9.57537389554392e-07 1.0878109707208497e-05 9.117134382205558e-06 6.0676155212680055e-06 2.2354132668275728e-05 4.860070874740168e-06 5.074467386872339e-05 3.3463107295991985e-05 0.00013428368163150015 3.3232655799932615e-06 0.00013213077944523188 4.32715499606902e-06 1.209063260132359e-05 9.411940777691369e-06 1.3180117767270324e-05 3.4360854678429005e-05 0.00011123820813039418 0.00014112216514091893 1.6258852853185168e-06 0.0 2.61838772811571e-05 0.00010829285069546585 0.00014915305736108424 9.97048205975528e-05 7.164946845496054e-05 0.00024807852895611637 0.0016800671622637464 4.0572484294568434e-05 0.0010215827427238217 2.0806121030702306e-05 7.911035882558564e-08 6.137087896341412e-06 5.737838575238719e-06 8.109964863945954e-06 0.0 2.0353388288592112e-06 0.0 2.6346949670716014e-06 2.711257972333781e-07 3.9401432645946254e-05 4.889049021695182e-06 4.294597061327268e-06 0.00015499574053322047 2.7956246590413556e-05 4.592927216747687e-07 3.618564946219868e-05 1.4969233109826703e-05 1.7459644396984042e-05 1.4809595302537757e-05 1.0610891391526632e-05 9.023593882902487e-06 2.329801684843054e-05 6.96633701247315e-05 3.4545816711737434e-06 8.446369153809317e-05 5.547548627515257e-05 3.9645451874345624e-05 5.387905113109399e-05 0.00011766963860729121 0.00010886693072128854 0.0001310347307028708 0.00019682479657138913 4.418631606836424e-06 4.3302699429010934e-06 0.0 7.38939064040351e-08 6.930681622886986e-08 0.0 2.9390833588067367e-07 0.0 4.4325602865089797e-07 4.909231879531989e-07 5.315716367695078e-07 8.725618599366472e-08 1.0091090157408548e-06 8.882017581781146e-08 1.4317384021582878e-06 4.037619322781285e-07 6.179410551911969e-07 1.0012297935333462e-06 1.8940850625594756e-07 1.839893022951563e-05 2.124743289288427e-05 0.0 4.905540324250105e-07 1.6834700949707004e-06 4.9817343451803104e-05 7.82622762951168e-06 4.257836635912223e-05 2.1276145628064455e-06 7.530913017599262e-07 7.152614170492657e-08 3.7366144138398683e-07 2.399282671604844e-07 2.5088650228749628e-06 1.9259375766691577e-06 3.4611885827107587e-07 9.684295498594934e-08 2.958933744371627e-06 9.563742755537295e-06 0.0 3.8012989149754274e-07 2.0652337805402593e-07 4.5220080030915636e-07 1.3136975053009755e-06 1.0326130167396123e-06 1.940856802252142e-06 8.541123551288532e-07 5.157170757671738e-06 2.4464054165684147e-05 2.9833010238994138e-06 1.3049868343791964e-06 1.8819599321282004e-06 8.309622669698465e-05 3.028212078622827e-05 1.8010253479393597e-06 1.7256253529225615e-06 5.821431139178012e-07 6.615344478104752e-07 9.539082027251883e-07 3.976364913617667e-07 1.1575053359836843e-07 2.4168971827262416e-06 8.269685403390872e-05 1.0169971147891345e-06 0.0 0.0 2.7249133778868244e-07 0.00011393494364887067 4.945193863669971e-06 5.4272163811474075e-05 9.183705286939037e-06 3.097410320137138e-05 8.00836429121515e-06 9.248657482465622e-06 4.0785883754181176e-06 3.7668611535677807e-07 1.8538249005924685e-07 0.0 0.0 2.981404100668765e-07 1.747898597241155e-07 3.0369613073129674e-07 0.0 9.357893774709682e-05 3.488587457265046e-05 1.933626935357388e-05
6.116213843874496e-07 0.0003505991338478095 0.00046488341609461783 0.0 0.001510767755212033 7.402490205855635e-07 0.0009267111826016267 0.00015380078358699073 0.0 3.600132405400635e-05 0.0015577465584212214 1.3492696577887955e-05 0.0003130653867532486 0.00142981621119637 3.4631938898615315e-06 1.012206364524311e-06 0.0 0.0 0.0 0.0 9.292054996641376e-08 0.0 0.0 0.0 0.0 0.0 0.0 0.0 0.0 8.516234676666975e-08 7.807829051254664e-06 1.814403087065966e-06 3.534595294661099e-06 0.0 8.850259242882176e-08 4.4611230780145264e-07 1.1164091139565521e-06 0.0 1.5680172006905012e-07 1.05571575571467e-07 0.0 0.0 3.585431094153764e-07 0.0 0.0 0.0 1.1941458675593527e-05 5.020676522825391e-07 0.0 0.0 1.0849675975745045e-07 0.0 0.0 1.6329015460270238e-07 7.934177345310433e-07 2.826996643244938e-07 1.3149944175016026e-06 4.493121437465218e-07 8.895825219389213e-07 2.7491990538855362e-06 2.9481915738546204e-07 9.275095619425507e-07 0.0 3.295382812132492e-06 5.866971810924669e-07 7.167373647526882e-07 1.5533631505508717e-07 3.823423403040942e-07 4.1252712083627117e-07 3.661481871118441e-07 2.7839096282781092e-06 1.1971295933573757e-07 0.0 2.365702476421549e-06 6.525769390385488e-06 1.1760451384367437e-05 4.686152732307997e-06 9.468689025799564e-07 4.882290494870657e-07 4.281923832091926e-05 5.057455061030534e-07 5.225894025375286e-06 1.2512200000554945e-06 0.0 5.313995586347701e-07 3.779184456587147e-07 0.0 0.0 1.5453927850925514e-07 0.0 1.5830463838153818e-07 0.0 7.306939776527569e-08 1.893606001367031e-07 7.16037737123847e-08 1.1755131291947813e-05 3.2196755689056e-07 0.0 0.0 4.206382649193432e-07 1.01731070936396e-06 2.9201694857072265e-06 2.7905035473481806e-06 4.215596925195966e-07 4.840298668780057e-06 1.5147508870335956e-05 5.370638880224252e-07 1.9919033425560243e-05 1.2880199977349893e-05 1.3954525827991735e-05 7.226800580328417e-06 2.7893146121164067e-05 2.8835083875290483e-05 2.463577700198799e-05 2.431246103569197e-05 8.214576570585292e-08 2.2072973568138441e-07 0.0 0.0 0.0 0.0 0.0 0.0 2.312292514153517e-07 0.0 0.0 0.0 0.0 0.0 0.0 0.0 0.0 0.0 0.0 1.5362245937276495e-06 2.6008164927459e-06 0.0 0.0 0.0 3.8359145590494065e-06 5.867902668727194e-07 2.800165746430278e-06 1.6825945041482392e-07 0.0 8.917499582457518e-08 0.0 0.0 0.0 0.0 0.0 0.0 8.498193823564615e-07 9.221201091170914e-08 4.3729465365585196e-07 0.0 0.0 0.0 0.0 1.2844998409907478e-07 0.0 7.880486869109894e-08 8.382605597811955e-07 1.8559657351979012e-06 6.335184985172497e-07 8.901562771184849e-08 0.0 4.764051742455282e-06 1.5074844095112677e-06 8.409699329811944e-08 0.0 0.0 0.0 0.0 0.0 0.0 0.0 7.978358269505013e-06 0.0 0.0 0.0 0.0 1.081979267924065e-05 0.0 2.2931904635580547e-06 7.639916241471898e-07 6.202487432765148e-06 8.419945855583981e-07 2.9430333223819345e-07 3.131876004973187e-07 1.497277829522699e-07 0.0 0.0 0.0 7.039516878486877e-08 0.0 0.0 0.0 1.722068880100462e-05 1.8935173078937046e-06 8.120415309195848e-07
0.0011650116835318753 0.0006734985671007316 9.388711468800973e-06 0.00202074518664128 0.00017990918974888543 0.0007042310089989436 0.0013064545983040748 1.018766956245056e-05 3.600132405400635e-05 0.0 3.3012890567585946e-05 0.0014154678284974756 0.0025340710972618823 0.00014340367158962596 2.160899447401227e-06 1.4680818137686133e-06 8.749097843202174e-08 0.0 9.608000781434564e-08 0.0 2.5296359656485756e-07 0.0 0.0 9.341379681154292e-08 7.285804249222346e-08 0.0 0.0 8.998787234341699e-08 9.426183484252426e-08 0.0 0.0001277267542821534 3.915933566283047e-06 7.126171007165796e-06 0.0 0.0 4.836591769244842e-07 6.2487704101465285e-06 4.2871492766378924e-07 3.20591998186387e-07 8.026373712231325e-08 0.0 0.0 0.0 4.870804439332974e-07 0.0 0.0 1.3200028694042104e-05 2.038836062026793e-06 2.937835528618547e-07 3.71249943833632e-07 6.12327346852658e-07 0.0 4.007663616618605e-07 8.234503348858437e-08 6.798623646857091e-06 7.27763786698012e-06 5.855786870507092e-05 0.00011932924619217966 7.944511676871709e-06 2.3641433238992034e-05 1.1234541206422789e-07 5.810596436242256e-07 0.0 4.473573174023086e-05 2.002002885137458e-06 1.5677137626049196e-06 6.269174606820162e-07 8.442468245154901e-07 9.36269216885668e-08 1.6715901613268655e-07 8.227258423037382e-06 6.842015817635832e-07 0.0 4.124032705774349e-05 5.7009949086904014e-05 3.085981852815738e-05 4.990282865618558e-06 1.5475848459862443e-06 3.478623850818798e-07 4.4878884821896907e-07 1.970403643434644e-07 3.5161097694779996e-07 1.3714019874479349e-05 5.121493858462837e-07 2.335771850216135e-06 3.3987993328607486e-06 1.0893490851305711e-06 6.857547983309777e-08 2.4365253994120505e-07 0.0 8.694417080479413e-07 9.97844287511633e-08 1.7596424846539206e-07 1.8048624949382306e-07 0.0 0.00010346364505145214 5.199978486476898e-06 0.0 1.0612851317270015e-06 0.00030308202486904664 4.067661266875623e-06 5.126340919601142e-05 2.0931519404804614e-05 2.9208969376205346e-05 2.6971392637099127e-05 0.00015691501834080073 2.0316085036870574e-05 0.00016985498904407818 0.00015080497090965054 0.00010888626405393533 3.02115647737e-05 0.00017402992931226226 0.0001698965418527509 0.00011969208262598257 5.041737505995624e-05 1.8095246808806342e-07 4.794451100438427e-07 0.0 0.0 0.0 0.0 0.0 0.0 0.0 0.0 0.0 0.0 0.0 0.0 0.0 0.0 0.0 0.0 0.0 3.4244925645396795e-06 8.580634288855654e-06 0.0 1.1695393346925129e-07 0.0 3.7474972938114367e-06 1.919753773406827e-07 2.8676109162242847e-06 3.2242661637036147e-07 0.0 0.0 9.049007096368597e-08 4.640236858405899e-07 1.919862082392581e-07 8.073933404118491e-08 4.0493798110391263e-07 0.0 0.0 1.1754463188632067e-06 0.0 8.744634060415153e-08 0.0 9.168515888366631e-08 0.0 1.9116418972726008e-07 3.4037858578138174e-07 6.389851106872168e-07 1.2863506853479468e-06 4.900042158946129e-06 2.8512812932191977e-06 0.0 0.0 6.751661032031148e-06 3.934798317020844e-06 2.5732448293331954e-07 4.4519345102651303e-07 0.0 0.0 3.309871418711232e-07 0.0 0.0 0.0 1.4686364180288439e-05 2.0095766806164865e-07 0.0 0.0 0.0 1.5010531712295011e-05 4.63627110097115e-07 2.773429526310189e-06 1.2070434624036563e-06 5.467885039763342e-06 1.3843764736022691e-06 5.259310558130026e-07 5.519003687682349e-07 1.2056775298839547e-07 0.0 0.0 0.0 6.54112031287481e-08 0.0 0.0 0.0 3.5608012590034845e-05 4.258568201146033e-06 1.5112251390325058e-06
1.8722238396872967e-05 0.0007293475154687869 0.001708591877050768 1.714539245175008e-06 0.0009046128544878701 1.545171503897548e-06 0.0008963435649327823 0.0012313736537990063 0.0015577465584212214 3.3012890567585946e-05 0.0 9.068446311856799e-05 0.0010491663815769075 0.0021865410628680213 2.4272730884524917e-05 2.0397255289653483e-05 4.2308294110312015e-07 7.497920394340549e-08 8.833678572444596e-08 1.09465003470072e-06 7.441064021700432e-06 0.0 3.722835118716264e-06 3.874225925909086e-06 1.1353340577446229e-05 9.996270568756576e-07 2.420337961492201e-06 1.280898034027554e-07 8.13617008759091e-07 1.023497930786405e-06 0.00022010289466528832 7.187004838530767e-05 0.00023353918642505058 4.7396307292199273e-07 1.9433421043928953e-06 1.0002795992048166e-05 7.801804127302399e-05 3.616006199750109e-05 2.388575419351483e-05 9.426026831069565e-06 2.2773390659389766e-06 2.640430120967397e-07 2.5447138734065904e-06 2.2850460370862785e-06 9.355336495800749e-08 1.52032597016284e-07 6.035691479996359e-05 1.9629341738913883e-06 2.3396836203192942e-07 1.4920930109337087e-06 4.131272108355912e-06 1.849254307507097e-07 3.3343303083885978e-06 2.905160569447376e-07 3.2977153288567267e-06 4.31409806250932e-06 4.388895441085688e-06 1.1800492939720035e-05 1.1958408893523693e-06 1.8492262860875948e-05 3.1080560287923075e-06 1.2542818051615237e-05 9.273736771085872e-07 3.8045182828522815e-05 1.4303539204998858e-06 2.63442714010438e-06 1.8395059857769873e-06 2.8751472848675216e-06 4.270412517907324e-06 1.6857830918679326e-05 7.760355731028193e-05 1.1870508168191602e-06 0.0 1.1028733826275387e-05 4.219513146400712e-05 6.769260341850938e-05 3.4849247851479206e-05 2.042378372829355e-05 2.527214947974705e-05 0.00032459733941971394 3.2814213573192767e-06 9.323113917727741e-05 7.454164071343871e-06 1.471869890283411e-07 2.6926945442266543e-06 2.083092030110973e-06 1.8643597277073157e-06 8.887699912710183e-08 3.8195440506991383e-07 1.017195339254866e-07 8.136629089428894e-07 3.202371205378002e-07 8.378724965821675e-06 1.1490222580365463e-06 6.417293802469692e-07 3.717535943361432e-05 8.151230086034466e-06 0.0 1.4724120248880337e-05 5.438508858726727e-06 2.25599608571213e-06 7.998837118103849e-07 1.7503071262376158e-06 1.2183009623482518e-06 4.263646215200853e-06 1.4177811759492204e-05 7.105138347458218e-07 2.0844121235472093e-05 1.663246174251897e-05 1.0054078757766128e-05 6.521709999573166e-06 2.9624504080213835e-05 2.3225845320052385e-05 2.7240381092821556e-05 3.2863577517551454e-05 1.1348014784250284e-06 1.229908031129519e-06 0.0 0.0 0.0 0.0 0.0 0.0 0.0 0.0 1.255038644029125e-07 0.0 2.3615464721493964e-07 7.651972201715357e-08 1.9617946065754948e-07 0.0 6.654580748366622e-08 2.2870203790496408e-07 0.0 3.8085392467431802e-06 1.6844337279138854e-06 0.0 0.0 2.4748836117814277e-07 9.291246253041258e-06 1.6594634457454532e-06 5.392715295009234e-06 8.718768099248883e-07 2.662393211928008e-07 1.8630648848481405e-07 8.723096193184134e-08 0.0 5.708430743076995e-07 3.3545780132764815e-07 3.710205120848306e-07 0.0 2.816034840089071e-07 1.5791347751093277e-06 0.0 0.0 9.115759209701601e-08 0.0 8.966888249394165e-08 9.089562730321218e-08 0.0 2.939863137390709e-07 8.315414599637254e-07 3.3382860592028426e-06 6.163203458130416e-07 2.1964292216206441e-07 3.796408640338703e-07 1.4358944986573571e-05 6.885769621684836e-06 9.486147696487819e-08 4.0347653031901984e-07 0.0 2.1035291633223704e-07 1.6334428027466792e-07 0.0 1.9988744385903965e-07 8.38592611267803e-08 1.6109227009797195e-05 7.236393966602003e-07 0.0 0.0 1.580228736214722e-07 1.4491370094903666e-05 1.934881558634439e-06 4.71543538372232e-06 2.827336003714726e-06 5.149211580491296e-06 2.875960864616607e-06 1.0058922561565004e-06 6.914720890257702e-07 7.558031593225048e-08 0.0 0.0 0.0 0.0 0.0 7.082919442086336e-08 0.0 2.1401455372099445e-05 7.612296810280324e-06 3.0236852598908143e-06
