0.0 0.0010839972866598028 6.24464308379074e-05 0.0011714344699957251 1.7155197035483182e-05 0.00012132945697914947 0.0001361156980777125 9.304665850668689e-06 1.501525430550962e-06 0.0005806233057923665 7.52115384834937e-06 0.0003451591579280311 0.00019388428943466999 2.5186565588380244e-05 2.406587523362675e-06 1.8642620190628575e-07 3.381569432810387e-07 6.722933955510203e-08 0.0 5.3998103664089436e-08 6.580362318155056e-08 3.9397386799182277e-07 1.0698254137452705e-07 0.0 0.0 0.0 0.0 0.0 9.03280458664644e-08 0.0 0.0005445309291379742 2.1118863581928122e-05 4.902130900888658e-06 6.725400034116927e-08 1.593846958460045e-07 0.0 5.9774477823897915e-06 0.0 2.075364953366101e-07 6.072401991108932e-08 2.547535727470577e-07 5.659745816186458e-08 8.392224130165655e-07 5.396847010879995e-07 3.4367264123781515e-07 4.6666238630928407e-07 2.1980816115471596e-05 3.521305314632429e-06 1.860238739034329e-07 3.8544993578986593e-07 4.922560008606059e-07 1.6878452632452803e-07 5.521938505695136e-08 0.0 3.3963375983698957e-06 1.0077483274513619e-05 0.00014574038395465165 0.0006905219300142308 4.2840166426579234e-05 3.7815660954692185e-05 5.736891947734045e-07 2.0259823164280324e-06 0.0 8.85014555761236e-05 8.8959788145847e-06 4.830356749716823e-06 1.0980023092463055e-06 9.775137990807459e-07 4.6730342484965207e-07 7.079052293635542e-07 3.257481973520497e-05 5.940309387203539e-06 3.435236930257769e-07 0.00036918336887124353 9.705640147621944e-05 8.371446098747678e-05 7.5155691784798165e-06 1.994439889078602e-06 1.7769610749001202e-06 7.857199045460955e-06 5.745720460215984e-07 2.6361265775350248e-06 1.2501133718081544e-05 7.395780065821971e-07 8.595442233174117e-06 8.18668448326468e-06 2.074487822050231e-06 2.2603599440451147e-07 2.523471311627041e-06 1.7310901045399479e-07 1.2636921662490904e-06 1.288484628192092e-07 1.313368927098129e-07 2.5036391857599786e-07 5.633379325749571e-08 0.000166419126546354 2.1897942858870806e-05 7.648781088491872e-07 1.2947574416392115e-06 0.000973082411657145 2.39080927353511e-06 1.2985790561324702e-05 9.148408519258016e-06 5.145360728064139e-06 1.4101192875342316e-06 5.059775303655348e-06 2.4016395812889394e-06 2.4300844084017744e-06 8.505421160271048e-06 1.3506852263693941e-05 0.0 3.8434241793038104e-06 4.8634101933373265e-06 2.511922812302147e-06 1.6881218554902821e-06 0.0 0.0 0.0 0.0 0.0 0.0 0.0 0.0 0.0 0.0 0.0 0.0 0.0 0.0 0.0 0.0 2.3226093950438955e-07 0.0 0.0 3.2438018046553753e-07 0.0 0.0 0.0 0.0 3.3347431701429475e-06 0.0 2.1878863953655656e-06 1.2656298043331003e-07 7.611870154806001e-08 0.0 0.0 0.0 0.0 0.0 0.0 0.0 0.0 1.5438397773287973e-07 0.0 0.0 0.0 0.0 0.0 5.4100856939369593e-08 0.0 9.852443487791989e-08 2.7444055227326697e-07 7.005664876897703e-07 3.4805807273856233e-07 0.0 0.0 8.420332435408935e-08 0.0 0.0 5.9039008093874954e-08 0.0 1.106284037299388e-07 0.0 8.221430473942591e-08 0.0 0.0 2.343712373419622e-06 6.7016860460862e-08 2.204462504803629e-07 7.75280899368681e-08 0.0 1.5842686895794772e-07 0.0 3.131510383202145e-07 8.083271845110074e-08 1.782178445847667e-07 0.0 0.0 0.0 0.0 1.504755954381665e-07 5.207334399058093e-08 0.0 3.2052019007046813e-07 0.0 1.3093214755848435e-07 6.699234157217491e-08 8.054503403896264e-06 1.5704592756875028e-06 4.1967391536428236e-07
0.0010839972866598028 0.0 0.0006345912622571153 0.001426075621940277 0.001292336804714343 7.481135928649153e-05 0.0017921141738791696 0.00036625109665333144 0.0014283206456741917 0.001676039672231112 0.000765654766955598 0.00019643957964356608 0.001156394887731793 0.0029653858840969546 1.7962007537613934e-05 5.465874121739399e-06 1.1177774706547579e-06 0.0 0.0 1.2769553681947411e-07 6.440889670652232e-07 0.0 4.773352075432011e-07 2.3978369272214767e-07 4.942420406302862e-07 0.0 0.0 0.0 0.0 1.4798507133795239e-07 0.0011894819980812867 9.649861001376067e-05 6.27470328976194e-05 0.0 2.3659878155964267e-07 7.970744874005792e-07 5.6954631844629234e-05 2.0723512976623964e-06 1.4797918797899057e-06 2.5199084054158715e-07 1.1414400282247002e-06 6.12410225263601e-07 1.3645366869016135e-06 9.219884832721937e-07 1.163865455932322e-07 1.3109093953429447e-06 0.00010218831564645769 7.041206310037629e-06 6.660615219445808e-07 5.786891104323795e-07 5.552776427231167e-07 6.381826843370545e-08 2.3908792093714707e-07 2.2805731279870467e-07 4.213860437708431e-06 1.123984103653077e-05 4.3503923373600766e-05 0.0004594194426100789 3.7579461814871196e-05 8.145664880599923e-05 1.4467837992939321e-06 9.29033880981297e-06 1.0868036799307278e-07 0.0002525444836830674 1.0267600995480635e-05 5.203689265761634e-06 1.8948986371465887e-06 2.110601546896351e-06 2.462374840451139e-07 1.5050488501463446e-06 7.091384697697546e-05 7.541089148290841e-07 0.0 0.0003683872514327419 0.00023638274323384433 0.00023894449257234074 6.999482485843529e-05 6.652217047466764e-06 1.439911687644069e-05 0.00014132916610845982 2.1102123957777998e-06 1.8587745210085297e-05 1.637867536095741e-05 5.968726921089254e-07 1.3412375657091313e-05 1.1518902100226574e-05 2.698881745903642e-06 3.1197887788594963e-07 4.181483653763727e-06 5.820014992654022e-08 2.387231830181996e-06 7.792105466983643e-07 5.728751197174647e-07 6.547013595872492e-07 8.383574163732048e-07 0.0001914992729014938 1.5233597822750677e-06 2.163623362333925e-07 1.5260837569237047e-06 0.0005144839989095128 1.427188490368312e-06 4.877794320976983e-06 8.164568386952774e-06 5.985919980764151e-06 3.822719903208223e-06 6.779828492962957e-06 1.3294729586314763e-06 4.180407009838354e-07 1.4354494221370804e-05 1.854842998676224e-05 7.430029249306906e-07 4.860653626328373e-06 9.983412880966256e-06 2.0234663486596537e-06 1.4391931995564101e-06 0.0 0.0 0.0 0.0 0.0 0.0 0.0 0.0 0.0 0.0 0.0 0.0 0.0 0.0 0.0 0.0 1.968673878996426e-07 0.0 0.0 5.546258640189754e-07 8.230851481381844e-08 0.0 0.0 0.0 8.521355443393636e-06 7.395628871716913e-07 5.960564670630257e-06 9.976396182736242e-07 2.256640422270366e-07 0.0 0.0 0.0 0.0 0.0 0.0 0.0 0.0 0.0 0.0 0.0 0.0 1.1159522691189693e-06 0.0 7.18907663532517e-08 0.0 1.1787289618522519e-07 7.915029014480769e-08 1.6076510291817048e-07 5.454383022351282e-07 0.0 0.0 3.301273913375464e-06 0.0 0.0 0.0 6.654452811946465e-08 1.408349944636091e-07 0.0 5.789143015746755e-08 0.0 0.0 9.125701743296655e-06 0.0 0.0 0.0 2.2469170755511295e-07 8.254500783779274e-07 2.488367260035876e-07 9.769736789357424e-07 2.985037742216055e-07 9.57805163078518e-08 0.0 7.389218975614547e-08 0.0 5.837072036350527e-08 0.0 1.2797130703827366e-07 0.0 2.1822396135876104e-07 5.434937796816741e-08 0.0 0.0 2.132327076541018e-05 4.494184026004589e-06 5.26937144435783e-06
6.24464308379074e-05 0.0006345912622571153 0.0 5.957604172620964e-06 0.0002503204316675587 6.67249261732583e-07 0.0001262281156609319 0.003605009468194212 0.00034226389664720677 2.781915276084606e-05 0.0013547668190675784 3.6068576661870166e-05 0.0001583566057496518 0.0014883306863064487 1.726592792826569e-05 9.867745402793435e-06 1.5893798234264105e-06 5.55624831361249e-08 2.933277883789314e-07 3.3530618576974477e-07 2.760593640696288e-06 0.0 3.3622601792171204e-06 3.1900084589108407e-06 5.836995313904985e-07 6.858833626980884e-07 6.96706908307802e-07 1.034163607589859e-06 0.0 8.53966617490882e-08 0.002785809772306591 0.0008316017560768938 9.273400337035225e-05 4.417109993005157e-07 2.0202122160407016e-06 7.409706021500166e-07 3.424925890584279e-05 5.096193809394989e-06 2.17590747235655e-06 4.711401098232853e-07 3.4668561240898603e-06 2.410138661877318e-06 2.4949424910511838e-06 7.668042923895103e-07 7.93840308489084e-07 1.4054624405963521e-06 4.3914338396836106e-05 2.921068529220962e-06 6.631667958174929e-07 1.2832184543318005e-06 4.813060687222976e-07 4.010644360407395e-07 3.5954518921400894e-07 8.648522211858513e-07 2.2894624312638474e-06 4.340810220614e-06 2.177291119581996e-05 0.0003622765645156151 1.59047100889744e-05 2.77401765787867e-05 2.663236326449131e-06 2.1878363662637357e-05 1.7545283125658486e-06 0.0002354108583668297 3.4073241498183086e-06 2.8271756590821903e-06 4.594053628474266e-07 9.01278438314151e-07 1.5776133892976606e-06 6.6118337380982534e-06 3.3739890061364194e-05 7.027726102960613e-08 0.0 0.00015787103007683503 0.00011359484064367853 0.00010135859374255735 4.402626395791318e-05 6.392501093364289e-06 0.00016534691517219863 0.0012498708138455016 3.4755901867397643e-06 0.00018075248628323762 5.516801967324144e-06 1.3554688033253887e-07 4.436843691020527e-06 3.568031877264768e-06 1.278787077437964e-06 1.6347088045105718e-07 1.030768962313468e-06 0.0 9.053986782904392e-07 5.447452167143242e-08 3.6775646717505254e-06 8.928784510272473e-07 2.597398711505515e-07 2.2811380469010876e-05 2.281195118027383e-06 2.154791767253727e-07 1.4950017572147785e-06 4.476577155403675e-05 0.0 9.04290043845363e-07 1.4513677648015597e-06 9.283979585754355e-08 6.403975947948885e-07 1.197451919935809e-06 1.5816637864048372e-06 4.074779187217173e-07 2.0667840518125216e-06 3.5033355380566753e-06 1.847156094165398e-07 2.610533711614708e-06 5.448922272931715e-06 2.389049388831308e-06 1.5491712141979307e-06 0.0 0.0 0.0 0.0 0.0 0.0 0.0 0.0 0.0 0.0 0.0 0.0 0.0 0.0 0.0 0.0 0.0 0.0 0.0 9.431362033597853e-08 1.2823876892081475e-07 0.0 0.0 0.0 5.916986668966039e-06 2.6979090980788797e-06 4.8432699837928965e-06 1.2679927333304822e-06 7.736844559817453e-08 0.0 0.0 0.0 0.0 0.0 0.0 0.0 0.0 0.0 0.0 0.0 1.7101603388282643e-07 5.021057145363846e-07 0.0 1.3642317494316737e-07 0.0 0.0 0.0 0.0 0.0 0.0 4.413961094419131e-07 4.2032377209287465e-06 0.0 0.0 0.0 0.0 0.0 0.0 0.0 0.0 0.0 3.475092963640684e-06 8.546736578850715e-08 0.0 5.7661727657085325e-08 1.3832703655768908e-07 8.848943062454025e-07 0.0 2.638576499412464e-07 0.0 0.0 0.0 0.0 1.9310385836499576e-07 0.0 0.0 0.0 0.0 1.1003654486432512e-07 0.0 0.0 0.0 6.161661094652657e-06 3.2772524679730465e-06 6.52931365918365e-06
0.0011714344699957251 0.001426075621940277 5.957604172620964e-06 0.0 8.406946311187972e-06 0.00013971055915319873 0.0004660297583593624 1.4103505900499004e-06 7.707914424092455e-07 0.0016130871893461631 1.965238944650099e-06 0.0015422832538388512 0.0012642429609229892 5.471205609006567e-05 1.3963949239961105e-06 7.573938049284369e-08 8.145042710496701e-08 0.0 0.0 0.0 7.983256210664164e-08 2.2004206802554184e-07 0.0 0.0 0.0 0.0 0.0 1.1870673901412364e-07 1.0984304576793323e-07 0.0 5.969820194408977e-05 6.3433081096143085e-06 4.056902788903584e-06 0.0 0.0 8.946249141960922e-08 1.3571013874857471e-05 5.257632127307728e-08 1.51574644470563e-07 0.0 0.0 0.0 1.335067042658252e-07 1.1319787170364675e-07 0.0 0.0 1.3019152416454454e-05 9.398439248106389e-07 0.0 1.6016851740189392e-07 2.4059147047021673e-07 0.0 0.0 0.0 1.617782051967122e-06 2.1307757971329784e-06 1.314927906151596e-05 8.270195082713036e-05 7.67622983024716e-06 1.3586588193684697e-05 7.482944152408058e-08 8.195218406999407e-07 1.585058226174678e-07 3.4412964968968916e-05 1.3445283978836034e-06 8.455413773633249e-07 3.2277743977073075e-07 3.3357270376467683e-07 0.0 6.546893619191069e-08 3.160142898469004e-05 9.455296402938994e-07 9.374876111669799e-08 7.234040734635805e-05 3.852639255968271e-05 3.4585538311919835e-05 5.2353574190828895e-06 7.603812927980369e-07 2.515083747700419e-07 6.79692996521849e-07 2.731482977252651e-07 8.501513443426119e-07 2.1200507674491926e-06 2.3484361372047755e-07 2.507396359270597e-06 1.8951255212714207e-06 5.197190595722437e-07 9.302898910239983e-08 6.492314210890642e-07 0.0 7.046811055939966e-07 1.2181301945597377e-07 0.0 0.0 1.6685712931695403e-07 0.000334799688404688 7.4109581826987505e-06 4.3494095296828954e-07 2.9727606830253196e-07 0.0006921821718382181 2.6713136880237074e-06 5.26781689494913e-06 2.92015275631267e-05 8.824730437243431e-06 1.2396979308925697e-06 2.088815301319924e-05 2.2483985527020664e-06 3.161524976994448e-05 1.7278463465766897e-05 1.469871939632788e-05 0.0 7.925401556393225e-06 2.3286414952432333e-05 3.7603973065564822e-06 1.6360656468316076e-06 0.0 0.0 0.0 0.0 0.0 0.0 0.0 0.0 0.0 0.0 0.0 0.0 0.0 0.0 0.0 0.0 0.0 0.0 0.0 9.424862154984421e-08 0.0 0.0 0.0 0.0 2.640579845769509e-06 0.0 6.385816948770197e-07 1.563009134784276e-07 0.0 0.0 0.0 0.0 0.0 0.0 0.0 0.0 0.0 4.6810036457368563e-07 0.0 0.0 0.0 0.0 0.0 0.0 0.0 1.539009150137353e-07 4.1723257093882256e-07 8.95891030268068e-08 5.858869333286362e-07 0.0 0.0 1.0070671480993554e-06 6.958992479920473e-08 0.0 0.0 0.0 0.0 0.0 0.0 6.949291592131407e-08 0.0 2.0204056564209368e-06 0.0 0.0 0.0 0.0 0.0 0.0 6.460527044811546e-07 1.888018967748678e-07 1.4773016492704783e-07 8.776061338620962e-08 0.0 0.0 0.0 0.0 6.444790136051736e-08 0.0 0.0 6.22659404529564e-08 0.0 0.0 1.1158043562685052e-05 0.0 6.202864350692835e-07
1.7155197035483182e-05 0.001292336804714343 0.0002503204316675587 8.406946311187972e-06 0.0 1.2917891735251014e-06 0.0005955755974070355 0.00022461991702702627 0.0024439370717736202 8.248068973828403e-05 0.0010318857081314527 1.679444289526934e-05 0.00048120816030309106 0.0012363049424784912 8.161127766925214e-06 1.9871134044026557e-06 6.281665397134005e-08 1.3920457888666023e-07 0.0 1.5834891836611501e-07 2.3552819029148565e-07 0.0 5.387361562458098e-07 1.4612464989380856e-07 0.0 0.0 9.051720975324203e-08 0.0 7.183067525926527e-08 1.09401089251914e-07 7.555623031978998e-05 2.6073174425990943e-05 3.3878871054016854e-06 1.5742988328598307e-07 3.4681578074741215e-07 9.53856599360157e-08 2.1583894040719403e-06 4.9318773330975454e-08 7.592229600188167e-08 4.889086954860403e-07 6.98595009527101e-07 2.8307963664572114e-07 4.7162086304024247e-07 8.32706372780832e-07 1.4847551761387763e-07 4.338711543682561e-07 4.151268636282881e-05 1.0531348126934798e-06 5.5770954852629005e-08 4.995849124710546e-07 3.884756625569095e-07 0.0 0.0 0.0 8.070898687141883e-07 3.0992277995458065e-06 2.3943973640847487e-06 3.152290960454847e-05 5.153511900741457e-06 1.7730082655142857e-05 5.935465441230413e-07 3.176929229365059e-06 8.259277930337443e-08 5.125609762116207e-05 2.40129726119885e-06 6.699670173615595e-07 2.7837534215972715e-07 5.7993038467680296e-08 4.3723821283674106e-07 1.5538235302056724e-06 6.466183255425762e-06 1.1002553558483079e-07 0.0 4.348805361953506e-05 4.5090214081275314e-05 6.346008104095003e-05 2.8336298266778654e-05 4.994191391441411e-06 5.014472500191317e-06 1.2812827851962653e-05 8.309626203412494e-07 1.2863677707811463e-05 2.2885253262863056e-06 0.0 2.003012076175836e-06 1.9898491418548056e-06 3.7546990160295333e-07 1.2680077597737385e-07 4.9995684996949e-07 0.0 7.60883335515029e-07 0.0 2.6500270797590285e-07 6.274073887296045e-08 1.454961032159067e-07 3.319840276446096e-05 0.0 0.0 4.626052662020963e-07 3.108805084930739e-06 0.0 1.953773088316609e-07 9.117609702682753e-07 3.0614303008147885e-07 1.900726954603885e-07 0.0 1.1423130543025722e-07 0.0 9.634852271316377e-07 1.5430178979169489e-06 0.0 1.494293508246351e-06 2.3656854273863167e-07 7.179425754130073e-07 1.2378483523654743e-07 0.0 0.0 0.0 0.0 0.0 0.0 0.0 0.0 0.0 0.0 0.0 0.0 0.0 0.0 0.0 0.0 0.0 0.0 0.0 0.0 0.0 0.0 0.0 0.0 1.8380178735257374e-06 0.0 6.200097351779934e-07 7.118662751583549e-08 0.0 0.0 0.0 0.0 0.0 0.0 0.0 0.0 0.0 0.0 0.0 0.0 0.0 0.0 9.885685150947739e-08 0.0 0.0 5.4097500332377103e-08 0.0 2.1558361319716225e-07 0.0 0.0 0.0 1.1298649158015092e-06 0.0 0.0 0.0 0.0 0.0 0.0 0.0 0.0 0.0 5.85128902844842e-07 1.4864090145694765e-07 0.0 0.0 0.0 2.438710418643202e-07 0.0 0.0 0.0 0.0 0.0 0.0 0.0 0.0 0.0 0.0 0.0 0.0 0.0 0.0 0.0 4.785118901001808e-06 8.258015728675956e-07 8.40632902333323e-07
0.00012132945697914947 7.481135928649153e-05 6.67249261732583e-07 0.00013971055915319873 1.2917891735251014e-06 0.0 1.4356392367946012e-05 1.4824828021349955e-06 2.8744205141280554e-07 0.00013884305110725082 1.1711219900928687e-06 6.814254416485091e-05 3.604651692817625e-05 1.369809516727636e-05 2.8821645391846103e-07 8.21583506880227e-07 7.57444692264766e-08 0.0 0.0 0.0 6.149624502591144e-08 3.504330405053964e-06 0.0 0.0 1.3436006532401376e-07 0.0 0.0 0.0 0.0 0.0 1.2320421121833235e-05 9.370516192339398e-07 2.6485617632517868e-05 8.694629857262749e-08 0.0 4.923994982560411e-07 1.678428254376335e-05 1.1619469446365532e-06 4.631099379350322e-06 1.5799310334587223e-07 0.0 0.0 6.538902350182138e-08 0.0 0.0 6.495052634606988e-08 1.7887307873476531e-06 1.1664290522903e-07 1.2528988692464138e-07 0.0 2.3197086211526052e-07 2.1395085885780775e-05 8.081591486548323e-07 6.520715803339649e-07 4.954092786933638e-07 3.00145756881543e-07 2.6034111011801492e-05 2.6843940282834647e-05 3.3788805899958687e-06 1.3417172003832919e-06 1.5503422981693122e-07 2.094094491084385e-05 0.0 1.7589366580469834e-06 1.851749459151207e-07 5.422211559022639e-08 1.878788641030262e-07 1.1147383810689147e-07 3.712519187968079e-07 0.0 0.00012974472146644515 0.00024288277857538318 2.0263477511120467e-05 1.3471311471538726e-05 4.3867979823040626e-06 2.640647848865692e-06 8.079896546807514e-07 1.213550383220239e-07 0.0 1.6935541667176624e-06 7.809804767580782e-08 1.8386778039897173e-06 3.360622150111775e-07 8.06242115049022e-07 3.1453755187274e-07 2.3740368564111307e-06 4.405146527024551e-07 6.297496217494409e-06 2.6436148056522884e-06 1.2772602410769078e-05 1.4205460391389187e-06 5.660165984115105e-06 2.707176053893427e-07 1.1961144735187364e-07 1.4218346581781808e-06 0.0004113709054344791 0.0003204274175731129 5.1024931517805794e-05 3.1394400506439426e-05 0.000132199372171938 4.128696081542699e-07 0.0 2.396513856476917e-07 0.0 1.264883228392994e-07 3.208168240971627e-07 1.7979208347821594e-07 0.0 4.7073317749509723e-07 5.273791498819333e-07 0.0 9.564882575304752e-08 3.1124015033886886e-07 9.373016766688539e-08 3.618857620344976e-07 0.0 0.0 0.0 0.0 0.0 0.0 0.0 0.0 0.0 0.0 0.0 0.0 1.0311544632442403e-07 0.0 0.0 0.0 0.0 2.140855683038398e-07 1.1600472910133052e-07 0.0 0.0 0.0 0.0 0.0 4.553175292969563e-07 3.0499058849004154e-07 1.6094264296300744e-06 7.384620375104709e-07 0.0 0.0 0.0 0.0 0.0 0.0 0.0 0.0 0.0 0.0 0.0 0.0 1.0163955699445722e-07 1.6758538092296932e-07 7.743859672711223e-08 0.0 0.0 6.334722295475568e-08 0.0 0.0 0.0 0.0 0.0 3.279991997510356e-07 0.0 0.0 0.0 0.0 0.0 0.0 8.659577289955514e-08 4.132198598186082e-07 0.0 1.9297500086478132e-07 2.1295799300502025e-07 1.0332788138154605e-07 3.5982995279090203e-07 5.59515853245453e-07 0.0 0.0 0.0 0.0 0.0 0.0 0.0 0.0 0.0 0.0 0.0 0.0 1.5694183947949413e-07 5.921771316513302e-07 9.140223839226931e-08 3.694890836061016e-07 5.839724832337474e-07 1.4111113753000745e-06 1.8549993642068336e-06
0.0001361156980777125 0.0017921141738791696 0.0001262281156609319 0.0004660297583593624 0.0005955755974070355 1.4356392367946012e-05 0.0 6.163970098731172e-05 0.001288330171978807 0.000551853560556312 0.00019695678567117783 0.00014205637501338167 0.0024673636220489997 0.000696097303824329 1.8212626020089914e-05 5.506320257396221e-06 9.979905598528107e-07 7.029873646413968e-08 0.0 0.0 7.397981726000305e-07 0.0 1.1982211162755167e-06 2.3621330020092268e-07 2.375360969367482e-07 1.0900673196741497e-07 9.46917426029833e-08 6.654339294042353e-08 1.6114475669827818e-07 0.0 0.00010802631360235777 3.122776663063158e-05 8.8780522824588e-06 6.930021927907204e-08 2.470682589547933e-07 4.738247006094119e-07 1.0772276774938324e-05 5.484415015698199e-07 3.343827616568545e-07 4.3148999889704495e-07 5.06864644406749e-07 5.641239315216799e-07 5.111591196868207e-07 1.1210033314439681e-06 1.317588074441394e-07 3.8871763673416803e-07 7.53191820611532e-05 3.184788382127045e-06 4.8440345366631637e-08 4.6147694227227117e-07 3.757771485750803e-07 0.0 0.0 2.751655842766568e-07 1.507658705050251e-06 3.6797443035838467e-06 6.007219687624922e-06 8.23513537649967e-05 1.1448280992486785e-05 3.898643792375172e-05 8.18608633198421e-07 9.441472828667082e-06 0.0 0.00010812794037880199 4.081446211158398e-06 2.1972377214051433e-06 3.2399030518104596e-07 1.2082207225148634e-06 9.048846085472257e-07 2.1921456164861897e-06 3.445994756829818e-05 3.672671761395222e-07 0.0 0.00010949954311975691 9.157427892523684e-05 0.00012121166153446873 5.11015180550162e-05 6.153549966394618e-06 6.541103511273137e-06 7.19403400623517e-06 1.6683713255098184e-06 2.0635899295528393e-05 6.725658302027839e-06 1.103645181506787e-06 5.179329962697083e-06 3.868700956577313e-06 9.962382837843927e-07 1.2358116356590288e-07 1.4362290464663253e-06 5.921553822080626e-08 1.1202840340519422e-06 1.5496058018362088e-07 4.5587730467561703e-07 2.140265879238289e-07 1.225026749745886e-07 0.00011351220711536196 7.865257872301877e-07 1.0880014895397079e-07 3.3897358227584734e-07 2.1097923183698955e-05 4.0833091769693585e-07 3.1216034702031274e-06 4.507265481871334e-06 3.422293520969855e-06 2.58184592682898e-06 6.8155974756774975e-06 1.7810902397323186e-07 4.483894207328951e-05 9.08778255043661e-06 7.2979630187421675e-06 0.0 6.022431360785606e-06 4.826711337518618e-06 2.6747739437128716e-06 1.5658280877103644e-06 0.0 0.0 0.0 0.0 0.0 0.0 0.0 0.0 0.0 0.0 0.0 0.0 0.0 0.0 0.0 0.0 0.0 1.0710452419132391e-07 0.0 5.111528615230549e-07 9.605971163582725e-08 0.0 0.0 0.0 4.700062626602632e-06 0.0 3.266517260821996e-06 1.0088919777661472e-06 0.0 0.0 0.0 0.0 0.0 8.47586421978082e-08 0.0 0.0 0.0 0.0 0.0 0.0 0.0 0.0 0.0 0.0 1.577978770158531e-07 5.280643967957374e-08 6.582049918376206e-07 1.997574314131853e-07 0.0 0.0 0.0 3.451804163770054e-06 2.143100499592351e-07 0.0 0.0 5.6865531671044284e-08 0.0 0.0 0.0 0.0 0.0 3.9893157554112054e-06 2.824648393346544e-07 0.0 0.0 0.0 1.4434550824761663e-06 0.0 0.0 2.720433281470072e-07 0.0 1.7834947153040056e-07 0.0 0.0 0.0 0.0 0.0 0.0 5.470863277662548e-08 0.0 0.0 0.0 7.115827803397608e-06 2.2549311117500545e-06 2.5992442532967956e-06
9.304665850668689e-06 0.00036625109665333144 0.003605009468194212 1.4103505900499004e-06 0.00022461991702702627 1.4824828021349955e-06 6.163970098731172e-05 0.0 0.0002479908798404377 1.3623991907613749e-05 0.0007943658816914371 7.340610516592832e-05 0.0004777281801392414 0.0023000431976879995 3.178604780541428e-05 2.0495087263975305e-05 2.6412836616680603e-06 1.3112893475968517e-07 1.453611685934115e-07 2.8248107239494342e-06 2.2473568605479314e-05 1.2367951802239836e-07 1.2423936107143046e-05 8.55321668969119e-06 1.8162788083389081e-06 2.622236585503178e-06 1.3639848675622669e-06 9.535092688246443e-07 1.411201739466164e-07 8.542898205787561e-07 0.00060395201171276 0.0008993564605730311 0.00023233386325920518 2.5659891147829437e-06 7.721943089008813e-06 2.748539854586711e-06 0.00010125373968635014 7.049208881906844e-06 4.1723352654428265e-06 1.0719937084672188e-06 1.527943206126144e-05 6.846999395262501e-06 1.5106688275091898e-05 1.643084067402238e-06 1.9246949487311045e-06 1.1996908208369143e-05 7.603217197273482e-05 2.18332944418331e-06 1.6292995051238417e-06 4.897722482012327e-06 5.741781242152661e-07 1.7944011925928966e-07 1.1382065685861323e-06 1.3067278899495233e-06 6.88063508297786e-07 2.0994274609345258e-06 3.87018241904921e-06 9.197004995290632e-05 6.441295404192208e-06 2.396678440801645e-05 3.879725331017055e-05 0.00014120781720108322 8.173252956775082e-06 0.00012747678713810793 1.872149365366375e-06 2.0594390568679847e-06 2.1096540638380063e-07 1.4135700850290572e-06 8.277873890265768e-06 4.322934140346264e-05 0.00010179756745332058 1.6779682367703295e-06 0.0 5.2583140137001295e-05 6.269640322736048e-05 9.131039228419289e-05 7.912710578140885e-05 2.0685090150817674e-05 0.0005825558745386478 0.001928678670681391 1.838713384023838e-05 0.0009404649066700895 2.377805283851899e-06 0.0 4.548840973883748e-06 2.3737949458430424e-06 3.432582920803571e-06 0.0 5.631272443235148e-07 7.002072524533646e-08 8.101100761624457e-07 2.1803764520561253e-07 1.382416645860842e-05 3.60623768815367e-06 1.1328586031187177e-06 1.7030510882766966e-05 2.6601515214418147e-06 1.5148529805120037e-07 5.121089249691873e-06 4.619670626735234e-06 2.9043835649202727e-07 7.132988026061538e-07 7.320789208688451e-07 8.527709608076694e-07 1.9725192343892877e-06 2.1961178232438913e-06 1.0895743583894866e-06 4.412344051447008e-07 3.851624017889507e-06 5.62059557547939e-06 9.905216102071941e-08 3.995727902299604e-06 5.354123319518509e-06 1.3441141211427389e-06 3.291832521643596e-06 0.0 0.0 0.0 0.0 0.0 0.0 0.0 0.0 0.0 0.0 2.6446333646190486e-07 0.0 2.983867039899696e-07 0.0 0.0 0.0 0.0 0.0 0.0 2.84149904975013e-07 0.0 0.0 1.1458840927015273e-06 0.0 8.015029069572935e-06 1.254919223717025e-06 6.703803610048239e-06 4.94618782578293e-06 6.534350086506441e-07 2.706045278564034e-07 0.0 0.0 0.0 0.0 0.0 0.0 0.0 0.0 0.0 0.0 0.0 8.336168744461027e-07 0.0 0.0 0.0 8.767546517209412e-08 0.0 0.0 3.2609364515397827e-07 1.6967078800285864e-07 3.900228186228028e-07 4.010203216131552e-06 0.0 0.0 0.0 6.851898612711701e-08 0.0 0.0 0.0 6.933320797345005e-08 0.0 5.064743698523877e-06 3.986468325148825e-07 0.0 6.96568416464777e-08 0.0 5.832110716778953e-07 0.0 9.430640803465647e-08 1.211303218019993e-07 0.0 0.0 0.0 0.0 0.0 0.0 0.0 0.0 1.1891198623498916e-07 0.0 0.0 0.0 1.2606047894740839e-05 1.0062267642905332e-05 9.268532480374936e-06
1.501525430550962e-06 0.0014283206456741917 0.00034226389664720677 7.707914424092455e-07 0.0024439370717736202 2.8744205141280554e-07 0.001288330171978807 0.0002479908798404377 0.0 1.569476730275824e-05 0.0013290610767954505 3.262963044602107e-06 0.0005814668887461262 0.0007526757839210857 2.0609093583769812e-06 1.7958444357394033e-07 0.0 0.0 0.0 0.0 1.9757770171960181e-07 0.0 0.0 0.0 0.0 0.0 0.0 0.0 0.0 0.0 9.924352387651823e-06 4.505024065961491e-06 4.3842906458108073e-07 1.0746614721812656e-07 0.0 0.0 7.452738114584869e-07 7.437115702331797e-08 0.0 0.0 7.694682444463454e-08 0.0 2.970191508632398e-07 3.094420316306365e-07 0.0 0.0 8.221315874682574e-06 3.721771141804435e-07 0.0 0.0 0.0 0.0 0.0 0.0 2.41798434906723e-07 2.8886828644574653e-07 2.7127274219157647e-07 4.180043845512422e-06 1.2111344628908915e-06 3.0231981410502964e-06 1.0064087344694384e-07 1.5005048311977355e-06 0.0 6.758048850018418e-06 2.2780936425244054e-07 2.338488984065952e-07 6.028775396931533e-08 0.0 7.430149519569114e-08 4.915736261454966e-07 4.2709781895261835e-06 0.0 0.0 5.365351218838503e-06 6.796379393597485e-06 1.1610047406500511e-05 5.706474404526224e-06 1.2058047630414112e-06 6.214798556455053e-07 7.752878895272082e-06 7.474014990646479e-07 4.66609407209851e-06 3.5724999419708924e-07 0.0 2.838271569373581e-07 2.3048732500580501e-07 1.6146205391933025e-07 0.0 6.096074388528235e-08 0.0 1.571002948160023e-07 0.0 7.514210016870569e-08 1.2077462421407117e-07 0.0 9.097042861539357e-06 3.5482650437646266e-07 0.0 0.0 1.7548944175926586e-07 1.681040647775442e-07 6.39499394164573e-07 0.0 0.0 0.0 0.0 0.0 0.0 5.838579671549542e-07 5.178960501063281e-07 0.0 1.3309444833937502e-07 3.0715798779059134e-07 1.1729701300741098e-07 0.0 0.0 0.0 0.0 0.0 0.0 0.0 0.0 0.0 0.0 0.0 0.0 0.0 0.0 0.0 0.0 0.0 0.0 0.0 0.0 0.0 0.0 0.0 0.0 0.0 6.47620998363677e-07 0.0 2.0502848360754588e-07 3.129192660752873e-07 8.279022803994753e-07 0.0 0.0 0.0 0.0 0.0 0.0 0.0 0.0 0.0 0.0 0.0 0.0 0.0 0.0 0.0 0.0 0.0 0.0 0.0 0.0 0.0 0.0 0.0 0.0 0.0 0.0 0.0 0.0 0.0 0.0 0.0 0.0 1.5869170818546266e-07 0.0 0.0 0.0 0.0 0.0 0.0 0.0 0.0 0.0 0.0 0.0 0.0 0.0 0.0 0.0 0.0 0.0 0.0 0.0 0.0 1.006849360085892e-06 4.827552422006917e-07 5.901710794580358e-07
0.0005806233057923665 0.001676039672231112 2.781915276084606e-05 0.0016130871893461631 8.248068973828403e-05 0.00013884305110725082 0.000551853560556312 1.3623991907613749e-05 1.569476730275824e-05 0.0 1.5334511119595452e-05 0.0022228560193580395 0.003945378992853952 0.00022600514205347973 1.4201644472363183e-05 4.459977739565573e-06 3.9823529586135927e-07 0.0 8.718646722804897e-08 0.0 4.602974569973827e-07 9.425734089920368e-08 2.1472970412150548e-07 4.269863619856207e-07 1.754316063443225e-07 1.636525482417525e-07 1.1311764586071845e-07 8.199794548579076e-08 5.813042351114035e-07 1.5713685540994964e-07 4.3463436156205886e-05 1.610401760293924e-05 6.126554715944457e-05 6.713113188899978e-08 2.648507456677897e-07 0.0 8.54193722682046e-05 8.848895208785829e-07 1.2487741668421709e-06 0.0 9.870982233718037e-07 4.935657185723922e-07 6.661203114970803e-07 6.917533784130967e-07 8.205796807759372e-08 3.379824877916654e-07 6.160647062212323e-05 2.592495261599976e-06 3.8787349900568913e-07 3.6672139967136513e-07 5.364230772659782e-07 2.8462989977493835e-07 5.208316916090295e-07 1.9053267783669983e-07 1.9253633734658413e-06 3.5063510824634403e-06 1.136684287130979e-05 6.075869380811208e-05 7.277152001565618e-06 3.0590441999752286e-05 1.8171283479538592e-06 9.862762353350644e-06 3.1830344962573146e-07 7.827903501474216e-05 3.355724180380917e-06 1.8725130385656708e-06 5.394889267405121e-07 6.935488402152106e-07 2.146338646737478e-07 1.6672384559708155e-06 0.00037015640347890633 8.726744659499595e-07 2.0022804630698151e-07 8.091770711873776e-05 6.690613504825415e-05 9.082488586708369e-05 4.4701109216376744e-05 3.846790621252644e-06 8.464294974080346e-06 9.907648399316164e-06 1.6520088254520235e-06 2.4945926102772394e-05 3.921867854746569e-06 4.1874638601339395e-07 3.779995306639313e-06 3.2583324682516067e-06 6.946225923698361e-07 1.5295064783093132e-07 9.408183145480682e-07 3.0029745496694823e-07 8.832559737732443e-07 8.899099089044042e-08 3.0047001196723537e-07 6.542800515865481e-07 1.5321701367853613e-07 0.000725069451106666 5.693823229467618e-05 1.5401898439864787e-06 2.401397230349672e-06 0.00031036063517147735 1.3209778996105716e-05 2.7852303139949256e-05 0.00010146639198836122 6.794335079020284e-05 8.358041995639346e-06 2.8242149359942947e-05 1.970889980413651e-05 4.035867157960283e-06 4.517108447592735e-05 9.555182856945817e-05 3.4460624771098437e-06 2.4003470977479246e-05 5.842533272135598e-05 2.1238747335245516e-05 1.2873266212875452e-05 5.557516093308923e-08 0.0 0.0 0.0 0.0 0.0 0.0 0.0 0.0 0.0 0.0 0.0 0.0 0.0 0.0 0.0 0.0 0.0 0.0 5.345133914979533e-06 1.2530465893121617e-06 0.0 0.0 0.0 3.0461842072640907e-05 4.165655749639135e-07 1.4691486368202303e-05 1.925261177994055e-06 3.0550597934679436e-07 0.0 0.0 0.0 0.0 7.225561387569294e-08 3.5678794696924616e-07 0.0 1.7845496000000845e-07 0.0 0.0 0.0 0.0 0.0 0.0 5.9505816223472694e-08 0.0 0.0 8.632942173098963e-07 2.663805305585449e-06 1.3225341865282273e-06 0.0 0.0 1.0994770291461396e-05 7.238944267722562e-08 0.0 0.0 6.385878747525758e-08 0.0 0.0 0.0 0.0 0.0 2.9392706040405522e-05 1.6781833238405568e-07 0.0 0.0 0.0 3.7556593970704324e-06 0.0 1.1467255735238886e-07 6.340547867952511e-07 8.534893138481663e-07 3.615566188287097e-07 1.0017468673001089e-07 2.0130253241357295e-07 6.108009915403992e-08 0.0 0.0 0.0 0.0 1.2189488935130645e-07 0.0 0.0 0.00010976741689124849 9.163809160584958e-06 7.43011185804722e-06
7.52115384834937e-06 0.000765654766955598 0.0013547668190675784 1.965238944650099e-06 0.0010318857081314527 1.1711219900928687e-06 0.00019695678567117783 0.0007943658816914371 0.0013290610767954505 1.5334511119595452e-05 0.0 4.21622563119228e-05 0.000687058434817664 0.003129667573155618 8.220062710416298e-06 4.452575383828364e-06 3.482073243174133e-07 0.0 0.0 0.0 5.413470827195867e-07 2.090651411339136e-07 5.225932839744063e-07 5.36998715793137e-07 0.0 5.559664419644375e-07 0.0 6.698009925337725e-08 0.0 8.279091697619327e-08 5.270759915115599e-05 6.062483355429108e-05 0.00023250949473534895 2.2131342940757008e-07 1.512666782255091e-07 7.081604342482586e-07 0.00010440595567165443 2.2237962968576347e-06 1.366474168409204e-06 2.0694065355832607e-07 1.818502536006364e-06 9.769901634969052e-07 2.8536246212550227e-07 2.73520073754268e-07 7.580735912396112e-08 5.685957687409115e-08 1.716721300349444e-05 3.4135942525361655e-07 2.0290043881142842e-07 2.3747477280345842e-07 1.071110270057452e-07 0.0 0.0 2.7034680306994833e-07 2.087281446420865e-07 5.108884920247984e-07 6.474540732214778e-07 1.0179799231854179e-05 1.0470848662074302e-06 4.526483182296326e-06 2.2300142596278067e-07 1.2932959637007534e-05 0.0 1.1864211131410342e-05 4.935581637601526e-07 1.1791900794076042e-07 1.3153342058131893e-07 0.0 1.5780851442635111e-07 1.9672781176491253e-06 7.793439351287175e-05 1.6063226739829876e-07 0.0 1.2159622966611519e-05 1.3916552310067824e-05 2.4839641813940516e-05 1.270024798738667e-05 2.6442955705660853e-06 2.5741531746781887e-05 0.0011466942491977056 8.578278653903201e-07 3.926302943969451e-05 7.854196873659016e-07 0.0 6.015531674071067e-07 7.141879315901658e-07 2.6532158074717587e-07 6.000589684220876e-08 1.3574341799007114e-07 0.0 2.3494682693898986e-07 1.9750660623913418e-07 9.954593748136643e-07 7.463176281589139e-07 4.060201922564095e-07 9.69075751002076e-06 1.387334012963566e-07 2.748844855665821e-07 8.164850704023112e-07 1.2024321754681137e-06 0.0 0.0 5.541259448696719e-07 0.0 5.180289345563308e-07 1.24351965792513e-06 8.306263969454932e-07 1.4300412099778624e-07 1.997229239275383e-06 2.1751779192090477e-06 3.955005663699091e-07 2.6218011758386975e-06 1.17699969273147e-06 8.904434430537632e-08 2.417634253979311e-07 0.0 0.0 0.0 0.0 0.0 0.0 0.0 0.0 0.0 0.0 0.0 0.0 0.0 0.0 0.0 0.0 0.0 0.0 0.0 0.0 0.0 0.0 5.784456781372145e-07 0.0 1.5913915123708057e-06 0.0 2.512679800574149e-06 6.042390010185629e-07 7.343502575538473e-08 0.0 0.0 0.0 0.0 0.0 0.0 0.0 0.0 0.0 0.0 0.0 0.0 2.0161545038789282e-07 0.0 0.0 0.0 0.0 0.0 2.865014283588386e-07 0.0 0.0 0.0 3.622520725678582e-07 0.0 0.0 0.0 0.0 0.0 0.0 0.0 0.0 0.0 3.3004041264722693e-06 0.0 0.0 0.0 0.0 0.0 0.0 3.2691542181255096e-07 0.0 0.0 7.138252418865057e-08 0.0 0.0 0.0 0.0 0.0 0.0 0.0 0.0 0.0 0.0 7.356211198485385e-06 4.077031333504763e-06 3.5522721132407266e-06
0.0003451591579280311 0.00019643957964356608 3.6068576661870166e-05 0.0015422832538388512 1.679444289526934e-05 6.814254416485091e-05 0.00014205637501338167 7.340610516592832e-05 3.262963044602107e-06 0.0022228560193580395 4.21622563119228e-05 0.0 0.0008691716445403621 0.0001084343088006393 3.839608318993967e-06 2.6215143425172597e-06 1.2754514516856887e-07 0.0 0.0 0.0 0.0 0.0 9.188919105683508e-08 0.0 0.0 0.0 0.0 0.0 1.0986973226142747e-07 0.0 9.358951320992643e-06 7.532795173025951e-06 5.768104312969825e-05 0.0 0.0 1.3647915101312952e-07 0.00013251290472338328 1.6999544774073519e-06 2.0097366810953225e-06 9.925204060620489e-08 1.2398606529365084e-07 7.318623071785282e-08 5.542035578436001e-08 3.0842127570099046e-07 0.0 0.0 1.106303154301603e-05 1.2196513344749328e-07 0.0 5.2357006639524565e-08 7.469897422255348e-08 0.0 0.0 7.358621496742668e-08 2.0910495068856504e-07 0.0 1.541650364362272e-06 1.1148825121095473e-05 1.2348793160483067e-06 3.192713008297437e-06 4.260965969099043e-07 7.803678950033471e-06 3.6450519745807036e-07 8.330264756556005e-06 7.123809075980761e-07 3.2086159516710615e-07 0.0 1.229666843006882e-07 0.0 3.9997158645595157e-07 0.000145610445377442 7.887039805176551e-07 0.0 1.0979332042435706e-05 6.716864099353816e-06 9.240104842417154e-06 3.569343150954723e-06 5.593793528587629e-07 2.533510159831518e-06 2.6274157870340674e-05 6.049736575787373e-08 3.369009146448875e-06 4.615631522702312e-07 0.0 2.3626609581236424e-07 4.581433666924882e-07 0.0 0.0 0.0 0.0 3.227343616833229e-07 7.070689693861799e-08 0.0 6.41580050128734e-08 9.090005867090964e-08 0.00020123007329928203 1.4142137853685558e-05 9.966306349335172e-08 3.6521553770030038e-06 6.886765866933479e-05 7.094571610102413e-07 2.851523013408731e-06 1.021661231506391e-05 4.699671342130365e-06 1.7149549436572038e-06 8.0053492462053e-06 2.786727580899163e-06 2.8712840927254567e-07 1.400329989359209e-05 1.8739665673150324e-05 6.42611487505996e-07 9.001984094023102e-06 1.5557143788518317e-05 4.530235873806937e-06 4.321925171685196e-06 0.0 0.0 0.0 0.0 0.0 0.0 0.0 1.3046997311230046e-07 0.0 0.0 0.0 0.0 0.0 0.0 0.0 0.0 0.0 0.0 0.0 1.6461777238702681e-06 1.2572733208257455e-07 0.0 0.0 0.0 1.4520404963664346e-05 2.020537547589278e-06 6.127598467078509e-06 3.0982792889547086e-07 0.0 0.0 0.0 0.0 0.0 0.0 0.0 0.0 0.0 6.609120024098106e-08 0.0 0.0 0.0 9.58462431743367e-07 0.0 0.0 0.0 0.0 1.4531620669595672e-07 2.4037002248294865e-07 9.040327104999569e-08 0.0 0.0 6.339633941178064e-06 0.0 1.339844972098517e-07 0.0 6.422724114835978e-08 0.0 0.0 0.0 0.0 0.0 1.2769901310956726e-05 1.7853735834075692e-07 0.0 0.0 0.0 2.015103660811677e-06 0.0 1.5258149934996775e-07 5.846234203396341e-08 4.4004800604228997e-07 3.312571831713041e-07 0.0 0.0 0.0 0.0 0.0 0.0 0.0 0.0 0.0 0.0 3.12443922182182e-05 5.992204522763692e-06 5.493101537832741e-06
0.00019388428943466999 0.001156394887731793 0.0001583566057496518 0.0012642429609229892 0.00048120816030309106 3.604651692817625e-05 0.0024673636220489997 0.0004777281801392414 0.0005814668887461262 0.003945378992853952 0.000687058434817664 0.0008691716445403621 0.0 0.004200707689481049 2.1495459894292777e-05 1.1109029839363317e-05 6.711638875120233e-07 0.0 0.0 1.3528191388668315e-07 6.054461464965542e-07 7.797640736992857e-08 4.2787988489540445e-07 5.793853079095204e-07 8.05085122955394e-08 0.0 3.4184701400988644e-07 6.006665827899109e-08 1.7028456756719881e-07 0.0 3.003108646118832e-05 3.309086977379076e-05 0.00039489944813265115 0.0 7.95707037027125e-07 1.3471284471892396e-06 0.0002324741372012137 6.26808893959613e-06 4.4395990934923606e-06 2.621739318366979e-06 9.400252843415085e-07 2.286852723150334e-07 1.6612001157118597e-07 4.083490316314638e-07 1.361021443531135e-07 8.407943864449453e-07 5.2915607274240115e-05 8.791212553711673e-07 5.625197767460848e-07 1.235869568934234e-07 2.218093411791376e-07 0.0 0.0 2.2025753675079118e-07 3.9743404049976397e-07 1.4901421193486137e-06 1.4355904544325115e-06 1.6732287287368972e-05 3.28481957146162e-06 1.2520865096808698e-05 7.692497518389951e-07 2.5702142022441227e-05 1.3073691633545202e-07 3.807247225963699e-05 4.7546447652043746e-07 1.2188531763906347e-06 5.757060996697737e-08 3.6084003705895833e-07 4.1686693074825777e-07 1.4614876461961292e-06 0.0004111704687011631 9.809909699162264e-07 0.0 2.4073111305206478e-05 2.2848306717827774e-05 4.480708087592208e-05 2.5551241997259996e-05 4.820371088564836e-06 1.2023155661583126e-05 0.0001690907015359567 4.889067040297051e-07 2.0942071106312973e-05 2.2799178360994936e-06 0.0 1.1045747952812602e-06 7.373127665915283e-07 0.0 0.0 3.172561588859975e-07 0.0 2.640921084503701e-07 6.471153690680757e-08 2.660897935912489e-07 2.1769827070941465e-07 1.3102352947130018e-07 0.0007840835539350736 1.4189874559302115e-05 5.095995647257104e-07 1.656495529602284e-05 2.8314721233720913e-05 4.899708169485064e-06 1.3717113541026347e-05 1.906449272271704e-05 7.730042165775566e-06 3.841942956589555e-06 1.5248454033188058e-05 6.296788692691921e-06 1.5353042682578254e-06 2.055051537029243e-05 3.4376622892094035e-05 2.191713778721279e-06 3.135356325267279e-05 3.2254127771016315e-05 1.7864074589732628e-05 1.0059937276910184e-05 3.8793970636606134e-07 0.0 0.0 0.0 0.0 0.0 0.0 0.0 0.0 0.0 0.0 0.0 0.0 0.0 0.0 0.0 0.0 0.0 0.0 4.4740041194448076e-06 8.122324157052785e-07 0.0 5.885426553374221e-07 0.0 2.4991629692940147e-05 1.7872167520874917e-06 2.1161256613249756e-05 2.070657219091892e-06 0.0 0.0 0.0 0.0 0.0 0.0 0.0 0.0 0.0 9.88671855531627e-08 0.0 0.0 0.0 5.512641976509361e-07 0.0 0.0 1.5421180238761504e-07 5.058998302959731e-08 9.62204050365314e-07 6.505864138511442e-07 8.114760439529281e-07 0.0 0.0 1.242888896669495e-05 6.720505944545468e-07 0.0 0.0 0.0 0.0 0.0 0.0 0.0 0.0 2.4954878188300385e-05 1.502454966037225e-07 0.0 0.0 0.0 2.329311648679502e-06 1.027959423544601e-06 1.6399922800652155e-06 0.0 9.195706693467727e-08 2.5933257184638035e-07 0.0 0.0 0.0 0.0 0.0 0.0 0.0 0.0 0.0 0.0 6.444355999549266e-05 1.68358686855457e-05 1.6337843127422218e-05
