0.0 0.0021665776979537467 0.0005010411117854955 0.0011846634783947737 5.227374345751517e-05 4.871181092418091e-05 0.00015580091685364736 3.9930043094095755e-05 1.529520966862584e-05 0.0008606948022180173 5.5691677538283236e-05 9.327343905770501e-05 6.130480681418502e-05 6.663152300051752e-05 3.5510745256069375e-07 5.004335553673525e-07 0.0 1.1102701859086433e-07 0.0 0.0 0.0 0.0 0.0 0.0 0.0 0.0 1.0033618686088327e-07 8.364047315661537e-08 1.2591715042596656e-07 7.791628861302859e-08 0.000616282747921154 1.1020189083113947e-06 4.6197651328900355e-06 0.0 0.0 0.0 7.088046192624541e-06 5.203546876344207e-07 1.541667420764553e-06 0.0 1.7820065081076432e-07 9.378166921749642e-08 1.7947662714696274e-07 0.0 0.0 5.970035359827613e-08 1.3230480091976367e-05 8.459960580217484e-07 0.0 2.846720117045627e-07 1.8677381940183651e-07 3.069197500745905e-06 0.0 7.950179371524813e-08 7.268834926252037e-06 7.609090794462555e-06 0.00011806138821910729 0.000699031254983961 6.665976944858552e-05 6.926584434939461e-06 9.708054374280774e-08 5.160946576953252e-07 7.80232806274973e-08 6.676400460307691e-06 1.9834536264927532e-06 2.1336484144081303e-07 2.3825925948338559e-07 2.412595742505242e-07 1.7025842890858247e-07 2.432505583452382e-07 3.8729691444019053e-05 1.3288913603146876e-05 6.043685229444368e-07 0.0002005505092922299 5.582561998914903e-06 2.7005339244562654e-06 1.1069443047502638e-06 6.684939042733258e-07 3.182492728209461e-07 1.788055653927535e-05 8.826921771687625e-08 1.1359853820574489e-06 4.989957913639715e-06 0.0 2.4934084782186737e-07 1.9048835850119572e-06 3.2267271498407384e-07 7.443351269276877e-07 2.9625240917672546e-07 9.123833215491351e-07 5.322338684037786e-07 5.836748814042503e-07 0.0 1.5949824289722404e-07 4.866199250816465e-07 0.00010724544714114604 1.5135972992377852e-05 4.0190578672192985e-06 6.055749786446365e-06 0.0008212874058663238 0.0 0.0 0.0 0.0 0.0 2.1296096673069867e-06 0.0 1.356049490456593e-06 1.1720585551331454e-06 0.0 0.0 2.488727311158345e-07 2.1709547794908344e-06 0.0 5.134702783796372e-07 0.0 7.689519354972196e-08 0.0 0.0 0.0 0.0 0.0 0.0 0.0 0.0 0.0 0.0 0.0 0.0 0.0 0.0 1.9915542231930882e-07 3.505263322093901e-07 0.0 1.148791449188583e-06 0.0 0.0 0.0 0.0 6.541052796359204e-07 0.0 2.9862819230506143e-07 5.144479132981035e-07 0.0 0.0 0.0 0.0 0.0 0.0 0.0 0.0 0.0 0.0 0.0 0.0 0.0 1.78846855337586e-07 0.0 0.0 0.0 2.2594130800292576e-07 0.0 0.0 0.0 0.0 0.0 3.60562163411943e-07 0.0 0.0 0.0 0.0 0.0 0.0 0.0 0.0 0.0 1.9798842905445393e-07 0.0 0.0 0.0 0.0 0.0 0.0 0.0 0.0 1.0371864418628343e-07 0.0 0.0 7.735123914853963e-07 0.0 0.0 0.0 0.0 0.0 1.0619466637117571e-07 0.0 0.0 1.1547356169246412e-06 9.242758418796962e-08 5.984512266783162e-07
0.0021665776979537467 0.0 0.0010684410565789206 0.0031362977135233317 0.0012786248189159126 2.1770795080131002e-05 0.0028616556492403133 0.0002173838843205207 0.002432944394826792 0.001789630243182605 0.000660641768176128 0.00014551422420246564 0.0010455534301826415 0.001191987586920964 1.0445258710362228e-05 1.1817791859168046e-06 1.4472604401209662e-06 6.169154303697599e-07 0.0 0.0 0.0 0.0 0.0 5.250460387167285e-07 3.2672848744100175e-07 5.637175098226272e-07 5.818934781395886e-07 0.0 6.12269676049461e-07 0.0 0.001345285827316534 1.5069283956368672e-05 5.018136333064729e-06 9.902065451486546e-08 1.1785657240924171e-07 8.629337189270945e-08 1.1653772258817253e-05 1.1364453525856153e-06 2.302039835003596e-06 3.025793433008756e-07 8.290752509189828e-08 2.4232546029564237e-07 4.056644882945465e-07 8.538165447311401e-07 1.752434166919859e-07 6.746268377174341e-07 0.00020624957496899975 2.4960903954390385e-06 4.3231732147253635e-07 1.311502290945596e-06 8.725938798058748e-07 8.727936613090098e-08 0.0 0.0 2.1890030831124694e-05 2.5795033640948618e-05 6.899339931918551e-05 0.000595306575160893 7.09034587371217e-05 9.883694140735551e-05 6.046414277008407e-07 8.783762208853857e-07 0.0 0.00011575356640692493 9.288655336528673e-06 2.2213205541973168e-06 9.118193169996113e-07 1.5072079810908945e-06 1.206046821334603e-06 1.5882157987894068e-07 4.8922977618037545e-05 1.482027817794579e-06 8.579877361038266e-08 0.0005437955101617688 8.28099697772646e-05 7.75452730631158e-05 2.5639385519806206e-05 5.499292512159751e-06 1.458838331876644e-06 3.50690472806735e-05 2.5671056341365615e-06 3.0638810357836193e-06 2.321665141446722e-05 3.834554133378227e-07 1.6765060915573821e-06 5.806360784160185e-06 2.236948941849275e-06 2.4941462089787566e-07 2.6743649700846863e-06 9.329511314139791e-08 1.241956951285584e-06 5.120638904174263e-07 0.0 8.356686903451945e-07 6.039196981759042e-07 3.959693897221519e-05 1.1917874854295156e-06 0.0 9.508117849432438e-07 0.0006842662457636203 1.684340125771254e-07 0.0 1.0638727591069624e-05 4.422074936083093e-07 1.298860327449889e-06 2.1468250946825465e-05 0.0 4.574335993956531e-06 5.467322798132923e-06 3.5245176842440764e-06 1.6932845354943041e-06 1.886742213257664e-05 1.9772916256977045e-05 1.3526227807224686e-05 5.5049084518306275e-06 0.0 9.018009062450684e-07 0.0 0.0 0.0 0.0 0.0 0.0 0.0 0.0 3.227393400099439e-07 0.0 5.072502894827184e-07 0.0 0.0 0.0 0.0 2.661168016380503e-07 1.730281137874801e-07 2.829620785441191e-07 2.3187918233571335e-06 0.0 0.0 0.0 1.0143992305314994e-05 2.918767107899391e-07 3.54601883710944e-06 1.7963504145433841e-06 0.0 0.0 0.0 0.0 0.0 0.0 8.197553164324533e-07 0.0 0.0 0.0 0.0 0.0 0.0 2.952173195308937e-07 0.0 0.0 2.485908224155473e-07 0.0 5.968601279019522e-07 3.1547294935293836e-07 4.5073364622450884e-07 0.0 6.186746668811203e-07 1.2497862178799779e-05 7.48375210064385e-07 0.0 1.0367931171548651e-07 0.0 9.06313285747661e-08 0.0 0.0 0.0 0.0 2.3559467953372015e-05 3.8765937657092496e-07 0.0 0.0 0.0 7.3706143226308586e-06 1.6450954902144906e-06 3.420265530389805e-06 3.8238373087386525e-07 2.723615669763935e-07 1.8793526577978412e-07 0.0 0.0 0.0 0.0 0.0 0.0 0.0 0.0 0.0 0.0 2.5062370063428457e-05 3.779703864362564e-06 9.157846320517213e-06
0.0005010411117854955 0.0010684410565789206 0.0 0.0003553812756257993 0.0004388405112084229 3.3296430290071367e-06 5.9689086025470924e-05 0.001306490335981163 0.0007710913732603956 1.6138046023358817e-05 0.002801623844632817 7.230307101841858e-05 0.00020286569379360068 0.0010976402003875568 1.2229704710219618e-05 6.594970964835426e-06 4.918582761520214e-07 2.689356697806226e-06 1.0051203409286508e-07 5.195911615108578e-07 8.696018255854048e-07 1.7979553415476524e-07 1.5222652265403548e-06 2.492862673904448e-06 1.5762761533137527e-06 1.250107984627694e-07 1.3049679282043079e-06 1.3623412093868259e-07 2.541604271257817e-07 8.690334750213972e-07 0.0034985873725793828 0.00014022798764240626 4.617724405124516e-05 2.1667418071152675e-07 1.6717225488233275e-06 2.2785954834085152e-07 4.878931721623375e-05 3.8569595691711835e-06 7.039189639029205e-06 9.424748503117212e-07 7.076533974554245e-07 2.1402255562800273e-07 6.695670116685872e-06 2.017786766618697e-06 2.7415226530552596e-07 1.9565575984540247e-06 8.530901667382236e-05 2.7842024387637502e-06 7.271980536185219e-07 1.589473384102352e-05 2.3120135379536387e-06 0.0 1.307395733541904e-07 3.2618594263763887e-07 7.417704980331402e-06 9.890157631729396e-06 2.975261744520622e-05 0.0003554419021847451 2.647352802606745e-05 3.560645533924961e-05 1.739685583628149e-05 6.1013714964498834e-06 8.495421926988583e-07 6.290266091381623e-05 4.9344525297278215e-06 7.323852724768609e-06 1.657860265009445e-06 1.3142973454241148e-05 1.726706326260252e-05 3.4062536001968104e-06 0.00010246195313340042 4.5582771793174505e-06 9.096684505179877e-08 0.00020351607722649069 4.968484718228052e-05 4.061654557754685e-05 2.1775194764774767e-05 1.4295171846075968e-05 5.732287179170953e-05 0.000639925174418501 1.4435117858476235e-05 0.00016209987003170526 7.956987262852333e-06 8.958557143883719e-08 6.6767617721482045e-06 2.154172150695468e-06 7.982011926166297e-06 1.0951645624558471e-07 6.431940228340046e-07 0.0 5.240588592018593e-07 2.7491407589705567e-07 3.162448207600553e-06 6.086742952058349e-07 3.910198646891367e-07 4.685052569870673e-05 2.735485706227698e-06 4.760065314279263e-07 5.083206327919737e-06 0.0002727733955688294 0.0 0.0 3.130594182815743e-06 2.6181164800790063e-07 0.0 4.910528432198956e-06 0.0 2.4572573004212865e-06 3.756620060416455e-07 3.2631358237977223e-06 9.937970185309496e-07 1.1746566223463108e-05 1.2945123011146561e-05 8.478169154040234e-06 3.3909557383832426e-06 2.643633823398569e-07 3.514072111211856e-07 0.0 0.0 0.0 0.0 0.0 2.821256475077285e-07 0.0 0.0 0.0 0.0 2.1400135061235642e-07 0.0 0.0 1.8258394952431587e-07 2.457019912376552e-07 0.0 1.211474411183983e-07 3.6763332652357373e-07 3.2287248401061277e-06 0.0 3.430504906868802e-07 0.0 1.254945269261907e-05 3.9549439851536134e-07 8.313445847648026e-06 5.0104779641324715e-06 7.978228060338044e-07 0.0 2.0742782695347476e-07 0.0 0.0 4.35204400728322e-07 7.047568827734559e-07 0.0 0.0 9.304515076671755e-07 0.0 0.0 0.0 5.579583804113828e-07 0.0 0.0 4.506893958952169e-07 0.0 3.455434602488276e-07 7.999787047427255e-07 0.0 8.386886557519863e-07 1.916811861188955e-06 1.4406758112513898e-05 0.0 1.5251220136593004e-07 0.0 0.0 0.0 0.0 0.0 0.0 0.0 1.75934749484614e-05 3.202618414277866e-07 1.9083807074587375e-07 0.0 0.0 1.030747591627422e-05 0.0 4.724835585126965e-06 6.127602194378911e-07 2.5994517202957213e-06 1.4713868508623623e-06 4.993345647525762e-07 3.891017127271036e-07 0.0 0.0 0.0 0.0 1.1258182086827201e-07 7.064720509058915e-08 0.0 0.0 1.0090676636887401e-05 5.67776398309557e-06 1.3656542438095675e-05
0.0011846634783947737 0.0031362977135233317 0.0003553812756257993 0.0 0.0001278598228304562 6.0736154950766874e-05 0.00046990695358260006 1.2248827444275616e-05 1.2329545066734262e-05 0.0015374979805445831 9.950545960460217e-06 0.0009437416623901674 0.0008173132204426944 9.080883424275589e-05 3.888761982434705e-07 4.1957330461518405e-07 1.074827086160074e-07 1.7311319377916145e-07 0.0 0.0 0.0 0.0 0.0 0.0 0.0 0.0 0.0 8.558370307782426e-08 0.0 0.0 5.384674301222713e-05 6.097389387898744e-07 0.0 0.0 0.0 0.0 3.774574350803239e-07 1.8015175138499816e-07 7.218034019841797e-07 7.397271195107e-08 0.0 0.0 0.0 0.0 0.0 7.067821983031615e-08 1.68150424318992e-05 4.970503234532466e-07 2.4048990340313344e-07 2.6768433004399506e-07 3.8023725719396295e-07 7.869894031947027e-08 0.0 0.0 3.7794098741578977e-06 4.634539544291627e-06 2.922085569641655e-05 9.877952368349617e-05 1.7131625262896034e-05 1.2078241624273536e-05 1.5201613708350228e-07 0.0 0.0 1.2340026125286659e-05 1.4421294241714663e-06 5.223773154972738e-07 1.988809839812389e-07 1.1416693087826577e-07 7.626234937843133e-08 0.0 7.948660252313696e-06 2.0727461018830144e-06 0.0 0.00011316991540207322 8.785790492773839e-06 6.94689640699234e-06 1.6166249988615388e-06 7.075361590359939e-07 1.1922278053180297e-07 6.351077378296917e-08 2.9361462271826904e-07 1.932636147003356e-07 4.0856958479554595e-06 0.0 1.3265082159943545e-07 9.010417313345713e-07 3.6991966285141667e-07 2.951330193265001e-07 3.6904434122369224e-07 8.314033318596326e-08 8.957806468654657e-08 0.0 0.0 0.0 1.7331528345266884e-07 9.149884172450536e-06 1.1272402287807607e-07 2.7112139327386924e-07 0.0 0.0005416555484699111 0.0 1.4658007250587898e-06 2.774881838858736e-06 6.483877024899522e-06 0.0 8.079152217211095e-06 1.5860687532654936e-06 7.529899704392839e-07 1.0708485199226537e-05 3.0783102353529004e-06 6.946152188402024e-07 1.7415517466518463e-06 5.180124883849958e-06 1.9373152034394253e-06 0.0 0.0 0.0 0.0 0.0 0.0 0.0 0.0 0.0 0.0 0.0 0.0 0.0 0.0 0.0 0.0 0.0 0.0 0.0 0.0 0.0 0.0 0.0 0.0 0.0 1.1080633878841558e-07 0.0 1.8512728294789147e-07 8.191027592385272e-08 0.0 0.0 0.0 0.0 0.0 0.0 0.0 0.0 0.0 0.0 0.0 0.0 0.0 0.0 0.0 0.0 0.0 0.0 0.0 0.0 0.0 4.0129700366719166e-07 0.0 1.9432586173811059e-07 0.0 0.0 0.0 0.0 0.0 0.0 0.0 0.0 0.0 1.006524550685038e-06 0.0 0.0 0.0 0.0 0.0 0.0 8.57592955792921e-08 0.0 5.101805533585028e-07 0.0 0.0 0.0 0.0 0.0 0.0 0.0 0.0 0.0 0.0 0.0 3.6189412327682386e-07 0.0 8.434174106311989e-08
5.227374345751517e-05 0.0012786248189159126 0.0004388405112084229 0.0001278598228304562 0.0 1.822029158235776e-06 0.0008046083350997562 0.00021049254126995413 0.004043923552387692 0.0002707017513739656 0.0004648272185037849 4.3920519532223956e-05 0.00019338429106675485 0.0005494109272244027 7.600935004417991e-06 8.169689648999244e-07 0.0 2.3040516394188943e-07 0.0 6.598241356330405e-08 0.0 0.0 0.0 0.0 2.612182818677006e-07 0.0 2.0530878619035744e-07 0.0 0.0 0.0 0.00014408914352249795 1.0083211535635132e-05 3.918329343381011e-06 0.0 0.0 0.0 9.007748985218485e-06 5.050736796234335e-07 7.437117389769071e-07 0.0 0.0 6.739471751173836e-08 2.2758432501691188e-07 1.9628782734855445e-07 0.0 0.0 6.938737384469537e-05 5.15175652383738e-07 7.943060433445347e-08 4.0683733516264184e-07 1.0155282138447976e-07 7.077034390049738e-08 0.0 0.0 3.1610542858377835e-06 4.475894419878753e-06 9.257224018836836e-06 6.53990840652853e-05 7.743160095925744e-06 2.6101662175301716e-05 6.129497285431553e-07 8.683147086881541e-07 0.0 3.185266498653889e-05 9.040375701226779e-07 4.994575268106992e-07 2.892479438711116e-07 2.2014531544729602e-07 5.995773123020528e-07 8.275813864188262e-08 2.6975326261174278e-05 4.1624533882545564e-07 0.0 8.170148357311721e-05 2.582942112704994e-05 3.0294372745131695e-05 1.652275596888243e-05 3.17707331572944e-06 2.248351994897863e-06 9.235560961336195e-06 3.1319527386257206e-07 3.38355643038374e-06 3.858689236148591e-06 0.0 7.57316900929091e-07 1.2002858620225238e-06 3.484380046682484e-07 1.6959764755806075e-07 4.546190871448706e-07 0.0 3.611981111366391e-07 0.0 0.0 9.139258811661239e-08 0.0 3.713483852731815e-05 1.3384797495714983e-06 0.0 2.1383219915388583e-07 2.510954654971647e-05 5.13807832700782e-07 1.14707317230416e-06 9.504996163373247e-06 3.3465461453356337e-07 3.1366584325955416e-06 1.0598419575184228e-05 4.775009157862749e-07 1.690415022246822e-05 9.307293614735665e-07 3.6055405050500075e-06 2.0050955933465484e-06 1.4190968730444938e-05 2.4633289332271262e-05 1.8067832084215323e-05 5.5532475281846135e-06 1.7730516388377726e-07 0.0 0.0 0.0 0.0 0.0 0.0 0.0 0.0 0.0 0.0 9.342069008622596e-08 0.0 0.0 1.251636991541621e-07 0.0 0.0 4.4670239547849146e-07 0.0 1.800139151442894e-06 1.6044184997788336e-06 0.0 0.0 0.0 1.2178402052278332e-05 2.9068898038181055e-07 4.275581829614416e-06 2.733446214165101e-06 9.191484805332854e-08 0.0 0.0 0.0 0.0 0.0 3.0026470589306727e-07 0.0 0.0 2.806780711809759e-07 0.0 0.0 0.0 0.0 0.0 0.0 1.1467014321083178e-07 0.0 7.750639394505232e-07 2.5412679230076776e-07 1.7741526984881532e-07 1.0905914531192802e-06 1.2733267801504863e-06 4.9091646362184045e-06 0.0 0.0 0.0 0.0 0.0 0.0 8.405473775255245e-08 0.0 0.0 2.5118551107032323e-05 1.0411816560389915e-07 0.0 0.0 0.0 6.179559546131294e-06 6.851288049663088e-07 4.5393954515192064e-06 2.770193404180884e-07 8.837714027750837e-07 7.797049422669482e-08 3.0600915970755504e-07 2.3994400031585104e-07 0.0 0.0 0.0 0.0 0.0 0.0 0.0 0.0 1.6934771772650325e-05 5.165801646975925e-06 8.063389825713023e-06
4.871181092418091e-05 2.1770795080131002e-05 3.3296430290071367e-06 6.0736154950766874e-05 1.822029158235776e-06 0.0 6.047504575594216e-06 0.0 1.6133633669770928e-07 0.0001871063111151713 2.9044356052801074e-07 7.74137190019395e-05 1.9957551161437093e-05 4.806930415907513e-06 7.073310125963181e-07 1.356475493450503e-06 0.0 0.0 0.0 0.0 0.0 1.2485858606362274e-06 0.0 0.0 1.1168769596974765e-07 0.0 0.0 1.8515701883646643e-07 1.579644116992764e-07 0.0 1.4425288364188624e-06 3.721082138533689e-07 6.531311703957113e-06 0.0 0.0 0.0 2.488512562418007e-05 9.279202349536518e-07 9.246639711248948e-06 0.0 0.0 1.0742852899525078e-07 9.60899123695447e-08 0.0 0.0 0.0 6.841492569696964e-07 0.0 0.0 0.0 2.107457386857724e-07 4.39096668270502e-05 1.9055181499138627e-06 2.6949858314780107e-06 0.0 5.012067768461938e-07 5.812972583938017e-05 2.0720566035659737e-07 7.648028952820883e-08 0.0 0.0 3.8538608452483245e-06 0.0 0.0 2.4966615428401175e-07 2.129051204445788e-07 3.1843916662127233e-07 1.7412877314705237e-07 0.0 0.0 0.00013382263809819738 0.0002748494783909141 4.07303629245854e-06 5.004086801528716e-07 9.806600772564362e-08 5.348583049038678e-07 5.513805731210002e-07 4.4423002269810605e-07 0.0 4.057253470533522e-06 8.800141796791651e-08 2.2854994705228044e-06 7.020929734408578e-08 9.148783653452674e-08 8.910859115063288e-08 1.1192680838410543e-06 7.782668585507792e-08 9.389028682853108e-06 5.393745890613397e-06 1.9435666707895783e-05 5.26248053268395e-06 1.8415591133290666e-05 0.0 2.577253702722739e-07 1.4945999622556842e-05 9.623206969233861e-05 0.0001300989110667437 5.807057818341575e-05 4.5671742985805025e-05 0.00020662120275590515 0.0 0.0 0.0 5.735243174987519e-07 0.0 0.0 2.583299705480003e-07 0.0 0.0 0.0 1.1399141791510128e-06 3.954421943557338e-07 6.29818222316073e-07 5.08073115830228e-07 3.7973597353528876e-07 3.0028071752537684e-07 1.413639880015782e-07 0.0 0.0 1.0088442931002905e-07 0.0 0.0 0.0 0.0 1.9369656299968847e-07 2.1194182841362624e-07 0.0 3.8752029371027214e-07 0.0 8.903860784084337e-08 0.0 7.139066936666958e-07 1.925536339705353e-06 3.2875756154543404e-07 0.0 2.1902459995868138e-07 0.0 7.38494910035675e-07 0.0 7.926674607209255e-07 6.600033307517779e-07 1.4844704962750448e-06 3.031777026790085e-06 1.5505503624549966e-06 0.0 8.071988384178183e-08 0.0 0.0 1.8160819649250415e-07 1.1865408738124716e-06 0.0 0.0 9.052278218430369e-08 0.0 1.0862582479410969e-07 0.0 2.9676209062463117e-06 0.0 9.292816603808472e-08 0.0 1.0857100054919515e-07 0.0 0.0 4.4278046051306043e-07 2.0093141905877522e-07 1.1364518248201039e-06 1.1429606573255895e-06 4.0340614113175387e-07 0.0 0.0 6.411223931379858e-08 0.0 1.6986431921474414e-07 9.945166894174466e-08 0.0 0.0 8.345306739759545e-07 2.237875438317407e-06 0.0 0.0 2.5479552228304314e-07 3.592246306672453e-07 8.888017585828921e-07 1.5421596380963608e-07 0.0 1.4630417856487185e-06 0.0 0.0 2.385088797913756e-07 2.281552956662062e-07 1.0461198929751992e-07 0.0 0.0 0.0 3.200046987717602e-07 2.3893881291321563e-07 0.0 1.3522057837518746e-06 3.5258608418544103e-06 4.708642366350959e-06
0.00015580091685364736 0.0028616556492403133 5.9689086025470924e-05 0.00046990695358260006 0.0008046083350997562 6.047504575594216e-06 0.0 3.5624069881513685e-05 0.0010115346533271512 0.0011685155385290804 0.00013930044963838674 0.00030327473963784053 0.0027758914995683315 0.0014625298967373694 7.882520566051604e-06 1.840614462893016e-06 1.6779061528453978e-07 1.4627307648896866e-07 8.466423509244628e-08 0.0 0.0 0.0 0.0 0.0 0.0 0.0 0.0 0.0 1.3612865210871607e-07 0.0 7.713009941715142e-05 7.9118914725872e-06 3.3007452038233035e-06 8.632796845537835e-08 0.0 0.0 1.185177178164552e-05 6.660786639082269e-07 9.289178012351946e-07 1.4618913498672747e-07 2.333207886109906e-07 0.0 9.126099121392252e-08 3.805146483265627e-07 0.0 0.0 6.620178827735779e-05 3.719469330479232e-07 0.0 5.935363989564875e-07 8.33296083550411e-08 1.0206523520704181e-07 0.0 0.0 4.499083890200943e-06 4.122573454795837e-06 6.543998370058738e-06 5.927977057829346e-05 8.518530159071131e-06 2.373044102613838e-05 2.193215481564593e-07 3.7273513164127224e-07 0.0 2.7725213182470547e-05 1.4996113089288484e-06 1.5965872831963617e-07 1.582760666853022e-07 1.3587221645983058e-07 1.5175435209382243e-07 7.146062720340769e-08 3.208682384893816e-05 1.6405362195029917e-06 0.0 8.658184085507295e-05 2.1620076800214998e-05 3.06381118191852e-05 1.4253253137958954e-05 2.5726559729022048e-06 7.12391634548057e-07 5.189035965464327e-06 4.6034816875262476e-07 1.8443241657516161e-06 3.643094618951211e-06 8.358989095454642e-08 4.637474694834415e-07 1.0267583152715327e-06 1.253939651416689e-07 9.455929389522283e-08 1.4950808643540878e-07 0.0 2.5364944291324725e-07 1.6402871866347583e-07 1.2977826198294879e-07 0.0 1.5094625332888862e-07 7.141451343202985e-05 1.1885662985123972e-06 0.0 6.279035378081796e-07 3.554655728877955e-05 1.8578802270975786e-07 4.0884551096776106e-07 7.066486795887075e-05 8.935438343084134e-06 2.184621716191959e-06 7.767630691259661e-05 3.8857066718694486e-07 3.094896722692191e-05 8.22455989928437e-05 8.146620952132195e-06 3.1478890122918134e-06 4.429191887784405e-05 3.830440908273366e-05 2.2341474614036466e-05 5.081797881319086e-06 0.0 2.677204393940023e-07 0.0 2.5845022414494354e-07 0.0 0.0 0.0 0.0 0.0 0.0 0.0 0.0 0.0 0.0 8.084198293530623e-08 0.0 0.0 0.0 0.0 2.7696412835896273e-06 7.489860018511759e-07 0.0 0.0 0.0 1.3794893483974634e-05 1.3635840863519478e-07 4.979149703128591e-06 2.187647275272895e-06 5.96103713438454e-07 0.0 0.0 0.0 0.0 0.0 1.1508262989175268e-07 0.0 3.0969867647256496e-07 0.0 0.0 0.0 0.0 9.687143390427732e-07 8.73874654433184e-08 0.0 0.0 0.0 4.4327093631992565e-07 0.0 0.0 0.0 6.298025849816616e-07 1.0412045438356048e-05 2.476120729211177e-06 0.0 1.3727121723713495e-07 0.0 0.0 0.0 0.0 0.0 1.371853678553296e-07 2.8436533981923498e-05 0.0 0.0 0.0 1.2650714788508332e-07 3.7359663075953297e-06 1.3957270015325618e-06 2.9467217023798954e-06 8.271893301648454e-07 1.2633248800921172e-06 4.477105668671482e-07 0.0 0.0 0.0 0.0 0.0 0.0 0.0 0.0 0.0 0.0 2.4109045585503467e-05 5.181605096873996e-06 6.2288539087000785e-06
3.9930043094095755e-05 0.0002173838843205207 0.001306490335981163 1.2248827444275616e-05 0.00021049254126995413 0.0 3.5624069881513685e-05 0.0 0.00012845082286728747 3.2374976082499685e-06 0.003668252881744796 7.284216365147256e-05 0.000157455167540486 0.0017658552782362053 2.6164363940567918e-05 2.0948188424693454e-05 1.0924038555279233e-06 3.789486888526411e-06 8.187935475860031e-08 3.0532965930326047e-06 4.298898561221974e-06 8.240713870846322e-07 7.666060790454146e-06 1.77406764189009e-05 1.2165560811541935e-05 3.739052726474789e-06 1.0026306147619627e-05 9.037357248607327e-07 1.575233354170936e-06 5.191331778807008e-06 0.0011184948089311884 0.0003331192961149031 3.186272186679963e-05 7.504167659640037e-07 1.1112611198393738e-05 5.842414342986302e-06 2.335618641658384e-05 3.049488319862244e-06 3.5475654880103993e-06 4.721872830114189e-06 5.591189144382037e-06 2.7733745724143923e-06 2.05460144722424e-05 6.2545132200932584e-06 1.961911441220305e-07 2.222731179003791e-06 0.00015222800532079024 2.705575571584001e-06 1.5371238445718666e-06 2.8814905150953344e-05 3.394319881104543e-06 2.962138253017248e-07 8.81486106163625e-08 7.057770784820904e-07 3.775205385868022e-06 3.11337797149403e-06 9.275291711089595e-06 0.00010023647056332754 9.124625973241037e-06 2.858346488696846e-05 2.0478665632216093e-05 1.4363322494583089e-05 1.114055876439149e-06 5.626229656589374e-05 5.627394647360474e-06 1.2179991508302812e-05 3.2642508520377178e-06 1.9331676427407083e-05 5.8217291621381884e-05 2.3917208201752525e-05 3.5310443936330634e-05 1.2780584826256472e-06 0.0 0.00010551903892080776 5.072817702753145e-05 6.782796479713316e-05 6.755169665180233e-05 3.935195685460873e-05 0.00022207368180142346 0.002344505848816483 1.9850669081380227e-05 0.0005998562569996675 4.954309620664232e-06 0.0 5.799074649289052e-06 2.716886037888617e-06 8.723555622546922e-06 0.0 5.892795349537806e-07 1.3338629617496502e-07 9.086449537098348e-07 8.808152811528364e-08 1.770909269438295e-05 1.200350880686581e-06 1.2126449186902149e-06 9.19295566090944e-06 1.655604652300741e-06 9.568264506487016e-08 4.739199121408031e-06 2.8867703446111223e-05 4.1736931382493326e-07 5.498847019682229e-07 1.5960093984331157e-06 0.0 0.0 2.9226814321408925e-06 0.0 7.334550720144475e-07 4.3906648961870494e-07 7.616653015622227e-07 1.543045642809928e-06 2.8714656269077203e-06 2.1680814400870602e-06 3.549895695171054e-06 1.2570617949510923e-06 0.0 2.2116233482237839e-07 0.0 0.0 0.0 1.365160712276251e-07 0.0 3.474052803771897e-07 0.0 0.0 8.565395879330632e-07 0.0 0.0 0.0 1.5759356565952422e-07 0.0 1.6284452848963392e-07 2.552751382522802e-07 2.7423486557363216e-07 0.0 8.615435557390515e-07 0.0 0.0 0.0 4.704246102374102e-06 2.275918785564397e-07 1.7231966871877853e-06 3.3624554799502235e-06 2.609105258181138e-07 0.0 7.884491026144905e-07 0.0 7.918960847386652e-08 0.0 0.0 0.0 1.1029060827058936e-07 6.899252661764307e-07 0.0 0.0 0.0 6.006184894873114e-07 1.1908078646527567e-07 1.4936161119126759e-07 1.102556841972596e-07 0.0 9.987479192127122e-08 0.0 0.0 7.662164624859289e-07 9.223259941637049e-07 6.88777350147643e-06 6.599106296390037e-07 0.0 0.0 0.0 7.002462292000601e-08 0.0 1.216971911563005e-07 0.0 6.822121717723154e-07 5.621087660195146e-06 2.0538183146489708e-07 0.0 0.0 7.728207097639497e-07 4.950314926346268e-06 1.5018835415039461e-06 2.456080580609662e-06 1.7642167632357495e-06 4.973152275920776e-07 0.0 5.433371504246072e-07 9.59035847964148e-08 1.9907713687419517e-07 0.0 0.0 0.0 6.857053277010924e-08 0.0 0.0 0.0 3.6817792060792897e-06 3.8853762292083686e-06 6.231380892583519e-06
1.529520966862584e-05 0.002432944394826792 0.0007710913732603956 1.2329545066734262e-05 0.004043923552387692 1.6133633669770928e-07 0.0010115346533271512 0.00012845082286728747 0.0 9.887363682469397e-05 0.0008831288308665484 8.211921301350604e-05 0.0007501746908258246 0.0013048264896270525 4.321328315981147e-06 1.3543287962315781e-06 2.61447934422541e-07 2.449036710053104e-07 0.0 0.0 0.0 2.2693427873805222e-07 0.0 0.0 1.6573525714992647e-07 0.0 7.996252843495643e-08 0.0 0.0 7.680606386272587e-08 6.491090753401833e-05 6.651580865454675e-06 1.1246479559070027e-06 0.0 0.0 0.0 7.927236210013928e-06 6.731867265543166e-08 0.0 0.0 0.0 0.0 0.0 1.63830106841272e-07 0.0 0.0 3.0474815190820422e-05 1.731140203536865e-07 0.0 1.3891428103835835e-07 9.21830117030226e-08 0.0 1.375802833293653e-07 0.0 1.3631841854378523e-06 1.6426481901946995e-06 2.8757894382483764e-06 2.1406326977790196e-05 3.2086584594602515e-06 8.652875042560415e-06 2.234644956335818e-07 6.009474297582169e-07 0.0 9.769795420814073e-06 4.797518445726696e-07 1.514986026577502e-07 0.0 0.0 1.515233219147736e-07 8.944298473397112e-08 1.8175148952869544e-05 8.512109374947604e-07 0.0 2.9882305693743244e-05 1.0011602036641322e-05 1.498193820954525e-05 8.976476874097907e-06 2.6664673988026043e-06 1.0034985965118758e-06 7.276208584448349e-06 5.016946065748624e-07 1.3672635126694536e-06 8.019243208130351e-07 0.0 6.704118274977546e-08 2.8252751348578955e-07 1.4344489196773993e-07 0.0 0.0 0.0 0.0 0.0 9.309401119845504e-08 0.0 0.0 2.893320060844249e-05 9.710244016984932e-07 0.0 2.0182697876590905e-07 5.974078104638252e-06 0.0 0.0 6.315181492460395e-06 0.0 3.0715628919089855e-06 7.206304927331012e-06 2.859824962275375e-07 9.756719526487033e-06 9.230815820526773e-07 3.0524765687207494e-06 3.0277610962649824e-06 9.899642891518105e-06 1.4034926452821441e-05 1.0979635538204528e-05 4.530213861694697e-06 0.0 1.0360949476031848e-07 0.0 0.0 0.0 0.0 0.0 0.0 0.0 0.0 0.0 0.0 2.752311426068589e-07 0.0 0.0 0.0 5.962652853644871e-07 0.0 0.0 2.215351147346043e-07 5.383184602346248e-07 3.325324910113682e-07 0.0 0.0 7.864641727882786e-06 1.506984161344967e-07 2.2419054414037643e-06 6.09573166409651e-07 0.0 0.0 7.972139221265769e-08 0.0 0.0 0.0 0.0 0.0 0.0 4.6594592378394884e-07 0.0 0.0 0.0 0.0 1.6973818082306885e-07 2.911791026851052e-07 0.0 0.0 2.3047369164874165e-07 5.735013605609989e-07 0.0 0.0 5.830638400855268e-07 4.710847739963999e-06 1.5016274385643034e-07 0.0 0.0 0.0 0.0 0.0 0.0 0.0 8.840916354212757e-08 1.5717741366643567e-05 1.66697852570902e-07 0.0 0.0 0.0 1.3870381956852899e-06 1.886284862814785e-07 2.5524905176821215e-06 0.0 9.699283014952639e-07 0.0 0.0 0.0 0.0 0.0 0.0 0.0 0.0 0.0 0.0 0.0 1.2430072187111855e-05 3.5294391037677783e-06 4.721250289532262e-06
0.0008606948022180173 0.001789630243182605 1.6138046023358817e-05 0.0015374979805445831 0.0002707017513739656 0.0001871063111151713 0.0011685155385290804 3.2374976082499685e-06 9.887363682469397e-05 0.0 2.1327377377446347e-05 0.001453481008181499 0.00332347327759432 0.00016219583772541387 1.2379659583579453e-06 8.22006531140854e-07 7.242647693666433e-08 0.0 0.0 0.0 0.0 8.511746721872957e-07 0.0 0.0 6.354149948154144e-07 0.0 8.854876626097227e-08 0.0 0.0 9.534621363741979e-08 1.540536970931296e-05 6.304548718493281e-07 3.2035529165621533e-06 0.0 9.40616128538183e-08 0.0 3.363219486422756e-05 8.114318721210097e-07 2.276147939055373e-07 2.696688315070565e-07 0.0 1.2695717872462107e-07 0.0 6.732422474092084e-08 0.0 3.06645757254991e-07 1.076528969836275e-05 1.5259351758430232e-07 0.0 1.8975904268566517e-07 0.0 1.2325455373530312e-06 2.4315904250914153e-07 4.743227523331157e-07 1.2995769519673815e-06 1.9209797878521973e-06 3.743804835463412e-05 3.2994231571342833e-05 7.246431231984023e-06 4.654638275712784e-06 9.411160241754847e-08 1.0724454702228257e-06 0.0 3.824519544636753e-06 2.385701502778694e-07 2.224947417653042e-07 2.610738652619992e-07 1.7383577067295077e-07 2.9316597470152166e-07 7.801295624380676e-08 5.192802391609817e-05 5.890122800162059e-06 0.0 4.612536983521482e-05 2.1434579305454345e-06 3.0931069590680875e-06 1.1748553558153312e-06 1.6552732531005885e-06 7.773759255815527e-08 2.6296427759091414e-07 7.467773843230176e-08 2.2589615312037998e-07 1.0399288393852406e-06 0.0 3.9185749659795056e-07 6.794885723221271e-07 3.197359216893997e-07 0.0 3.3060875057377243e-07 6.096800440553175e-07 1.0858379945787896e-07 9.085386011209421e-07 0.0 9.609637940545159e-08 7.092094213995828e-07 0.00017438849664946945 1.0020496571169443e-05 7.704795595883561e-07 4.463220069217693e-06 0.0005947531029279399 7.007570314622278e-07 6.231266191072065e-06 0.00011220842955082662 9.673762961092461e-05 4.222202473359738e-06 9.642004949956828e-05 6.601242362508939e-06 3.077437258285622e-05 5.96965660466533e-05 5.225894511184242e-05 2.0402368738260814e-06 3.6502448509342496e-05 9.678127830833114e-05 2.6568664903208162e-05 8.889716789116283e-06 0.0 2.3076522292416025e-07 0.0 7.578009252957953e-08 0.0 0.0 1.964576754170021e-07 1.0822476459624604e-07 0.0 0.0 4.3011298237729706e-07 0.0 8.024466587284799e-08 9.196857019887636e-08 3.8859135754298127e-07 0.0 3.1394259080771234e-07 3.018616062868526e-07 8.738195494648454e-08 1.50033502951066e-06 5.242477808673667e-07 0.0 0.0 0.0 1.2290693469963463e-05 1.2649266463585778e-07 3.602040362227131e-06 1.909628808998688e-06 3.7575248216135847e-07 5.132516676127922e-07 1.474355677818819e-07 0.0 0.0 7.83543627141533e-08 0.0 0.0 2.377962581819606e-07 5.700520546707062e-07 0.0 0.0 0.0 2.861591024524794e-07 0.0 4.3484020367484384e-07 5.501335112974337e-07 0.0 6.105730928473846e-07 2.049770178908882e-07 5.567072273038462e-07 5.29423707366062e-07 2.7611771916443736e-07 8.294017395386556e-06 2.1126755882245824e-06 0.0 2.0981843643744289e-07 0.0 0.0 0.0 1.2449300930650335e-07 0.0 2.458780568100776e-07 2.8337574904611462e-05 1.5583628901354706e-07 0.0 1.731578080091877e-07 0.0 6.017793286708909e-06 1.1677047011875817e-06 1.7591105393234199e-06 3.714265446006978e-07 1.598168203149329e-06 1.8444861847556943e-07 2.6042712008265797e-07 8.049094349266436e-08 0.0 0.0 0.0 0.0 1.3651637274537634e-07 0.0 0.0 2.444501831087968e-07 2.2871712642870014e-05 3.032329802402664e-06 6.295229688560006e-06
5.5691677538283236e-05 0.000660641768176128 0.002801623844632817 9.950545960460217e-06 0.0004648272185037849 2.9044356052801074e-07 0.00013930044963838674 0.003668252881744796 0.0008831288308665484 2.1327377377446347e-05 0.0 0.00017557007017428696 0.0008157087019118024 0.002407414311940359 2.8886595519087484e-05 2.5243650312579207e-05 7.375247974652453e-07 2.447464788845439e-06 2.3828766973357118e-07 9.963122016334354e-07 5.505279121118594e-06 2.2415610145573224e-06 6.679502937606697e-06 1.8413702956351973e-05 4.9759530238862125e-05 4.991709362675361e-06 4.0561114341008856e-05 3.2068333153273255e-06 5.835209617908016e-06 2.1976258778863956e-05 0.0005388324626710411 7.16114803501344e-05 0.00036544099337652386 8.752243206680797e-07 1.6955199522321112e-05 1.429254754473901e-05 0.00016745820368655088 2.6104381589893455e-05 1.8442787675754364e-05 3.3202670496486584e-05 1.669207424984676e-05 9.255948988642543e-06 9.675188159603486e-06 6.3169229862116665e-06 6.013094486058712e-07 4.279654143959009e-06 0.0001241164043088931 1.4445329469329206e-06 1.3434372524522978e-06 1.3479650904580839e-05 3.5551155756798718e-06 1.1793843395885724e-06 2.2852818058978684e-06 6.057208903624977e-06 2.609786885845153e-06 4.87690036534148e-06 6.529165724142493e-06 6.843199925920351e-05 8.334256826380695e-06 2.896124181129776e-05 2.8280218472032943e-06 2.886948515609222e-05 1.5378637275448626e-06 4.044293993769827e-05 3.6732002826580334e-06 4.4190943603314995e-06 1.5890342895195964e-06 7.748733287657503e-06 4.1795419665922926e-05 2.435845280362069e-05 0.00013620348963596082 6.778253333443355e-06 3.249545909286305e-07 8.544570548872857e-05 3.6973141824921835e-05 5.625454318767834e-05 5.4046733280015346e-05 3.615005710269247e-05 1.5326931207550454e-05 0.00032048995228077607 3.999730381815854e-06 8.262055973097888e-05 4.687806533198132e-06 0.0 2.0407985286165775e-06 2.0884203826161506e-06 6.324491045378832e-06 1.6345231549607647e-07 1.2464254183667097e-06 0.0 1.3766000098379763e-06 9.479942679121126e-08 2.8019363758190308e-05 8.241655879882902e-06 5.468466543339437e-06 3.672695951590639e-05 2.4740894509080106e-06 4.920221666455903e-07 7.542710413857632e-06 3.480749497432178e-05 1.5930492323141347e-07 1.1418792275205349e-07 6.367289447130962e-06 0.0 2.6215055396034437e-06 1.7907840662248638e-05 2.280245409337871e-07 8.03069750360091e-06 2.1002886047748236e-06 4.751844193655725e-06 2.0403433615781036e-06 1.0236178966422521e-05 2.3840289297470672e-05 1.1702484796097698e-05 5.661735049905359e-06 9.085229845808585e-07 2.3433816148964343e-07 0.0 6.827610588456192e-07 0.0 0.0 7.423370675629822e-08 0.0 0.0 0.0 1.022931826270129e-06 0.0 7.496358193924312e-07 3.0616953595974683e-07 1.4348389692787598e-07 1.0073664402324429e-06 1.4713781484362297e-06 1.344406091370158e-06 2.8850486377023494e-07 1.7069197400513962e-06 3.598037859639124e-06 7.336089084505854e-07 0.0 0.0 1.5985380510613524e-05 1.0653815539343893e-06 7.018404055369207e-06 4.902308865951411e-06 2.850762783877538e-06 4.976515342535619e-07 4.322255197144341e-07 0.0 3.0098450674411196e-07 2.835589381313686e-07 5.906765186813005e-07 9.335383632275153e-08 5.630330801229572e-07 2.901379618899201e-07 0.0 0.0 3.7644850989728895e-07 1.044877359116484e-06 4.2693957042801153e-07 0.0 2.975603619903057e-07 0.0 1.560388657941803e-06 5.439409241258084e-07 0.0 1.4026916041120232e-06 1.958599679410418e-06 1.618916997484807e-05 1.535862949321814e-06 0.0 0.0 1.4135510882366104e-07 7.501190847661755e-08 0.0 9.884375716933606e-08 3.6705668941998806e-07 3.627328416892587e-07 2.9376386246430294e-05 1.7255509273926504e-06 0.0 0.0 1.124484044619106e-06 5.413154193171349e-06 3.956996135763182e-06 8.675676651884232e-06 3.9605562702214004e-07 4.143433554929061e-06 3.8237152460352016e-07 2.6905606945771774e-07 3.9470414128357254e-07 0.0 0.0 0.0 0.0 0.0 2.5704290563656933e-07 8.119676015834774e-08 0.0 1.2067976946296345e-05 7.317729075991811e-06 1.5651906343274825e-05
9.327343905770501e-05 0.00014551422420246564 7.230307101841858e-05 0.0009437416623901674 4.3920519532223956e-05 7.74137190019395e-05 0.00030327473963784053 7.284216365147256e-05 8.211921301350604e-05 0.001453481008181499 0.00017557007017428696 0.0 0.00037779562646169 0.0002238552455515077 1.0087553432842286e-05 9.827973125364111e-06 4.2751370701369435e-07 5.457963551969925e-07 5.351569842294246e-07 8.074900109910847e-08 3.123805313099462e-07 3.0351799405353352e-06 2.6061901013844094e-07 1.3588006215966227e-06 6.540458707616116e-06 1.7260109707009643e-07 4.492260465510647e-06 2.0537221928692941e-07 2.1674658708034858e-06 3.175529414878316e-06 1.8860520775944807e-05 3.328778858337628e-06 1.4776404813424514e-05 0.0 1.2929565474967575e-06 1.280321212192997e-06 0.00010574074723669614 2.3201083590294615e-06 4.554329152669369e-06 6.7588357254237675e-06 2.613118376273422e-06 1.8189145058579174e-06 9.955912986830241e-07 1.6833568607885695e-06 5.075989999606608e-07 1.763893910504271e-06 2.1488907168973003e-05 0.0 2.764933063108993e-07 1.0305652160162668e-06 1.9027458605454242e-07 1.119458367535025e-06 1.1643429758068734e-06 2.016348953228788e-06 2.8508240855555235e-07 4.88041674853427e-07 3.7023731284211116e-06 6.347664322118344e-06 9.243681219073351e-07 3.5215156279519953e-06 7.493959620212848e-08 3.2295640887739185e-06 0.0 4.445771476085632e-06 0.0 2.3740982159503428e-07 9.594648349440789e-08 5.765563228212669e-07 3.5009402697462048e-06 2.4998168741214897e-06 8.398334311614797e-05 1.1106276960261989e-05 0.0 1.3175849390266625e-05 4.577616574672071e-06 1.2231393308399872e-05 1.4497887044151338e-05 9.981005720375848e-06 2.99662273426001e-07 2.090507698513251e-05 8.140690399482176e-07 1.4220582036458235e-06 1.0051527800798236e-07 0.0 4.842407628750633e-07 1.3461250648645584e-07 7.109476296470823e-07 0.0 3.972417458698738e-07 1.7725026685871582e-07 4.1133040193340663e-07 9.915215784308084e-08 1.0363709975016494e-06 1.1439534357131847e-06 1.5840418365725578e-06 0.0005392915488372457 4.311309884432276e-06 1.0227736022308516e-06 3.8812273657450225e-06 4.756205570989042e-05 5.987421601168141e-07 4.63369485790715e-07 3.065138627854721e-05 1.879317536178398e-06 7.767623390371215e-06 7.0265084127237e-05 0.0 3.72375113883756e-05 9.007276361341926e-06 1.6359186581321543e-05 1.1344375697932893e-05 6.876557690951389e-05 6.871115109431473e-05 4.8365565598188654e-05 1.7779946777040993e-05 3.878540218751248e-07 2.9334379219605064e-07 1.870967345162983e-07 1.0972150911078581e-07 0.0 0.0 0.0 0.0 0.0 0.0 3.18828457229672e-07 0.0 6.372539359847524e-07 0.0 5.713928157347754e-07 0.0 1.0010626657907406e-06 5.384677323158382e-07 8.41033444934923e-08 2.2258840565544973e-06 3.595593933498998e-06 0.0 0.0 0.0 4.3881840949457994e-05 5.655353239550475e-07 1.882571255301306e-05 6.025021218256879e-06 1.8972733653454307e-06 1.7419755558441862e-07 0.0 1.3254636129436122e-07 3.5827006705533414e-07 5.610142836149782e-07 5.460916658414659e-07 1.5153841339808357e-07 6.442211222594273e-07 2.6461003945615328e-06 6.296942985202951e-08 0.0 3.315564052703137e-07 3.454521107673522e-07 9.685440646906087e-07 2.661032437364064e-07 5.449751767999513e-07 1.8996460501189432e-07 1.8628377455741236e-06 7.261490889575497e-07 0.0 1.805236418198578e-06 2.9788373561969277e-06 3.336028284462258e-05 2.7506815562682754e-06 9.07142412776456e-07 2.3219811325699261e-07 0.0 0.0 7.87474638830994e-08 0.0 0.0 1.807138064663019e-07 7.933070975672942e-05 3.108955771791981e-07 0.0 0.0 3.8361647580282774e-07 2.2108953019019575e-05 2.5464996822761798e-06 6.685198587134132e-06 2.7875000292393283e-06 3.5802545298173177e-06 7.12097789903684e-07 1.2728360808045986e-06 7.389225869729626e-08 0.0 0.0 0.0 0.0 0.0 1.2011011608234148e-07 0.0 0.0 4.959820799551999e-05 1.911300079265686e-05 3.544087925228088e-05
