0.0 0.0021697317913811592 0.0003102301983633579 0.001724251512194302 0.00019002044927065478 5.470555848535248e-05 0.0003193742674757038 5.4196575205770344e-06 1.1413818197238988e-05 0.0011205816572621486 4.868540354581948e-05 1.6043530713531512e-07 6.304747291214229e-06 2.975335415963558e-07 6.530025783642696e-08 1.9500853154536438e-07 0.0 0.0 0.0 0.0 0.0 0.0 0.0 0.0 0.0 5.495520851916884e-08 0.0 0.0 0.0 0.0 0.0007563827225672884 0.0 1.5203388941972565e-07 0.0 0.0 0.0 0.0 0.0 1.2271022382070788e-07 0.0 0.0 0.0 0.0 0.0 6.011917775361333e-08 0.0 2.8320777354412412e-06 2.1393050623716872e-07 1.5554187834596874e-07 0.0 0.0 0.0 0.0 0.0 1.066178035177304e-05 9.85261202929109e-06 0.00029671841302741545 0.0008411972587325329 3.4334255675363124e-05 1.4610859237703302e-05 0.0 7.140362766360519e-08 0.0 8.63996785284854e-08 2.229926200084668e-06 2.48164662888633e-07 2.6111485874589296e-07 1.8611833277322344e-07 0.0 0.0 1.0757798579674756e-06 0.0 0.0 0.00023471142423287859 6.842711206728953e-06 1.542613366403802e-05 9.361741775255262e-08 0.0 0.0 1.8751553468826456e-07 0.0 1.9766631359905115e-07 3.5007150047807158e-06 7.155902322962202e-07 9.035871321622517e-07 4.5624435966072175e-06 2.7573993899783345e-07 1.6956797731760673e-07 8.558355952233568e-07 6.486117951005068e-08 4.3871136183960304e-07 8.395349857177109e-08 0.0 6.679657370020448e-08 7.95686603781955e-08 2.2627299313307886e-06 6.965892182054573e-08 0.0 0.0 0.0007362339065357551 1.4050921627248443e-07 1.983768404733713e-06 2.420840026995485e-06 9.055469840001404e-05 9.10355700574521e-08 2.7508180232575824e-05 3.5178103146975197e-06 4.476570149543989e-06 0.00012275831425314853 1.0264941510566815e-05 0.0 2.347785953327501e-06 4.955577378202498e-06 1.3765027972139473e-06 1.7191819695122633e-07 0.0 0.0 0.0 0.0 0.0 0.0 0.0 0.0 0.0 0.0 0.0 0.0 0.0 0.0 0.0 0.0 0.0 0.0 0.0 0.0 0.0 0.0 0.0 0.0 5.680951831222358e-07 0.0 0.0 9.77145958189757e-08 7.873671273309356e-08 0.0 0.0 0.0 0.0 0.0 0.0 0.0 0.0 1.3748386899152966e-07 0.0 0.0 0.0 0.0 0.0 5.724908690813237e-08 0.0 0.0 7.506464693663395e-08 0.0 1.807236144289824e-07 0.0 0.0 0.0 0.0 0.0 0.0 0.0 7.784688678209851e-08 0.0 0.0 0.0 0.0 1.2907506278157981e-06 0.0 0.0 0.0 0.0 3.058199579802497e-07 0.0 4.5901754409541543e-07 0.0 0.0 0.0 0.0 0.0 0.0 7.798946246236635e-08 0.0 0.0 6.11415619857793e-08 0.0 0.0 0.0 0.0 0.0 0.0
0.0021697317913811592 0.0 0.0012912314221343217 0.0008182131186038882 0.00171632325719544 6.358741452636594e-05 0.0018828716492241522 0.00011901336757625433 0.00048467862547222295 0.0011480413737109925 0.0005275423866812416 3.5000914596717815e-05 0.0004421964343885992 0.0001443755157626196 3.978249119249811e-06 6.117926150440874e-07 6.452089535300402e-07 1.2888046464538475e-07 0.0 6.005855217160104e-08 0.0 5.2635562270270904e-08 2.0440756383962103e-07 0.0 0.0 0.0 0.0 0.0 0.0 0.0 0.0016001223330668894 1.6930552667314262e-05 3.571776137215851e-06 0.0 1.6212247918620703e-07 7.279395697150577e-08 4.6786392425514e-06 4.320075399235248e-07 8.558106356456244e-07 2.557438720971315e-07 6.732276541387698e-08 0.0 1.3789115930145963e-07 1.4664895438192183e-07 5.760302175902775e-08 0.0 7.206502419963788e-05 3.1219034802894566e-06 2.5071324292500446e-07 5.28431008720189e-08 4.6572448871923684e-07 5.879666906437793e-08 1.738588250999029e-07 7.36641279727737e-08 4.174439607159754e-05 4.666217990100774e-05 0.00034025807205303646 0.000805173830790505 9.05373076607439e-05 0.00011182033355511822 1.4680285263828529e-06 9.737758100884766e-07 5.4340123430618056e-08 9.671876789732295e-05 1.3540884422760885e-05 1.8384966218854812e-06 1.4301870636816477e-06 6.185971939743626e-07 4.2767006353352766e-07 1.6427519086770336e-07 4.004311330827961e-06 1.1457280962311624e-07 0.0 0.000935642712477179 0.0001492026658044795 0.00026982450871781955 1.0132834272948934e-05 1.5974999380717864e-06 1.1427820621934094e-06 1.2467979611336327e-05 7.144328031004799e-07 5.965801914505045e-06 1.917339433362255e-05 2.5293041356623623e-06 4.6627104605261655e-06 2.4889697663428356e-05 3.7624179793740284e-06 4.959287579018271e-07 5.144294607683394e-06 1.18419760303721e-07 9.792885818026745e-07 4.792266574006316e-07 7.834073219041564e-07 8.303442870568766e-07 7.533028556977536e-07 5.220102706406089e-06 8.945892684340323e-07 0.0 1.5278309193489762e-07 0.00011189356816722888 0.0 2.8785014060607842e-06 3.5858900430190792e-06 4.0313590910540665e-05 0.0 2.3056571131572578e-05 9.084604015984422e-06 1.0306803558866304e-05 1.6076602118691864e-05 9.197401272535513e-06 9.77000281885959e-07 4.693027774379163e-06 8.565179726761936e-06 3.5031934939413075e-06 1.1399796197097312e-06 0.0 6.860028856087174e-08 0.0 0.0 0.0 0.0 0.0 0.0 0.0 0.0 0.0 0.0 0.0 0.0 0.0 4.6517186661923463e-07 0.0 0.0 0.0 0.0 0.0 0.0 0.0 0.0 1.4153499573158417e-06 1.4859034222753172e-07 3.643060064027197e-06 4.6040081528878483e-07 1.7625903455846887e-07 0.0 0.0 0.0 0.0 0.0 0.0 0.0 0.0 0.0 0.0 0.0 0.0 7.49788188505446e-08 1.1009374250875891e-07 2.855252683489743e-07 1.4698099494387395e-07 1.1312024258564147e-07 1.3177895578901074e-07 2.1845766835098194e-07 1.1017354955496783e-06 0.0 0.0 3.910564601173574e-06 0.0 0.0 7.394342701681762e-08 1.3346630009676543e-07 1.3820986541549574e-07 6.061174846114583e-08 1.6127118577036246e-07 0.0 0.0 3.860564166971114e-06 0.0 0.0 7.75029030776605e-08 1.4041871958372952e-07 4.681319020481411e-06 0.0 2.208558186775114e-06 0.0 1.28250918814046e-07 1.440719917147759e-07 0.0 0.0 2.3754210776544095e-07 2.75668244808177e-07 1.9795491893052768e-07 0.0 5.822695599179838e-07 0.0 0.0 1.455841596267716e-07 1.8437947482981306e-06 1.209048544107895e-06 5.440788486359195e-07
0.0003102301983633579 0.0012912314221343217 0.0 1.547453287794727e-05 0.0003811074814552007 4.4197559847133123e-07 3.6613366964916614e-05 0.0006458502458748642 0.00037118922185406936 2.939218810697978e-05 0.0004700935636033797 2.376179584248593e-05 9.744390910130007e-05 0.00029708507560663824 4.067840858784521e-06 1.3508429511661888e-06 6.222382977039481e-08 5.798295591241163e-07 0.0 2.4475780022463097e-06 9.668122133395399e-06 0.0 3.4027380794271013e-06 2.096517844546435e-06 8.63365830480715e-07 9.384654499773348e-07 3.1722406015723217e-07 9.408928671865347e-08 0.0 4.488986459547705e-07 0.0035038419113246626 0.000669419422883178 1.6661462373240744e-05 3.0329587375313376e-06 2.7096566690573385e-06 7.870332051940213e-07 3.988438576451556e-06 2.003660826005135e-06 8.616491892557598e-07 4.7249083987650317e-07 9.636522168441103e-07 4.0489475582351054e-07 8.787595067204705e-06 2.352615461570229e-07 1.5177732386472572e-07 1.8723245482692482e-06 2.1946164185799118e-05 9.27389678214491e-07 2.053749495472921e-07 1.8040059659316572e-06 5.881459199343405e-06 1.054205569273167e-06 3.109228246136773e-07 1.633225441639063e-07 9.401343614757198e-06 1.1968851548806354e-05 0.0001359992760111295 0.0005451273858148619 2.3619009204980144e-05 2.6831205695743195e-05 3.406095411176106e-05 1.3078519711396418e-05 1.0086223045523724e-06 0.00020610352590646046 3.0946275512730217e-06 3.4626349309898236e-07 6.640648867073927e-06 2.8646971783452456e-06 1.052158415713812e-05 1.4954806838869626e-05 4.631319080965325e-06 1.445526325303505e-07 0.0 0.0002914659665244205 9.548183061820084e-05 9.026393032178958e-05 8.389713577292299e-06 2.443184988477016e-06 4.867660951496204e-06 0.00022051242175945114 6.208801910298094e-06 0.00013525005252037185 5.462778819545537e-06 1.1062825511227205e-06 8.051969846790478e-07 6.6145012470097366e-06 5.628506237353832e-06 0.0 1.6987208444168035e-06 2.4964959213209666e-07 2.052010699365308e-06 7.118035185154757e-07 1.8040878100256895e-05 9.880460124936193e-06 8.461254626180816e-07 6.262477347497371e-06 1.6970587114468116e-06 0.0 5.764265982988983e-07 5.239990794754885e-06 0.0 0.0 0.0 8.725019988023735e-07 0.0 3.937488357659325e-07 0.0 1.0045990202632383e-06 1.930078078357917e-06 0.0 0.0 8.625596506955475e-07 1.9991850582722268e-07 0.0 0.0 0.0 0.0 0.0 0.0 0.0 0.0 0.0 0.0 0.0 1.0706332910930141e-07 0.0 0.0 0.0 0.0 0.0 0.0 5.725371134237154e-08 2.941797048949277e-07 0.0 0.0 7.302941001870892e-08 0.0 0.0 0.0 5.278469828690498e-07 3.2719350117678345e-07 2.0573457770834444e-07 1.3624338548687465e-07 6.381675081629186e-08 4.6021348374209335e-07 1.6198051303022288e-07 0.0 0.0 0.0 0.0 1.5214029999249557e-07 0.0 3.7392183235078237e-07 0.0 4.154240846491991e-07 3.1896375730074325e-07 0.0 1.1881298208648895e-06 1.1599695427823274e-07 0.0 0.0 0.0 0.0 0.0 0.0 3.6841686519752133e-07 8.282783928342198e-07 0.0 1.2034265482921688e-07 0.0 0.0 4.139464211118705e-07 2.3605386147315814e-07 7.20821297787138e-08 8.89558113657632e-08 7.68179603226211e-07 9.57356679027555e-07 0.0 1.7045758242646997e-07 6.059570737206291e-07 3.516640257748685e-06 0.0 0.0 0.0 0.0 0.0 1.1258148495467148e-07 0.0 0.0 8.592334855132295e-08 0.0 0.0 0.0 2.601844155100236e-07 6.928142929777062e-07 7.033530826803198e-07 6.351232612123274e-07 0.0 3.5508160458247234e-07 6.943469462058446e-07
0.001724251512194302 0.0008182131186038882 1.547453287794727e-05 0.0 6.705879475718837e-05 0.00032268321414911325 0.0010733565608200045 1.942864042755468e-07 1.7910859123752777e-05 0.001458302544843234 4.432414355360815e-06 4.072733373287442e-06 0.00010154917896035313 6.227108976575054e-06 6.388802540589789e-08 1.1024137105700157e-07 0.0 0.0 0.0 0.0 0.0 0.0 0.0 0.0 0.0 0.0 5.457090345831306e-08 0.0 0.0 0.0 4.694997493620174e-05 4.739246530001484e-08 0.0 0.0 0.0 0.0 6.269628617656616e-08 0.0 0.0 0.0 0.0 0.0 0.0 0.0 0.0 0.0 3.8039223826748085e-06 1.8783153769460788e-07 1.3473374400886642e-07 0.0 0.0 1.0151308048534321e-07 0.0 0.0 5.351143426700191e-06 5.920831840047308e-06 6.287900005562135e-05 9.829880423147163e-05 1.1399686147046211e-05 1.0155815780957384e-05 1.3462905600472427e-07 2.5819501658496794e-07 0.0 1.7519523668470142e-06 1.8817667242823668e-06 1.2235307792521665e-07 9.126378831641865e-08 0.0 0.0 0.0 1.8210988465850113e-07 3.284913285493727e-07 0.0 0.00011026638206886615 6.876770156066759e-06 1.8770806203195848e-05 1.8247081137128818e-07 0.0 0.0 0.0 0.0 2.748087360650308e-07 2.4399131857938537e-06 4.366508561649615e-07 5.186809831922321e-07 2.1217264571168847e-06 3.0560159369720255e-07 2.7574039393262483e-07 3.676756925022603e-07 7.01922290677037e-08 1.6791896237024126e-07 9.38816421126822e-08 0.0 5.806667981466953e-08 0.0 3.9416226548712554e-06 0.0 0.0 0.0 0.00010173191701720491 2.2241159716863525e-06 1.6684111098657676e-05 0.00022877096897936056 0.00012130086149427481 2.1383252300014696e-07 0.00016408127726261364 4.5418589924923084e-05 6.229179401594889e-05 0.0001799975504184903 0.00011033335631006137 4.486472746067097e-07 4.495697001689853e-05 1.619239385762757e-05 3.462025883725155e-06 7.058433162254788e-07 1.576281562973874e-07 1.0383171086043505e-07 0.0 0.0 0.0 0.0 0.0 0.0 0.0 0.0 0.0 0.0 0.0 0.0 0.0 0.0 0.0 0.0 0.0 8.405038378171371e-07 6.797252713395761e-08 0.0 0.0 0.0 1.980468131082924e-06 0.0 6.045685420676812e-08 0.0 5.587636313497614e-08 0.0 0.0 0.0 0.0 0.0 0.0 0.0 1.3532327015413944e-06 1.2454843863919957e-06 0.0 0.0 0.0 0.0 0.0 3.559785018985265e-07 4.2874221674850836e-07 0.0 4.951598399261838e-06 4.2268800549649255e-06 7.876942475301924e-07 6.303596787627739e-08 0.0 1.477537454138719e-06 6.425142290045513e-07 0.0 0.0 0.0 1.4450966990203678e-07 0.0 0.0 0.0 0.0 5.344298513162971e-06 0.0 0.0 0.0 0.0 2.4250854696354903e-06 3.449590139613843e-07 1.7470749844469622e-06 4.769248794886149e-06 6.481523206782096e-06 6.259521468317384e-07 5.634020758137713e-07 2.148645977850548e-07 0.0 5.835657928103817e-08 1.410685298890791e-07 0.0 0.0 0.0 0.0 0.0 2.9152450051060283e-06 7.109877718491606e-08 0.0
0.00019002044927065478 0.00171632325719544 0.0003811074814552007 6.705879475718837e-05 0.0 7.4595883982611125e-06 0.0011941505976516974 0.00018438071665603792 0.0037204155788284374 0.0010337512992102315 0.0014994811621006606 6.0150897026320856e-05 0.001146426370894433 0.0010598858722216213 4.9811936653481865e-06 2.2738646635259717e-06 2.0804881774185674e-07 9.75192477029012e-08 0.0 0.0 5.410152559145855e-08 0.0 3.681404150169772e-07 1.8617716511712579e-07 1.5531581992305086e-07 8.234850629495175e-08 0.0 1.1026022214136903e-07 0.0 0.0 0.00019075627650861748 1.9973732680981688e-05 1.3970110641542211e-05 0.0 2.257928911723058e-07 0.0 8.96839529618604e-06 1.0017090315416851e-06 4.84358388100681e-07 6.678098666254444e-08 2.178507897560476e-07 1.6991391326648956e-07 1.7979325511312316e-07 0.0 0.0 0.0 4.911441893103446e-05 8.947652928635773e-07 1.1835566750023999e-07 9.55068193603449e-08 1.136305977100451e-06 0.0 1.0592932243005584e-07 2.702716183879175e-07 9.18333991390912e-06 1.0731407242650795e-05 3.9854126593979e-05 0.00011001240073782268 1.946312450241298e-05 3.3881760509288326e-05 1.2409993123716544e-06 2.484572027435291e-06 8.723162617358734e-08 9.420001873909147e-05 2.8329415506059565e-06 5.291278893175031e-07 2.5005583123347947e-07 6.293666842015034e-08 5.425996171194554e-07 1.3471837295481124e-06 7.055396119174533e-06 6.722644025958051e-07 8.097005387689755e-08 0.00018918962627294256 6.532112373864888e-05 0.00015868408787600872 1.598595941353629e-05 3.2097368482699932e-06 4.152912905086314e-06 1.7899082460899504e-05 1.2648972622248163e-06 3.7943095884475306e-06 6.4114358468090824e-06 6.04949384323911e-07 1.253711789341439e-06 5.221257971348938e-06 5.841847338025531e-07 5.566565324021599e-08 1.911639266498832e-06 0.0 8.911117115535465e-07 2.9922272331064677e-07 1.0684360046356423e-06 9.797794608594773e-07 6.294192048772799e-07 1.0414527576964368e-05 1.6434086136737372e-06 0.0 2.4690793423676535e-07 8.25943769071946e-07 2.094509886048626e-07 1.8394872225180437e-07 1.3177371299680265e-06 7.291787608515575e-06 2.816862238166868e-07 3.820012026108821e-06 1.4326281289345903e-06 4.245156905621417e-06 5.794791586306976e-06 8.728212623219505e-06 7.496874844933609e-07 5.876653515549852e-06 7.635060408880925e-06 2.743150646803135e-06 2.337015235218107e-06 0.0 8.589190151512805e-07 0.0 0.0 0.0 0.0 0.0 0.0 0.0 0.0 2.0071735365361553e-07 0.0 6.996428023613795e-08 0.0 0.0 0.0 0.0 0.0 0.0 3.365692302092962e-07 0.0 0.0 4.058059681265457e-07 0.0 2.849095883117206e-06 7.277522337515235e-07 3.7670187040019327e-06 5.180416054691871e-07 3.080441032576869e-07 0.0 0.0 0.0 0.0 0.0 0.0 0.0 0.0 0.0 0.0 0.0 7.077701019893365e-08 6.049006002970042e-08 1.9406220534337846e-07 0.0 0.0 0.0 4.347216058029134e-07 3.9204374458446913e-07 0.0 4.825545539852625e-07 8.054643317469205e-07 6.300156601652791e-06 2.530864080561144e-07 0.0 0.0 0.0 5.951273642609981e-08 1.5963001071867465e-07 0.0 0.0 0.0 9.333233542726736e-06 0.0 1.0102635326061722e-07 0.0 2.0491042137365124e-07 6.460591241844868e-06 7.365610875328501e-07 5.369607295307546e-06 1.4968379345769986e-07 1.6114433404987634e-07 3.9687596035173276e-07 3.2922367197620574e-07 2.038197041690743e-07 0.0 6.892040806455116e-08 1.5285053270509619e-07 0.0 0.0 1.4751144449384692e-07 0.0 0.0 2.2455099162790193e-06 3.4681279505837563e-06 8.531314054041006e-07
5.470555848535248e-05 6.358741452636594e-05 4.4197559847133123e-07 0.00032268321414911325 7.4595883982611125e-06 0.0 4.282287704967864e-05 0.0 6.540288494179549e-07 0.0004571110963680828 6.228551981148224e-07 6.602305081276654e-05 2.034519542294473e-05 2.665557030611431e-06 1.241190384984058e-06 1.5378050731396196e-06 1.7424504265361978e-07 7.614163217745765e-08 0.0 0.0 0.0 3.440741207402444e-06 0.0 0.0 0.0 0.0 0.0 9.350424057686545e-08 0.0 0.0 5.685549883660468e-06 3.056021502193746e-07 2.1153403961105186e-06 0.0 0.0 0.0 6.621184336266485e-06 1.1707988017240097e-07 1.96620305442366e-06 0.0 1.0279156208718982e-07 0.0 0.0 3.187429019184498e-07 0.0 0.0 1.8208432306511779e-06 0.0 0.0 7.28218404990625e-08 0.0 2.9100772400370236e-05 1.4202968166505476e-06 1.0375628178864623e-06 4.232981887730867e-07 5.545790793023266e-07 0.00028410613029098916 2.400078791135169e-05 1.8758242291144943e-06 2.350982559264797e-06 0.0 1.366903787952534e-07 0.0 1.1720572087760786e-06 8.37132223324102e-08 1.5929464869106077e-07 0.0 0.0 0.0 0.0 7.897145624102841e-05 0.00024010970569265878 1.5180746236712144e-05 1.5182131605905765e-05 3.668483604577123e-07 4.311747848795891e-06 1.5854487331139896e-06 1.6260385496439612e-06 1.9654053108079255e-07 9.483320580666512e-07 9.507517016328126e-08 9.017830153689048e-07 5.163846711229765e-07 0.0 1.9940128472094243e-07 1.613647344973784e-06 1.257164770909502e-07 1.4112219231867688e-06 2.751130940657661e-06 8.015967009674132e-06 4.705095533663157e-06 9.836426968805628e-06 0.0 0.0 1.8967129310781079e-06 0.00010622230416355648 0.00012653548013633452 2.995976537996828e-05 1.4581799072102218e-05 0.00023061268860223496 4.841456950435775e-07 9.69999683479529e-07 2.876886961740725e-06 4.946995425577664e-05 1.2347465560928645e-07 9.527447850879944e-06 7.45302401606703e-06 8.11771649282784e-06 2.6831475728251393e-05 1.6677265805271988e-05 4.1467194935051724e-07 9.847769221935186e-06 1.0320703265469092e-05 2.1691549771033316e-06 7.219227346687907e-07 6.119038576427003e-08 1.5900919698522588e-07 0.0 9.662125059303082e-08 0.0 0.0 0.0 0.0 1.2923561412800482e-07 0.0 0.0 0.0 1.4916173149189135e-07 0.0 4.0933684071448236e-07 0.0 1.496547611093737e-06 7.460417077442663e-07 6.553273083990409e-07 0.0 1.6266939914236708e-07 0.0 2.3859507421601384e-07 1.1797306292379882e-07 8.263951483050612e-07 0.0 5.800571413577433e-07 1.67267049206113e-06 5.591174734469614e-07 9.298912188767963e-08 0.0 0.0 0.0 8.131797740496629e-08 9.127445057454024e-08 0.0 0.0 0.0 0.0 0.0 0.0 2.569766089014884e-06 1.434188290258661e-07 0.0 0.0 0.0 0.0 6.917094904619653e-08 8.64257776516175e-07 9.87993723702081e-08 0.0 2.269668791110862e-06 0.0 0.0 0.0 0.0 0.0 0.0 0.0 0.0 0.0 3.0530464494998795e-06 2.280522598863911e-06 9.899828046144671e-08 2.4120321095847973e-07 9.076979980240016e-08 4.502895892037974e-06 0.0 5.32628360777581e-07 0.0 6.232990024628185e-08 0.0 0.0 0.0 9.658006795229917e-08 0.0 0.0 0.0 7.537427643905449e-08 1.139457946426075e-07 9.71184457348025e-08 0.0 4.235570113346733e-06 2.0485125246634005e-06 3.2293020830895193e-06
0.0003193742674757038 0.0018828716492241522 3.6613366964916614e-05 0.0010733565608200045 0.0011941505976516974 4.282287704967864e-05 0.0 2.0724418553001177e-05 0.0025791374759333223 0.004234663106474161 0.0002542086512611988 0.00029373863894078026 0.0034167846448858816 0.0019495427319314986 7.419396486250467e-06 2.6725997171113325e-06 5.005061748511448e-07 1.8909147297422881e-07 0.0 5.8764885464774234e-08 4.0531912164706855e-07 0.0 0.0 6.611178641802583e-08 0.0 0.0 4.458991681211308e-08 0.0 0.0 9.551355946220638e-08 5.501680144713721e-05 1.2646842255373561e-05 9.501920165597522e-06 0.0 6.610367709494743e-08 3.117647852410334e-07 1.4424344740646745e-05 1.0693740713419001e-06 2.454287199459875e-06 6.333699336924441e-08 3.659717938683085e-07 2.2944809346358386e-07 3.6600555179657015e-07 2.6913675042435806e-07 0.0 0.0 6.68600622398614e-05 1.2040859519797217e-06 2.874935415157054e-07 1.8288387449454255e-07 5.586484842622588e-08 1.84380565789944e-07 1.191152407619197e-07 2.584062299997885e-07 1.2927274025212335e-05 1.4465477652147156e-05 5.340949492586752e-05 9.609201329410436e-05 2.6208697016600488e-05 4.567471065528439e-05 5.728374984745002e-07 1.6571702806936422e-06 0.0 7.187823007227409e-05 4.21232644806051e-06 4.156737290117895e-07 7.894963988285663e-07 2.6506978797840315e-07 1.6188918155820993e-07 3.951907184610724e-07 1.6510988097456604e-05 1.976506050982187e-06 0.0 0.000259337664604821 7.079588047889922e-05 0.00020957272923897118 2.224772999554253e-05 5.9547631779676935e-06 6.835363435657696e-06 7.417445217927887e-06 2.7659047271674474e-06 6.401707189965795e-06 7.188068606645509e-06 1.0578212938249706e-06 1.5855339649263236e-06 7.557918304427614e-06 1.1951342928423108e-06 4.317124462502171e-08 1.8564148911726247e-06 0.0 7.9178675699395e-07 1.1457124606082336e-07 8.355288652790573e-07 1.3439134330082887e-06 8.106357389443626e-07 4.418141184395737e-05 3.422625023813655e-06 0.0 1.8672714020333664e-06 1.395918642048387e-05 3.5370371354511707e-06 1.957077559402229e-05 0.00016904833936362174 8.684109469850222e-05 1.48513250656175e-06 6.823029743578846e-05 5.512157555320968e-05 4.7233143527493154e-05 7.752237220198433e-05 0.00014315506442372016 3.3429007315683617e-06 7.266854784924331e-05 4.1512490968079104e-05 1.2146429373072559e-05 5.9546704154386714e-06 2.643473426959159e-07 6.016295175591908e-07 0.0 0.0 0.0 0.0 0.0 0.0 0.0 0.0 2.4400479657468697e-07 0.0 7.62409316335847e-08 0.0 0.0 0.0 2.8909815836090073e-07 5.242901745811586e-07 0.0 1.0459591739003918e-06 1.29412703016625e-07 0.0 0.0 0.0 1.2956823528392143e-05 3.7845623543641193e-06 1.5107191703855679e-05 1.8680395042181752e-06 8.921217153758055e-07 1.0911768212215207e-07 0.0 0.0 0.0 4.301608359334881e-07 6.818468133625949e-08 5.903149050308424e-07 2.173214559005243e-06 3.2384222536071527e-06 7.21569422592707e-08 0.0 0.0 4.5886994646507127e-07 7.714338136251574e-07 3.340101778390365e-07 8.34299759561031e-07 2.557198312226674e-07 1.0370616652536894e-05 7.584713332034757e-06 1.6616133549573643e-06 0.0 1.746291966584574e-06 2.83562693748443e-05 1.0272692424532765e-06 1.4182527637147226e-07 1.0206210285859762e-07 0.0 0.0 6.914141361949422e-08 6.754020657681337e-08 0.0 1.7659195848894816e-07 3.5981971655810614e-05 0.0 0.0 0.0 3.395498657922537e-07 1.7814147442723628e-05 2.488077724020206e-06 2.0967415770600214e-05 1.310103193429171e-05 1.2170947443214876e-05 2.651558399984142e-06 8.690455279286288e-07 2.659419863104407e-07 5.5969562931423836e-08 7.029956276058442e-08 5.7544909360474965e-08 8.11382207433944e-08 5.014514675119541e-07 0.0 8.483768863156348e-08 2.903877571556604e-07 1.3773819017211288e-05 1.1902474358731215e-05 7.641851406020093e-06
5.4196575205770344e-06 0.00011901336757625433 0.0006458502458748642 1.942864042755468e-07 0.00018438071665603792 0.0 2.0724418553001177e-05 0.0 7.07540276264661e-05 3.155056327611157e-06 0.001973018917406329 6.885137215163486e-06 8.269581524586881e-05 0.0007021498381412789 9.540863175601447e-06 8.121335132495784e-06 4.7319445615883613e-07 3.733259759866444e-06 1.9861507789817176e-07 2.492322043457129e-05 6.413903964339796e-05 2.621511030302486e-07 3.8838380377190666e-05 1.9519324439022578e-05 1.1209202154010132e-05 6.190405195366169e-06 3.3604026206834313e-06 1.7670465687889364e-06 1.4876500538617655e-06 5.590187128456358e-07 0.0010679856538113326 0.0009837315064900208 9.544424746129067e-05 2.404263861719929e-05 2.686190789768028e-05 1.0478633940152255e-05 1.5028466072980756e-05 4.366601928402714e-05 3.1511995847904306e-06 9.715079473443196e-06 2.1045506842527406e-05 5.963326680557475e-06 6.609835328459483e-05 2.4759608494461075e-06 7.154626473798566e-07 7.897959159697736e-06 3.244762285813048e-05 1.2248654563428626e-06 1.8313741230391596e-06 1.9031273446807177e-05 2.96154150025052e-05 1.8765646818644056e-06 4.917709233354933e-07 4.6191129331678825e-06 4.10391977159842e-06 3.847188386241728e-06 4.081465439376185e-05 0.00021966056205137858 8.869484416206659e-06 1.6512126154380545e-05 0.0003052928711492487 0.00015331128142624567 1.1421956092872424e-05 0.0002995180205694821 1.979605053530928e-06 3.200279871417204e-06 2.044735712560476e-05 1.6418749034951568e-05 6.143008422319529e-05 0.00011613220567178163 4.8934554582422275e-06 1.9505177685160674e-06 1.1349222023870214e-07 0.00011178992863760836 7.34765199626512e-05 8.968040606938422e-05 4.1694082894018605e-05 7.186833359749484e-05 0.0004165718210175239 0.0026996034610315624 0.00017960925660422114 0.0022200424087858504 2.5574336106843857e-06 3.2946291909123264e-07 1.030784404331959e-06 5.042477741178437e-06 2.459586073643983e-05 0.0 6.039205691688678e-06 1.333886652537646e-07 8.825226579708083e-06 1.7686332090846059e-06 0.00015014199499895206 9.215754903375954e-05 1.1305337896427007e-05 3.884383148094799e-06 5.258287322445316e-06 0.0 1.9579619592620465e-07 9.945203418916305e-07 0.0 0.0 1.5553096874465952e-07 0.0 0.0 1.0167951594952701e-07 0.0 0.0 8.445880303662123e-08 0.0 1.0027382044609817e-07 7.446441568986569e-08 2.837690124624235e-07 0.0 7.71302010624077e-08 6.012627164456989e-07 3.1996585939152784e-07 0.0 7.34625786096392e-08 0.0 0.0 0.0 4.888177958484685e-07 1.6043997573798062e-07 5.557540566138573e-07 1.8060911617566297e-06 0.0 8.409150458664841e-07 0.0 1.1270649529346296e-06 1.7070100257441877e-06 1.3467146476097145e-06 1.2204836613538621e-06 5.839061547038588e-07 9.372232659882657e-08 0.0 0.0 3.566899006575829e-07 0.0 2.7559213819272797e-07 6.156340402545556e-07 2.725509596227155e-06 9.820234377603475e-07 1.325654108383375e-06 1.44248864178107e-06 1.0310883316905376e-06 8.047811566123039e-07 0.0 0.0 0.0 1.1737303308505477e-06 7.086380115671748e-08 7.908732170148455e-08 2.3901334921357776e-07 1.7566871824004839e-06 4.1000998608284286e-06 1.3898505398262837e-06 1.004911494212316e-05 0.0 0.0 6.284398539429094e-08 0.0 0.0 0.0 8.15305865420596e-08 8.788467490795715e-07 2.1257284345571464e-06 3.591612212825774e-07 0.0 0.0 5.52701647338076e-08 0.0 1.5753677049820997e-06 3.7916581710640814e-07 1.523724351075111e-06 5.305105783710132e-06 1.7301106692490364e-06 6.358517487355398e-07 1.0137491634749952e-06 1.8613472588466441e-06 2.0314698228758566e-05 5.895327440359258e-07 2.1496654734676307e-06 1.3467079870110208e-06 8.88465033442245e-08 0.0 5.2688869144036474e-08 5.329705954123354e-08 1.3972034167676207e-07 9.168629023238457e-07 0.0 0.0 0.0 4.71998410507935e-07 2.269842479030653e-06 3.6868424848350372e-06 6.603265179193974e-06 5.572651203151941e-07 6.341144322702095e-07 2.3071024997336607e-06
1.1413818197238988e-05 0.00048467862547222295 0.00037118922185406936 1.7910859123752777e-05 0.0037204155788284374 6.540288494179549e-07 0.0025791374759333223 7.07540276264661e-05 0.0 0.00027588692364550614 0.0012609677694565378 3.7648042744532404e-05 0.0011750621877121346 0.0016284865549668988 2.466379856485804e-06 1.6981332895083987e-06 1.0309461932776904e-07 0.0 0.0 1.6380140057505622e-07 0.0 9.273880174816603e-08 2.793619177988086e-07 8.847084204440599e-08 1.8512665001421553e-07 0.0 0.0 2.7384347485866723e-07 0.0 0.0 2.282994635459097e-05 1.1081168685192709e-05 1.6206060240101305e-05 8.252063948613507e-08 8.248341433640472e-08 0.0 7.138116382280414e-06 2.4312797380841035e-07 5.933338478899762e-07 1.9045404242616648e-07 4.184648952962201e-07 0.0 3.0267985229394426e-07 0.0 7.147924842636438e-08 0.0 1.959091672328567e-05 3.9362049115263564e-07 6.70777145676273e-08 3.305617986209996e-07 6.616977072814219e-08 3.074848779779449e-07 6.639007753858038e-07 0.0 2.4303168089706513e-06 1.9317864468366158e-06 8.026957041687738e-06 2.429104204135026e-05 4.835469500643561e-06 8.346096536323253e-06 4.833165741777622e-07 1.0783454119300947e-06 0.0 2.7366239243760994e-05 5.187720540705295e-07 1.923560187849415e-07 5.995688528782144e-08 0.0 2.267853866303586e-07 9.14060751351781e-07 6.175432143000888e-06 9.099368248863585e-07 1.0779148978615882e-07 4.4289934921890274e-05 2.2432574449063927e-05 6.41395121483894e-05 1.1244661282214921e-05 2.845187613410295e-06 3.7690512687300627e-06 8.865503034503608e-06 1.3877506800837609e-06 2.8891662877869504e-06 1.2667833512006322e-06 0.0 4.085161295170447e-07 1.2352428987840078e-06 4.004072878744608e-07 0.0 1.4958834990519343e-07 0.0 3.7462819149239186e-07 0.0 1.2267421992796614e-06 1.0702720110328163e-06 2.5601657237827824e-07 9.503203730985241e-06 1.0905960505834033e-06 0.0 4.032383426647309e-07 2.7382952646962496e-07 0.0 2.7207184394290293e-07 1.0706257471257934e-06 1.5616169387298193e-06 3.0241298224507616e-07 6.253857751006121e-06 1.2428997384186643e-06 7.976392965362901e-06 6.3161442116050855e-06 5.932896273448797e-06 1.020951801514092e-06 6.333661939517844e-06 1.0967910319104175e-05 3.685527175599297e-06 3.3111191372112197e-06 6.381700699316474e-08 6.781271251688415e-08 0.0 6.227097073184151e-08 0.0 0.0 0.0 0.0 0.0 0.0 0.0 0.0 0.0 0.0 0.0 0.0 0.0 1.2429023443558191e-07 0.0 7.049017248787981e-07 0.0 0.0 3.5803732033928144e-07 0.0 5.085969878254599e-06 1.2139400604043799e-06 5.659699539189848e-06 6.305814484314931e-07 7.105834099058975e-08 0.0 1.6618082437218042e-07 0.0 0.0 1.527331639457481e-07 2.2241830856101965e-07 0.0 0.0 9.49048743786342e-08 0.0 0.0 2.1470143961810645e-07 1.178575536552002e-07 1.973655531166423e-07 0.0 0.0 0.0 3.247982253314411e-07 0.0 8.631718957542837e-08 3.8148060482840724e-07 3.3867971245835634e-07 8.40785863819824e-06 0.0 0.0 0.0 0.0 0.0 0.0 1.4241664743191403e-07 0.0 2.639159408420398e-07 1.0096641100832906e-05 0.0 0.0 0.0 1.1000270254835989e-07 6.459603635831613e-06 8.737518415965728e-07 5.599882186377719e-06 2.9768208443102393e-07 2.930755472382115e-07 5.753403509390683e-08 6.288451875915521e-08 8.335113840685262e-08 0.0 0.0 0.0 0.0 0.0 0.0 0.0 0.0 2.04558786372716e-06 3.004128473006267e-06 1.4538577095622687e-06
0.0011205816572621486 0.0011480413737109925 2.939218810697978e-05 0.001458302544843234 0.0010337512992102315 0.0004571110963680828 0.004234663106474161 3.155056327611157e-06 0.00027588692364550614 0.0 4.208086610393809e-05 0.0014120775911672307 0.0028082512525665166 0.00016246396347006722 8.365458702385781e-06 3.7126129507065966e-06 5.49676812410867e-07 0.0 0.0 0.0 0.0 0.0 6.544416298632804e-08 0.0 1.4731649831045221e-07 0.0 1.414681923117779e-07 3.2682796769712776e-07 2.3065244277863936e-07 1.0857608887821023e-07 2.1734287100621003e-05 3.414223451508573e-06 1.974534984604174e-05 0.0 7.908585530972962e-08 2.0146222766300494e-07 4.411229459046709e-05 1.0207302085190789e-06 3.125957161289607e-06 1.3842083148712877e-07 0.0 9.37736688609879e-07 3.9343534152620603e-07 1.6469965827864207e-07 0.0 2.621073586207885e-07 4.719219148128182e-05 6.485783684354431e-07 5.9177325813216946e-08 4.420022231987369e-07 2.4132859628721097e-07 1.095268699076781e-06 9.349682425639648e-07 4.1843471059365035e-07 7.465575728798575e-06 7.233520602803182e-06 0.00011440753430890325 5.0043116462854316e-05 1.5814310577733177e-05 2.8436675738013546e-05 2.666017300948771e-07 5.790317307050036e-06 0.0 2.8847659875523615e-05 2.5195335099803543e-06 3.735330751125502e-07 3.6391274133489393e-07 2.137163909567367e-07 8.668770083673403e-08 2.402705990528764e-07 0.0001069553725532723 1.6430580082388205e-05 2.9887947280208623e-07 0.00013746108940389915 3.0367350483226228e-05 0.0001371308994813438 1.6252982020149043e-05 5.133211764555491e-06 2.2371496856210038e-06 5.3305979399103975e-06 1.6594485720449452e-06 5.544431598039102e-06 4.474887668179975e-06 8.800747108353556e-07 1.0384625994007572e-06 4.449435705247691e-06 9.299497994606684e-07 6.825070871681474e-08 1.0228993022699092e-06 3.0839177944256806e-07 3.9346784065431663e-07 6.776392363145023e-07 7.975214662168862e-07 1.526838353221441e-06 1.0288768760019916e-06 0.00034776553444519853 2.091508756757525e-05 5.835375250175158e-07 4.449225247112961e-06 0.0001674029334139567 3.180383333648446e-06 2.5305912800176695e-05 5.966466132551066e-05 0.00015201433778878141 4.741805816464404e-06 0.00027577820529896036 0.0001275585768008007 0.0002349017475676807 0.0003194208133161906 0.00034127081005105956 2.8766699675622634e-05 0.00037861450868140986 0.0003828610113062286 0.00010440326178123509 5.371605377745223e-05 1.8935253752513708e-06 2.858519609978637e-06 1.0763696212971981e-07 5.171953958392158e-07 0.0 0.0 0.0 9.160489577293255e-07 0.0 0.0 3.3092781795334515e-07 0.0 0.0 0.0 1.0720787470138464e-06 1.060107142394023e-06 8.834086938291378e-07 0.0 0.0 2.516487734802211e-06 4.6428272086200546e-07 0.0 2.655532538065273e-06 6.480698220080985e-07 6.728314160941664e-05 1.4773851419705452e-05 6.517499356451869e-05 6.856044099916347e-06 3.1589694514281243e-06 0.0 0.0 0.0 1.7076762711209828e-07 7.232173819146825e-07 1.393763968405392e-06 0.0 7.777778042054218e-07 1.5351131886439455e-06 0.0 0.0 1.4300674644167684e-07 2.567811962995114e-06 4.096953602480332e-07 2.2074400718956696e-07 2.950898041536188e-07 1.7330224992574208e-07 2.253668222142276e-06 2.2260649079160268e-06 6.509426159612722e-06 6.661789386486707e-07 7.367617049421887e-06 0.00014991361483178507 9.97634162947413e-07 0.0 2.499687531809243e-07 0.0 0.0 1.8872968939397052e-07 0.0 3.1222494515730806e-07 0.0 0.00020865974113110384 5.277147381837059e-07 0.0 6.257671341274303e-08 3.0502337157728605e-07 0.00010660624653096246 1.552091765826741e-05 0.00010234325989166451 2.9361860113201286e-06 4.553887845576265e-06 1.916703503426571e-06 3.4947788124472843e-07 1.8663902816792057e-06 0.0 0.0 0.0 0.0 5.167473999075588e-08 1.3692631769514642e-07 1.8815292041528107e-07 0.0 9.646389903266974e-05 5.243410484813269e-05 2.6620884063534905e-05
4.868540354581948e-05 0.0005275423866812416 0.0004700935636033797 4.432414355360815e-06 0.0014994811621006606 6.228551981148224e-07 0.0002542086512611988 0.001973018917406329 0.0012609677694565378 4.208086610393809e-05 0.0 0.00035824892491851946 0.0012049440708484954 0.002771823415023494 1.5695549854845386e-05 1.2580353098337617e-05 8.724444561765205e-07 3.786971406341641e-06 0.0 2.469341446643318e-06 2.589920410945525e-05 5.504903029539644e-06 8.341861910530866e-06 7.2179023380657405e-06 9.74833393464656e-06 4.725561102102308e-06 2.091961085170123e-06 4.9376724256959e-06 4.934505337517936e-07 3.1621017393029654e-07 0.00021146896343730975 0.00010610206075518129 0.000557045691007716 1.4693258634859093e-06 3.5809875332012746e-06 9.000295712443756e-06 0.00029794425320142474 7.029451342166688e-05 1.2760408002791613e-05 7.995106964185534e-06 2.274745017999619e-05 8.976883261933064e-06 9.98129405403056e-06 1.0508016190751987e-06 4.029190579443095e-07 8.827081207513809e-07 6.177144714988726e-05 1.42149395326158e-06 2.67813223211211e-06 1.0126324063329772e-05 1.3578199689331573e-05 1.4738023697149071e-05 8.567781335410986e-06 7.911635687658999e-06 4.343707768757592e-06 3.5176955562921694e-06 2.3567130543781754e-05 9.591626254537957e-05 1.0740794751402618e-05 2.258923942007099e-05 8.99742384161069e-06 3.339526130406336e-05 8.728680313852469e-07 0.00010965944154538119 1.4339350991714345e-06 9.377218745196803e-07 5.590294519568194e-06 3.3806784327292833e-06 7.90603476018265e-06 3.60198979307241e-05 0.0001058662721251084 6.546916213897022e-06 9.22278013230534e-07 0.00011565897385796779 6.400347958321837e-05 0.00015184081954641715 3.862740454875229e-05 1.778485270302703e-05 5.324490805166557e-05 0.0008588225114284532 2.7536351261253362e-05 0.00017592804735606633 3.7088496506086625e-06 2.998095891916006e-07 1.6345014498090342e-06 4.675946991457787e-06 3.977337615435162e-06 1.1919312736495081e-07 4.789649833254397e-06 5.23928806184108e-07 4.439834558234442e-06 7.631046320458152e-06 6.526354539820651e-05 9.18457941643302e-05 2.3118160190386795e-05 3.685047219836015e-05 1.875635434709522e-05 1.211916868216322e-07 6.091872057019487e-06 1.0906020751567578e-06 1.292475307694349e-07 0.0 9.906658604943326e-07 9.060442438044886e-08 5.854827731835889e-07 2.3104398969467997e-06 0.0 1.424095230647433e-06 2.7106966411568787e-06 1.813004911786322e-06 3.417662374266528e-07 1.3351404881575871e-06 2.1175585256482865e-06 2.491322115777974e-06 2.3444766428166795e-06 3.613878223245199e-07 6.119670008250149e-07 0.0 1.801141033958374e-07 0.0 1.4630131353178174e-07 0.0 2.4433505361558307e-06 0.0 2.667290985859516e-07 7.772255619538863e-06 0.0 6.341011684917754e-07 4.1709338615478853e-07 7.136111687829312e-07 2.0136508892629507e-06 3.6773480752409136e-07 3.156474703869792e-06 6.842328800910424e-08 5.924811720023866e-07 0.0 4.4058836537011804e-07 3.647971301526049e-07 0.0 9.684930339707222e-06 2.6286659487737507e-06 1.1621527439285352e-05 1.7085895549232143e-06 1.2556143398897572e-06 4.769962490403375e-06 1.9677580657092176e-06 8.205336756984914e-07 0.0 5.720285846637415e-07 4.246526709861591e-07 1.912463771764093e-06 2.780914085979187e-07 2.978880948052201e-07 8.18116302389444e-08 1.0014107489079948e-06 4.624004586386489e-06 1.0888295697061517e-06 1.3462528720124044e-05 0.0 0.0 0.0 0.0 1.599188898943946e-07 0.0 0.0 2.8775191179260613e-06 1.6735072028293298e-05 9.991861796136647e-08 0.0 0.0 7.163896587289983e-08 0.0 1.2365260092369364e-06 0.0 2.7188180928851866e-07 6.805653442083896e-06 1.6310435531784867e-05 1.2669848343111272e-06 4.381200437812729e-06 2.529990667597382e-06 1.4421659194320253e-05 3.739715986834915e-06 2.406105590136737e-06 9.085703412284776e-06 3.5135330796242256e-07 9.866876368337636e-07 7.707840077366502e-07 1.0739366476999637e-07 4.931597730011111e-07 5.586724058819717e-07 0.0 1.0735265880297011e-07 0.0 5.446719245976184e-07 2.160303871805356e-06 2.233381964263591e-06 4.388281307917213e-06 1.564301027498242e-06 9.624256530190204e-06 6.15517727120597e-06
