0.0 0.002276444536767708 0.0005363372223420326 0.0008020749595660602 7.367770064585083e-05 0.00011096867802414331 0.00013436913908346156 0.0001753609271984299 6.720581677006175e-06 0.0005608145477685472 7.02898980074671e-05 7.05094074945089e-05 5.5538696563328274e-05 6.521945556199587e-05 2.889946658925542e-06 7.974115045708658e-07 2.7460603106441744e-07 6.676682502386004e-08 0.0 0.0 5.6942026374585296e-08 0.0 0.0 6.64733617795827e-08 0.0 0.0 6.411430009752627e-08 0.0 0.0 0.0 0.0004402157909934833 1.955437561601251e-06 6.897362758501567e-06 0.0 0.0 0.0 1.088125283908332e-05 0.0 1.9043389948051512e-07 0.0 0.0 1.1057195054111752e-07 0.0 6.603557235774932e-07 5.048731228965001e-08 7.675132012427417e-08 3.592600343788896e-05 1.7114652154796783e-06 4.559722649767976e-08 1.179533527008523e-07 0.0 2.5948412112648236e-07 0.0 0.0 5.593275335872942e-06 7.727731072275684e-06 0.00018290371589774727 0.00037013078690025143 5.366055544404086e-05 4.382828892393674e-05 8.662915196242478e-08 3.297402434738066e-07 1.942981994466098e-07 7.0911992827003875e-06 3.7782322785223445e-06 1.6267552810025446e-06 2.387887821632118e-07 1.879000202730198e-07 5.3010397835556525e-08 1.486041135147733e-07 5.0459295425991615e-06 5.415547799477336e-07 0.0 0.00012238132147588776 7.021001386437194e-06 4.651723845900676e-05 1.3788254413464315e-06 7.747252573183961e-07 4.1473004715046076e-07 3.3333560369319606e-06 1.0773113839552782e-07 4.2923197811999864e-07 2.1084210038468013e-05 1.3510691824399384e-07 1.9873390143251034e-06 1.6404515322839804e-06 9.843239396267664e-08 0.0 1.8417723167660405e-07 6.863152208303333e-08 6.370687667782831e-08 6.034891881715411e-08 1.4007771774407588e-07 0.0 0.0 1.1252250326951049e-05 0.0 0.0 0.0 0.0013837919857762056 0.0 0.0 3.237294473224298e-07 1.2877283949293642e-07 3.874060719035837e-07 3.384016843653048e-07 6.169841401513637e-07 4.360006186398918e-07 9.683634467420155e-08 2.4877165572736884e-07 0.0 1.5649813302576294e-06 1.877277504496388e-06 1.5083998320762629e-06 2.2470223804756713e-07 0.0 0.0 0.0 0.0 0.0 0.0 0.0 0.0 0.0 0.0 0.0 3.051048797960409e-07 6.204760538186046e-07 0.0 0.0 0.0 0.0 0.0 0.0 1.9078840411420197e-07 0.0 6.942994067104874e-07 0.0 0.0 1.2237131428425382e-06 5.706346451813154e-07 3.415507177247267e-06 1.0885900142100102e-07 0.0 0.0 0.0 0.0 0.0 0.0 4.3469865435039385e-07 0.0 3.0503870519982963e-07 0.0 0.0 0.0 0.0 0.0 0.0 1.3965331296001648e-07 0.0 5.788876976898217e-08 0.0 0.0 0.0 0.0 0.0 2.6049387065514016e-07 0.0 0.0 0.0 0.0 0.0 0.0 0.0 0.0 0.0 6.820374490148211e-07 1.3795753919172789e-07 0.0 0.0 0.0 4.6696991184758696e-07 0.0 0.0 0.0 0.0 0.0 0.0 0.0 0.0 0.0 6.674983371142338e-08 0.0 0.0 0.0 0.0 0.0 1.0928388868670756e-06 0.0 2.52333882390103e-07
0.002276444536767708 0.0 0.0021818732290951742 0.0012868137423940687 0.0012366714003685378 0.00014722338848349397 0.0009337989225155571 0.0006565681120497393 0.0003035667408198916 0.0015295443089519793 0.0007960425953410312 0.00016642821655687206 0.0003884101578587328 0.0004707954232836286 2.9539152296695057e-05 8.178394716040818e-06 5.07604759890839e-07 9.791933690649812e-08 2.6825115586216036e-07 4.971961683966966e-07 3.349368195145248e-07 0.0 3.666144703906683e-07 2.3648866282669832e-07 3.258584095277732e-06 9.783666342757244e-08 6.307248742510437e-07 2.0181226416313573e-07 2.484199962431883e-07 2.714790078213691e-07 0.0009846194819491234 2.868280090872988e-05 2.7872607510313167e-05 7.606725167622712e-07 8.096283626676256e-07 9.6859597802571e-07 6.387258957562573e-05 2.457908672001031e-06 2.113023961328779e-06 7.81748966486343e-07 3.9127700723583487e-07 3.031451089822087e-07 1.0857669568916288e-06 1.9606205435972124e-06 6.649086094125819e-07 1.3579341999123418e-06 0.00021908649349662427 8.24895389157691e-06 4.113358235816555e-07 2.1709375117530778e-07 1.083590459798571e-07 2.216244080363686e-07 9.237547107362971e-07 1.7525952836802804e-07 2.115391700716831e-05 2.256551281586668e-05 0.00014845155158938557 0.0003898328211249197 9.13843793888098e-05 0.00014596429745843936 1.5704071198989638e-06 8.376367207217256e-07 1.1210146660527058e-06 0.0001367016422847095 1.078923632192001e-05 5.7640346285938625e-06 1.031860309604357e-06 9.35278655551352e-07 4.7664888663658476e-07 1.1633451784354191e-06 3.2146785852258715e-05 1.2391942429575777e-06 0.0 0.0002949884459359168 7.366688129833182e-05 0.00026423652963643534 3.8185226097994075e-05 6.1260804355021795e-06 3.7395419857119105e-06 3.069497930185889e-05 2.5354502970631896e-06 3.83107065921563e-06 7.006372837361359e-05 2.817282560210417e-07 7.974862151129993e-06 5.944877529088385e-06 7.630111152536469e-07 5.7958525672264355e-08 5.534385516167062e-07 4.2016594901023365e-07 4.193253565522276e-07 1.4682349758716604e-07 5.660913244205287e-07 1.9576638115053876e-07 2.5204017541798336e-07 8.051316165068542e-05 9.065074691430622e-07 0.0 2.846498336047342e-06 0.0009619692302747514 3.5105275107423104e-07 5.06880525094376e-07 2.936406880946572e-07 5.116439619410118e-07 1.2396674529985543e-06 8.555031504113799e-07 1.7675213259656595e-06 2.067917234626769e-06 2.0609817350415945e-07 1.3194849887562342e-06 5.41454189985378e-07 6.657007552417817e-06 6.363580215717875e-06 5.510154382576856e-06 3.4460604817425205e-06 9.867140641736261e-08 0.0 0.0 0.0 0.0 0.0 0.0 0.0 0.0 0.0 0.0 2.430040203780352e-07 2.8861559299495677e-06 0.0 0.0 0.0 0.0 0.0 0.0 1.3125245244763533e-06 4.175793947445695e-07 1.9106860160020406e-07 5.583802878150999e-07 0.0 2.7970799394635846e-06 9.636653190090483e-07 1.0407583271643297e-05 2.599600002360342e-06 1.0471509587937858e-06 0.0 0.0 0.0 0.0 0.0 4.1176644591271306e-07 0.0 0.0 1.1662394167188546e-07 0.0 0.0 0.0 4.917926873139911e-07 0.0 0.0 0.0 5.752518751667792e-08 0.0 2.4020598495579324e-07 6.957916975746561e-07 0.0 5.507000056841429e-07 7.005180261111917e-06 0.0 0.0 0.0 5.6078518525362703e-08 0.0 0.0 0.0 0.0 1.1791983763551318e-07 6.074128254217641e-06 2.8882187031339904e-07 0.0 0.0 8.824205329028381e-08 1.4284216945926002e-06 0.0 3.8240707458435545e-07 0.0 0.0 0.0 0.0 0.0 0.0 2.840931472751636e-07 0.0 0.0 1.7010263022523356e-07 1.3288873622884137e-07 0.0 0.0 5.585073680094942e-06 2.418113645439957e-06 4.093049449211218e-06
0.0005363372223420326 0.0021818732290951742 0.0 0.00012969174563617257 0.0007630034069278922 6.384394190451909e-06 0.00019422047839308935 0.0017715443226560506 0.0006600850709761745 5.49152755982182e-05 0.0011145080247810244 7.830200567255053e-05 0.00029374857507959867 0.0007940734356084385 9.80816972532137e-06 7.4890268785958725e-06 5.790758406619872e-07 3.9970928924112994e-07 4.5444921466411895e-08 5.458322980873286e-07 3.0766159878938133e-06 6.975080489364901e-08 5.448641668286617e-06 3.875875999031469e-06 6.7946477231405665e-06 1.1843992549383726e-06 3.992348162920072e-06 8.543851210582394e-07 2.0621714253544178e-07 5.769330700308664e-07 0.0015991047793025486 0.00018314615068926258 4.6802145408573423e-05 1.059694984213591e-06 5.778646127663621e-06 5.680548207885222e-06 8.919608452519322e-05 3.46490716989191e-06 1.0374291426189514e-06 8.15979651588774e-07 2.270857257360588e-06 1.4476302340292107e-06 9.61084957420195e-07 1.0422756061011823e-06 3.360812261890508e-07 7.223841112676876e-07 3.5667344280794346e-05 2.0740840165972364e-06 2.07538878624394e-07 5.270701735511515e-07 3.5376645168898953e-07 0.0 1.8468021630664551e-07 3.125866132681762e-07 4.6033815634500235e-06 4.89897428275601e-06 4.7280295350328424e-05 0.0002099973814999006 2.4305578309822768e-05 2.9106820408810957e-05 2.2813126644966085e-06 1.64708347630259e-05 4.083805598257305e-06 8.557268606373172e-05 1.5909964223287083e-06 1.1700608752991135e-06 3.833387814630919e-07 5.588596706367361e-07 1.7770403406795253e-06 3.3392279082132094e-06 2.5385439047216506e-05 3.0832020862078773e-06 0.0 8.842505035195558e-05 1.8162805650764706e-05 5.2789511132010434e-05 1.3103003462588756e-05 5.272957307367296e-06 3.1337173426407556e-06 0.00011130159855782877 8.554980818670671e-07 1.175900738648415e-05 1.3398120156548483e-05 0.0 1.9796425118575377e-06 1.8321528613109469e-06 7.909587353346311e-07 8.604121077019993e-08 0.0 6.020521389689416e-08 1.2403892853348572e-07 1.1225661728344858e-07 2.212768680501272e-06 4.1770017929957533e-07 4.480797456355477e-07 3.1985882789130655e-05 1.2370673245842838e-06 0.0 1.009793812514555e-06 0.0001381835756457247 0.0 6.37263112375334e-07 6.473322158552996e-07 0.0 8.864898776208578e-07 6.568590895485711e-07 3.7218201512952467e-07 3.2046974162643997e-07 1.0245338407158608e-06 1.752298204310669e-06 7.236152353137071e-07 5.4222561596355725e-06 3.2577037602593135e-06 3.5589926927087547e-06 3.736514846117879e-06 0.0 0.0 0.0 0.0 0.0 0.0 0.0 0.0 0.0 0.0 0.0 0.0 3.117940451431842e-07 0.0 0.0 1.6022204774429092e-07 0.0 0.0 0.0 3.5766444081173926e-07 2.6968406169144044e-07 0.0 0.0 3.4883442978602583e-07 3.7693392165960317e-06 2.924040080486403e-07 8.169772699371326e-06 1.6330706772683823e-06 8.45038053850118e-07 0.0 0.0 0.0 0.0 0.0 3.0266193096988475e-07 0.0 0.0 6.970009656994675e-07 0.0 0.0 0.0 5.014648377234037e-07 1.2913619293951116e-07 0.0 0.0 6.115406130919522e-08 0.0 0.0 0.0 0.0 4.856564160901531e-07 3.0200262328100335e-06 0.0 0.0 6.048450610805322e-08 0.0 0.0 0.0 0.0 0.0 0.0 5.898987122866571e-06 1.1957610262315649e-07 0.0 0.0 0.0 9.280732696601176e-07 0.0 8.418246216259079e-07 0.0 0.0 6.077773557256346e-08 0.0 0.0 0.0 0.0 0.0 0.0 6.0140203225481e-08 0.0 0.0 0.0 3.886011107990367e-06 2.731471055470556e-06 2.7953664282772196e-06
0.0008020749595660602 0.0012868137423940687 0.00012969174563617257 0.0 5.5385084432077086e-05 0.00034337961601852254 0.0002543265414559782 2.1650789136911606e-05 4.066493301226318e-06 0.0011429448238318377 1.709368423857311e-05 0.000617409659099949 0.00030839649033704826 2.3867790459785257e-05 2.650630688465334e-06 3.4434170493569163e-07 7.800434485783992e-08 0.0 9.892812644589939e-08 0.0 0.0 0.0 5.548393699294379e-08 0.0 0.0 0.0 0.0 1.242660331421607e-07 0.0 0.0 1.885732384549301e-05 7.50099304519767e-07 1.281065223902711e-06 2.0498179553150134e-07 5.5990662099259364e-08 0.0 5.797766263529992e-06 8.09045818306195e-08 3.3559260160555636e-07 0.0 0.0 0.0 0.0 1.0256488906204802e-07 1.0221560716783964e-07 3.2951080604149784e-07 1.9783256020772677e-05 1.332192401363077e-06 0.0 0.0 0.0 0.0 0.0 0.0 2.0287248873313245e-06 2.4082300685883803e-06 4.129924807721634e-05 4.310894824721025e-05 1.5195830294508212e-05 1.6637350734115718e-05 0.0 1.5137421971589948e-07 1.0913095692670223e-07 5.445119636821716e-06 1.1806544860698093e-06 6.460171051844287e-07 6.493954764954074e-08 0.0 1.9558285905930234e-07 5.4932848445286674e-08 6.051521979541681e-06 0.0 0.0 3.3503994951892055e-05 5.412813735152649e-06 2.4891023654331582e-05 2.040790285983208e-06 2.2818091082672077e-07 1.295720181138969e-07 4.3446908261906997e-07 2.0674970776708182e-07 7.00683325318282e-08 5.985485198990199e-06 6.994682674137063e-08 9.463509428303453e-07 5.840101506222462e-07 5.619150378941397e-08 0.0 1.2329589187490022e-07 0.0 4.8595626102466946e-08 0.0 0.0 6.320601596184144e-08 0.0 6.025451003163374e-05 9.282105083314998e-07 0.0 5.234745810442062e-07 0.00047227341761473684 0.0 0.0 2.0669294902404468e-07 0.0 7.882652840269367e-08 8.645489351881191e-07 3.8815263515482663e-07 0.0 5.662246833425837e-07 1.6673947648488384e-06 1.8517398901905448e-07 2.385303550449712e-06 2.5233076317112496e-06 2.665207309583452e-06 4.429580835751014e-07 0.0 0.0 0.0 2.2647710398771046e-07 0.0 0.0 0.0 0.0 0.0 0.0 0.0 0.0 6.327201845635176e-07 0.0 5.99982581197234e-07 0.0 0.0 0.0 0.0 0.0 7.549772536599964e-07 0.0 2.5036312890125326e-07 0.0 5.82388107013281e-07 0.0 2.0621484651968632e-06 2.9257519950066984e-07 5.054888988031265e-07 0.0 0.0 0.0 0.0 0.0 4.321426754938481e-07 0.0 0.0 0.0 0.0 0.0 0.0 3.4961499555829247e-07 0.0 0.0 0.0 0.0 9.77416692575152e-08 0.0 2.668093664017294e-07 0.0 0.0 1.8048623115967326e-06 0.0 0.0 0.0 0.0 0.0 0.0 0.0 0.0 0.0 1.1712072616406033e-06 3.039828960830092e-07 0.0 0.0 0.0 2.802924801720673e-07 0.0 0.0 0.0 0.0 0.0 0.0 0.0 0.0 7.505757078928815e-08 0.0 0.0 0.0 0.0 0.0 0.0 2.2206288934683195e-06 5.025400505608962e-07 4.836216964777859e-07
7.367770064585083e-05 0.0012366714003685378 0.0007630034069278922 5.5385084432077086e-05 0.0 4.2479872584761545e-06 0.0007939755605305189 7.365663776032731e-05 0.002013233620785811 0.0001481570516114256 0.0006490826487805887 2.419520257014279e-05 0.0005306052213661338 0.001504946554579329 9.62494636980908e-06 2.9785623171538916e-06 4.3620052521097786e-07 1.1284187249537016e-07 0.0 6.259753696837215e-08 5.6454898976408044e-08 0.0 6.499605769069796e-08 1.093679747923112e-07 6.780519814928253e-07 0.0 0.0 0.0 8.626905153643952e-08 0.0 3.577263380837983e-05 8.022737680835284e-06 2.5419444950585824e-06 1.2913167651337167e-07 0.0 5.8898275569797655e-08 8.291058542860349e-06 6.245691794103835e-07 2.8028182578353123e-07 2.3530814961324438e-07 1.260641527080773e-07 1.9124141956252834e-07 1.1339307544589202e-07 5.917945542822538e-07 3.4196626872186075e-07 4.4815025261850734e-07 3.891784969839967e-05 1.3060225669823064e-06 3.2794767493384996e-07 1.0403120052783999e-07 8.29782929237218e-08 5.703919419907314e-08 3.3984424480156363e-07 0.0 1.5596313151050707e-06 3.683887374566848e-06 1.2926850159352718e-05 3.9403841692910447e-05 8.55345277939828e-06 2.2286555780231187e-05 4.5388345767958367e-07 3.825127480131368e-07 3.3164925920798306e-07 3.078805609482479e-05 2.0149503894644257e-06 1.0690160869454478e-06 0.0 0.0 5.112092111587473e-07 1.1752820181115306e-07 7.299196822305784e-06 0.0 0.0 3.551583999496929e-05 2.1105321490494666e-05 5.495519002157779e-05 1.368121871516159e-05 2.084948672624753e-06 1.3363647733218762e-06 3.925703271453904e-06 7.825880866292197e-07 5.583918773227045e-07 1.093493888034204e-05 0.0 1.948086819409274e-06 1.3448962774291875e-06 2.4942547307354895e-07 0.0 0.0 0.0 7.637456164637133e-08 0.0 1.1960998576727783e-07 0.0 0.0 2.775211251890617e-05 1.2643262841857102e-06 0.0 7.437820081715668e-07 1.2798036507881282e-05 0.0 0.0 0.0 0.0 2.710332693900495e-07 0.0 0.0 0.0 0.0 2.1095768886104892e-07 0.0 2.1968966657973237e-06 2.0825900635801183e-06 1.172736917475213e-06 5.318040845106022e-07 0.0 0.0 0.0 0.0 0.0 0.0 0.0 0.0 0.0 0.0 0.0 0.0 1.7775095416461975e-07 0.0 0.0 0.0 0.0 4.6975662636025464e-07 0.0 0.0 0.0 0.0 0.0 0.0 9.326039165731036e-07 2.771928887463751e-07 2.698594333246678e-06 1.1650748154516787e-06 5.260166823358519e-07 0.0 0.0 0.0 0.0 0.0 0.0 0.0 0.0 0.0 0.0 0.0 0.0 5.324796582972385e-07 0.0 0.0 0.0 0.0 0.0 0.0 0.0 0.0 0.0 1.3738755228561875e-06 0.0 0.0 0.0 0.0 0.0 0.0 0.0 0.0 0.0 1.1240556185491483e-06 0.0 0.0 0.0 0.0 1.6993162778663266e-07 0.0 7.559997765172075e-07 0.0 0.0 0.0 0.0 0.0 0.0 0.0 0.0 0.0 0.0 0.0 0.0 0.0 1.4106837592162299e-06 1.8346638201531882e-07 4.7393942390186027e-07
0.00011096867802414331 0.00014722338848349397 6.384394190451909e-06 0.00034337961601852254 4.2479872584761545e-06 0.0 2.610393271995052e-05 2.091784457678189e-06 2.843459029957344e-06 0.0004430656314749258 2.963370462299245e-06 0.00010597095701809257 4.191320037730814e-05 9.370454083387689e-06 0.0 0.0 0.0 0.0 0.0 0.0 0.0 1.3773872879074847e-06 0.0 0.0 8.921745211528601e-08 0.0 0.0 0.0 0.0 0.0 4.708579936822478e-06 4.01506423947602e-07 1.6967695606677892e-06 1.0526560743867424e-07 1.2770027781748398e-07 4.057492382268718e-07 6.285105222448422e-06 1.1778360471453381e-06 5.017948402478801e-07 1.7714040099747185e-07 0.0 0.0 0.0 0.0 0.0 0.0 2.4143373660432064e-07 1.4707647713942877e-07 0.0 0.0 0.0 5.586913233394055e-06 7.37788989230567e-07 1.1192120798010252e-07 0.0 2.572418299510897e-07 6.38527212201536e-05 5.186079363992266e-06 2.0731539213066818e-06 2.2511167097845496e-07 0.0 0.0 0.0 3.9029740037502435e-07 0.0 0.0 0.0 0.0 0.0 0.0 3.5350080137282896e-05 9.117408302809172e-05 4.4015464137398975e-06 1.7603419443429905e-06 1.0007543795838298e-07 5.455831982843927e-07 1.7809927606957161e-07 0.0 0.0 2.0538402108190875e-07 0.0 9.48869099104992e-08 2.5623495044212623e-07 2.2275670790337968e-07 7.082845003552719e-08 5.4170492624668375e-08 0.0 2.44731846844609e-07 6.159980471455246e-07 5.7102018830702115e-06 7.369667609193754e-07 7.782516311181195e-07 0.0 0.0 0.0 0.000260302143371585 1.0156397143455023e-05 1.8696114282168122e-05 3.509079309747415e-06 0.00029250257079223226 0.0 2.240610348607369e-07 0.0 4.018184751703852e-07 5.42897541293615e-07 6.655104928321954e-07 2.7179554861048874e-06 3.377035881364223e-07 4.278926886523611e-07 3.7566287549041413e-06 6.458997328192154e-07 4.987480323143762e-06 5.069400150814586e-06 3.2915107021246856e-06 1.537886802391136e-06 0.0 0.0 0.0 7.291060704447188e-08 0.0 0.0 0.0 0.0 0.0 0.0 0.0 0.0 1.2712153561039396e-06 0.0 3.8475668559497463e-07 0.0 9.401069240040478e-07 9.651422798893387e-07 6.754907550266133e-07 0.0 1.9575286171634592e-07 9.320764497300016e-08 2.591961442456762e-07 1.057435428153694e-07 2.1904000106273576e-06 5.847354448887176e-07 1.765152823560241e-06 1.4180386099632632e-06 9.302034360799637e-07 0.0 0.0 7.844740725693148e-08 0.0 4.572043838303366e-07 1.6583745764695815e-07 0.0 0.0 0.0 0.0 0.0 0.0 2.2306081459331043e-06 0.0 0.0 0.0 1.0108020350136703e-07 0.0 1.5697134505635447e-07 2.0764221425550406e-07 0.0 0.0 1.250123208317206e-06 0.0 0.0 0.0 0.0 0.0 0.0 0.0 0.0 0.0 1.3175057495592415e-06 9.313156408350765e-07 0.0 0.0 0.0 3.564676774174508e-07 0.0 0.0 4.803389908319403e-07 0.0 0.0 0.0 0.0 0.0 0.0 0.0 0.0 5.402829483780078e-08 7.071286334981183e-08 0.0 0.0 4.573366454796973e-06 8.800004348054098e-07 1.342221041047178e-06
0.00013436913908346156 0.0009337989225155571 0.00019422047839308935 0.0002543265414559782 0.0007939755605305189 2.610393271995052e-05 0.0 4.762549587756992e-05 0.0006808470813823238 0.0014745692524352197 0.0002977334873845954 0.0005593196734489377 0.0018994992381063083 0.0009769794910547188 2.2000834421540438e-05 8.357658379493952e-06 8.424530863024476e-07 1.50192597292061e-07 2.484164597024557e-07 0.0 1.791807263502127e-07 7.269577338655249e-08 5.841485880366893e-08 3.8443830739636607e-07 3.1262891099170307e-06 3.995355709780003e-07 4.070817779254881e-07 3.8537392884269256e-07 1.3549429131813198e-07 2.3748970281552101e-07 3.306782291796844e-05 2.2683665642397355e-05 1.2632452780866262e-05 9.410810295792741e-07 6.338696249640933e-07 1.2977471263305692e-06 4.0124654301765204e-05 3.1547722398599134e-06 1.5092475025897713e-06 6.096055881151729e-07 7.626229761777185e-08 1.9065301081076923e-07 5.090555374372107e-07 4.949870789222743e-07 2.483377405834209e-07 8.023707394335309e-07 9.519776759306447e-05 1.7239389229299525e-06 2.977489198386228e-07 1.8625115665332313e-07 7.024493076272743e-08 0.0 8.62687023590001e-07 5.744805511563707e-08 4.645795027857769e-06 4.724834226212026e-06 1.7376335631206107e-05 4.9691462026052504e-05 1.5813328844653977e-05 4.153343956036274e-05 1.1983553698401085e-06 1.9222682515637126e-06 1.143456280188003e-06 5.119399053399166e-05 3.095020996426565e-06 1.4652631077834242e-06 1.1257205085179876e-07 4.756452502001356e-07 3.1669642178206055e-07 8.986711216084125e-07 7.111625159145607e-05 2.240281514981729e-06 7.548862586161684e-08 5.9212383751115305e-05 3.400743571610341e-05 0.00010333692002744636 2.481085738382383e-05 4.1722093774060685e-06 1.6512580865783085e-06 1.741334061064932e-05 7.091607467147841e-07 3.7210494540135755e-06 1.744430379076481e-05 5.029945781166524e-08 2.4285409442895074e-06 1.6637993414591716e-06 2.453815705578455e-07 0.0 0.0 0.0 5.8963743852669884e-08 0.0 3.44352170310799e-07 1.5424384646129757e-07 1.859407468629475e-07 0.0002164712877746109 3.4553930297348913e-06 0.0 4.015678503275217e-06 3.28551230724385e-05 6.350823351229228e-08 4.578103807790442e-07 2.7073699084049133e-06 3.6234192031982678e-06 2.8279580386659478e-06 1.3036372473557672e-06 3.399325578443185e-06 2.666807646492337e-06 5.041030742293319e-06 5.5207485952061015e-06 2.379127700808702e-06 1.2765526765177387e-05 1.3765948560711231e-05 1.082637753527901e-05 6.863428720027479e-06 0.0 0.0 0.0 0.0 0.0 0.0 8.608443515693143e-08 0.0 0.0 0.0 0.0 0.0 1.5993995465256012e-06 0.0 0.0 0.0 4.235786163104544e-07 0.0 0.0 1.6086070472127444e-06 8.309096482340441e-07 0.0 2.4879501380793165e-07 4.910234225551484e-07 8.485263275166441e-06 1.476157230009675e-06 1.8811403679604236e-05 3.4009154648990756e-06 2.0458373225575637e-06 0.0 0.0 0.0 0.0 0.0 0.0 0.0 1.7892109153564305e-07 0.0 0.0 0.0 0.0 1.7009686830007934e-06 0.0 0.0 0.0 0.0 3.02010784681895e-07 3.8974583929379534e-07 3.356740813154584e-07 5.625019146423184e-07 1.0540332063324299e-06 9.158005630692008e-06 7.419659969924079e-08 0.0 0.0 0.0 0.0 0.0 0.0 0.0 0.0 9.116556612278474e-06 6.785487585239437e-08 0.0 0.0 0.0 2.381792874712649e-06 0.0 9.67172841206274e-07 2.3854192067719537e-07 0.0 1.7802058679476237e-07 0.0 0.0 0.0 0.0 6.441513486552469e-08 0.0 0.0 0.0 0.0 0.0 6.511146565924235e-06 4.161725986334519e-06 7.145662159203178e-06
0.0001753609271984299 0.0006565681120497393 0.0017715443226560506 2.1650789136911606e-05 7.365663776032731e-05 2.091784457678189e-06 4.762549587756992e-05 0.0 6.683690196147694e-05 2.1482927758287907e-05 0.0029943615693925566 3.434961618678041e-05 0.0002275767988890419 0.0015259633836384027 3.879566539449922e-05 3.771071271989372e-05 3.194417692136361e-06 2.284177143113092e-06 3.403719255282819e-07 3.85500716563676e-06 9.96686155019077e-06 3.334717565321701e-07 2.592641949991292e-05 2.423490975022584e-05 3.3671444047461314e-05 7.151899323805665e-06 1.8391513436524054e-05 2.411557167519793e-06 7.841880305891345e-07 4.888335522646031e-06 0.0011088804260638843 0.0010822346324318684 0.00016076338303985555 1.1702337544420997e-05 3.210883496505942e-05 4.651262214921825e-05 0.00011795737656794455 1.974204204553182e-05 4.083147219718647e-06 5.544286089305113e-06 1.1009468894755549e-05 5.146059356736572e-06 1.20248625235649e-05 1.89764734393142e-05 1.6481948255232363e-06 1.3979555357334782e-05 9.215131626821213e-05 2.795069647349864e-06 2.0843768572624224e-06 5.942021008932059e-06 1.4604997405733148e-06 2.0103458830671385e-07 1.0036507119370948e-06 1.0098195332629773e-06 4.0701069047234075e-06 3.868315128621141e-06 4.255648831262088e-05 0.000200976469229056 2.7084365022300553e-05 3.93376361631594e-05 5.830380817661951e-05 0.00037433503674478414 4.795804040883123e-05 0.0002572463423681549 2.6757947774177137e-06 1.5054638665914126e-06 8.401586572649472e-07 1.5003424233886205e-06 7.7348622654221e-06 1.533866782716962e-05 2.308138831096969e-05 3.3457454344449395e-06 7.884019208397688e-08 8.841802828919403e-05 4.90319741178408e-05 0.00012018822272157672 0.00014792361386906672 0.00020312442315553706 0.00023675504643040372 0.0024268924420933306 6.0915458446609365e-05 0.0013136023594225315 1.5432194879967013e-05 0.0 2.5202973342085265e-06 1.3038821341488568e-06 2.3242827311726885e-06 5.7696239695654755e-08 3.9142799912117674e-07 0.0 6.049753908136897e-07 5.048614339081435e-08 1.302378347786394e-05 3.637237984921907e-06 2.7865951705836203e-06 2.2592887118425987e-05 1.2121667402477252e-06 0.0 3.372958906472527e-06 4.34333017770821e-05 1.9275094049293895e-07 0.0 2.1548314785281927e-07 2.2146878532202247e-07 8.796442389989396e-07 4.791797615253707e-07 1.8335691339584975e-06 1.609816827663428e-07 7.637099625622068e-07 9.778129343583285e-07 6.429726708616668e-07 5.364438916527258e-06 6.15946413650829e-06 5.145510944221143e-06 5.192625595394978e-06 1.447129288754584e-07 3.2427253264359094e-07 0.0 0.0 0.0 0.0 0.0 0.0 0.0 1.1771914516648653e-07 6.509696599145992e-08 0.0 2.145132771732041e-06 0.0 0.0 2.11832900620741e-07 0.0 0.0 3.422474858855705e-07 5.054216597628692e-07 9.088824825636969e-07 0.0 2.2608921858769965e-07 0.0 6.191493402102275e-06 1.4179028386329728e-06 1.6218297651407597e-05 3.3327628182858437e-06 1.6026339791365525e-06 0.0 6.978393695809301e-08 0.0 0.0 6.549798285073092e-08 6.238827423256319e-07 0.0 0.0 7.420683626861864e-08 9.108008992289344e-08 0.0 8.201892044786225e-08 1.7769316281137712e-06 3.163021497177732e-07 6.561580785336559e-08 0.0 0.0 3.087457907595467e-07 5.620254117884517e-08 0.0 0.0 2.531642482268064e-07 4.752022569401666e-06 3.3294284721816495e-07 0.0 0.0 0.0 0.0 0.0 0.0 5.890585102906026e-08 0.0 5.773164892425175e-06 2.6929005822518334e-07 6.675558867292492e-08 0.0 2.5833601874202064e-07 1.147834035133284e-06 5.559009986702487e-07 5.512140525738036e-07 2.1939439278576915e-07 2.0188357196614866e-07 2.0512292390028524e-07 0.0 8.141686791097028e-08 0.0 0.0 5.9199543079067155e-08 0.0 8.844778943343543e-08 0.0 9.546112275895203e-08 0.0 4.587849036760253e-06 3.831347578810855e-06 6.322665538267403e-06
6.720581677006175e-06 0.0003035667408198916 0.0006600850709761745 4.066493301226318e-06 0.002013233620785811 2.843459029957344e-06 0.0006808470813823238 6.683690196147694e-05 0.0 5.916912213868644e-05 0.0007664234940994792 1.7602332447097342e-05 0.0009477627546416007 0.000978528931825216 5.349678942435182e-06 1.8642737834957614e-06 4.749962477223508e-07 9.096766672509079e-08 7.146885737634161e-08 6.01046338826137e-08 0.0 0.0 3.3873870028279515e-07 8.781606676226803e-08 1.5329388983861203e-07 0.0 0.0 2.613132189985628e-07 2.9619351341136546e-07 4.6902643764078625e-07 9.895341997423226e-06 7.14792163070444e-06 1.8369214363384223e-06 3.0799240810275615e-07 1.4840411741101044e-07 1.7655258913022456e-07 4.451419317983261e-06 8.561343557826373e-07 3.4871246638410917e-07 3.6176550994156294e-07 9.26598343161205e-08 6.719317963065814e-08 1.1801900004907806e-07 8.417801587038143e-08 0.0 1.703282127784034e-07 1.5596261182305876e-05 4.3490563897698265e-07 1.635125825253167e-07 0.0 0.0 0.0 0.0 0.0 6.100660795420098e-07 3.840841857635743e-07 2.135064732696122e-06 1.0743703936976462e-05 2.5344837072587744e-06 6.1907609402476244e-06 5.651341355471749e-08 5.860859259409519e-07 1.7676041436916755e-07 1.4258190458334786e-05 3.0315143098399654e-07 2.0743881093598624e-07 0.0 0.0 0.0 5.411355481627767e-08 7.188835268581046e-06 2.5911140654114713e-07 0.0 9.190906720726081e-06 7.367930744900862e-06 1.912110375439918e-05 6.081155062211012e-06 9.461901471168973e-07 8.648962622855513e-07 4.341293250120553e-06 2.142233634021571e-07 1.7043526700002208e-06 2.356928237745815e-06 0.0 3.341752495918471e-07 1.4156052809258225e-07 1.1053177026539635e-07 0.0 0.0 6.240546948054141e-08 0.0 0.0 1.2892162787962213e-07 0.0 9.246898049346383e-08 3.349220914886762e-05 0.0 0.0 6.092677266112907e-07 3.4077225298594177e-06 5.746687687391001e-08 0.0 0.0 0.0 0.0 3.1358951354706075e-07 0.0 1.8639513514565095e-07 0.0 4.511559043701132e-07 4.491835641632695e-07 4.2385865960129084e-07 2.2744437274825776e-06 1.3792610426891248e-06 4.643712458003703e-07 0.0 0.0 0.0 0.0 0.0 0.0 0.0 0.0 0.0 0.0 0.0 0.0 4.059359437021713e-07 0.0 0.0 0.0 0.0 0.0 0.0 0.0 0.0 0.0 2.8323534962110417e-07 0.0 1.767140354477911e-06 4.188562252220819e-07 2.7778498873143607e-06 0.0 0.0 0.0 0.0 0.0 0.0 0.0 0.0 0.0 0.0 0.0 0.0 0.0 0.0 5.55151063021514e-07 0.0 0.0 0.0 0.0 0.0 0.0 1.60043599171405e-07 0.0 2.612377280299295e-07 3.6420736945348496e-07 0.0 0.0 0.0 0.0 0.0 0.0 0.0 0.0 0.0 2.789090585558366e-06 0.0 0.0 0.0 0.0 2.9373062864251427e-07 0.0 0.0 0.0 0.0 2.670984176746568e-07 0.0 0.0 0.0 0.0 0.0 0.0 0.0 0.0 0.0 0.0 1.579658959157261e-06 4.835956325207695e-07 1.0880766636856134e-06
0.0005608145477685472 0.0015295443089519793 5.49152755982182e-05 0.0011429448238318377 0.0001481570516114256 0.0004430656314749258 0.0014745692524352197 2.1482927758287907e-05 5.916912213868644e-05 0.0 2.032876011693714e-05 0.0016042834340748127 0.003918948275435404 0.00024221918671736575 2.4759323678270535e-05 1.0193614176069134e-05 1.9720686442869645e-06 4.5526779203171374e-08 1.8159966052284294e-07 2.628687895690608e-07 1.8571868592839742e-07 1.2314193596055341e-06 0.0 1.9879572921726416e-07 8.642878305454389e-06 3.8902668796375815e-07 1.248928290290867e-06 2.433943530045445e-07 5.931339183604553e-07 2.748123044036296e-07 1.79774925478621e-05 1.3144584427297665e-05 2.5515930232660353e-05 2.4235792273820805e-07 1.7137442200265855e-07 2.4762523755203794e-06 9.37401094704308e-05 8.421159445418065e-06 5.5518081572481355e-06 1.5152559460213643e-06 6.426965670086084e-07 2.2316437505092e-07 2.5853543785742207e-07 7.571413380422268e-07 4.926767080942702e-07 1.1120759922016138e-06 9.745805402074656e-05 1.4459628968338727e-06 5.577480229738343e-07 3.1322587658034296e-07 1.2650085331308034e-07 3.970844398599945e-07 1.4771164930567074e-06 0.0 4.267589403456013e-06 3.6073536287952097e-06 5.0783094798334606e-05 3.2111386914945515e-05 1.8104906495205222e-05 2.697273076157547e-05 1.3548867562968325e-06 3.6453965356900783e-06 6.735076858206694e-07 1.7781653879023143e-05 2.4403366406747224e-06 1.090368640522578e-06 0.0 6.237954977061531e-08 1.8425114090128104e-07 5.380919345562186e-08 0.0003538491094300602 8.227736880524341e-06 4.569930867131498e-07 3.3310974100222865e-05 1.706506879425607e-05 7.505053065087397e-05 1.46495693686789e-05 4.220698081596316e-06 1.4643515308348489e-06 1.5228856919303193e-05 4.066487382121576e-07 2.719798799776425e-06 1.0887762456595265e-05 8.091193843222781e-08 1.934135787973964e-06 1.2617550897481503e-06 3.0347700164097264e-07 6.373234872437053e-08 1.2744364234758636e-07 4.853512489354063e-07 1.3462861976255404e-07 7.54111999923577e-08 1.3016971836789006e-07 2.3507842368675495e-07 1.4619232703417215e-07 0.0005806116031722968 4.6467110933778725e-05 3.780123352902903e-06 1.2087008059788618e-05 0.00039348599314582036 7.916931022456825e-07 9.327583952588017e-06 1.0244773058045154e-05 8.97627075095705e-06 9.373417341416838e-06 1.2162448795616233e-05 2.190496834248443e-05 7.656352871708612e-06 1.0994500990969738e-05 3.389918687490058e-05 6.323986717264145e-06 4.905068492523107e-05 5.688918995366282e-05 3.843430506966043e-05 2.12928330732495e-05 7.67105946940322e-07 0.0 0.0 3.346692859282487e-07 0.0 0.0 0.0 0.0 0.0 0.0 0.0 0.0 5.6335362904839485e-06 0.0 7.510247242149783e-07 0.0 5.164749362701608e-07 6.408213797041398e-07 5.334722971365572e-07 3.054526699763735e-06 3.499563766911793e-06 7.737293754065629e-07 3.4831590327810393e-06 0.0 1.998492732071027e-05 5.146881042877666e-06 4.027926201897299e-05 1.0024916308568455e-05 4.696245736204731e-06 0.0 0.0 0.0 2.0485080425134328e-07 1.64949315379125e-06 3.871884139871159e-06 0.0 3.415891272430628e-07 6.038380572206288e-07 0.0 0.0 0.0 7.2461454085561884e-06 0.0 1.9491227920641512e-07 4.32165635651403e-07 0.0 8.092209044296645e-07 8.467850950239353e-07 3.62826412970288e-06 1.6301069616277692e-06 1.1602483873928945e-06 2.2498061956218236e-05 2.795790639073812e-07 0.0 0.0 0.0 0.0 0.0 0.0 0.0 0.0 2.6946696156354886e-05 1.4918995566313156e-07 0.0 0.0 0.0 3.7870404236787746e-06 0.0 1.8105515013990989e-06 0.0 3.513622257455382e-07 1.1835934359772184e-07 0.0 7.508593076206008e-07 0.0 0.0 6.969500116583078e-08 0.0 5.4229962218196744e-08 0.0 0.0 0.0 4.5424148428007296e-05 8.405132653586163e-06 1.4447708547960725e-05
7.02898980074671e-05 0.0007960425953410312 0.0011145080247810244 1.709368423857311e-05 0.0006490826487805887 2.963370462299245e-06 0.0002977334873845954 0.0029943615693925566 0.0007664234940994792 2.032876011693714e-05 0.0 3.957679189002432e-05 0.0010533857720393754 0.0019019724738324807 2.0989954458279714e-05 2.9876070250514898e-05 1.8407683520431095e-06 5.919977238220045e-07 4.1262341787653114e-07 5.019937370893337e-07 8.116087757374915e-07 9.839502899223627e-08 4.083629601884955e-06 3.62981611399227e-06 2.2409356063973805e-05 2.7557588980634234e-06 7.916564545314637e-06 6.674657472198881e-07 5.712622244791633e-07 1.4480978532519263e-06 0.00020401839607480195 6.479694405581567e-05 0.00018532330231592787 1.068247404149004e-06 6.196715485007799e-06 1.6705749416524727e-05 0.0002225025085231103 3.811264199175161e-05 4.899295759780042e-06 4.239958997648839e-06 2.858950401460025e-06 9.217545358150517e-07 7.716720239231218e-07 2.696631781945829e-06 4.800792366404684e-07 1.0635996087024973e-06 5.600921911935516e-05 6.900038576845975e-07 1.0166906538795137e-06 6.594344472556009e-07 1.4108744240254575e-07 7.076676202122985e-08 2.488468338290372e-06 5.248619595073466e-07 1.965620883906592e-06 2.9336105914115265e-06 1.490003855400983e-05 5.715706082445442e-05 8.52455675459434e-06 1.8991352636113474e-05 4.926069049376308e-06 4.054353700876346e-05 5.377104810842265e-06 4.803241426333433e-05 1.7828906743779723e-06 9.217231894301056e-07 2.895392558600888e-07 1.852172929903875e-07 5.036850342237835e-07 1.580596799024356e-06 5.741738404582763e-05 1.2871604145500224e-06 2.8476685579770043e-07 3.88982193207824e-05 1.7879845300760313e-05 5.9604828801652336e-05 2.452860230261054e-05 1.1553512832338726e-05 8.26423401072874e-06 0.0008326107035797015 8.131015689794581e-07 2.147714575294395e-05 7.667971074536163e-06 4.7456606310660186e-08 1.1004370824555433e-06 6.531690798599299e-07 6.076415694732315e-07 0.0 3.9502062212767574e-07 7.182657523831717e-08 1.6640841747482152e-07 5.109721883191009e-08 1.9644812125158596e-06 7.350679220661255e-07 6.926181521579488e-07 2.5056534964333207e-05 1.1233841533175684e-06 0.0 4.331429678848198e-06 1.5267018064045815e-05 1.4332440638367033e-07 8.590228590007218e-08 0.0 0.0 1.5002397642266238e-06 9.170406055646345e-07 2.1699274339379383e-07 8.749375907395667e-07 1.0160798370883732e-06 1.1990764411486586e-06 4.648434361636391e-07 4.743714175750838e-06 4.78058488104908e-06 5.800035772639124e-06 4.101274214367902e-06 1.9823596097399756e-07 0.0 0.0 0.0 0.0 0.0 0.0 0.0 0.0 0.0 0.0 0.0 2.5924560508074877e-06 0.0 0.0 0.0 0.0 2.2971884345989435e-07 0.0 6.492744681087096e-07 1.2605577095731995e-06 0.0 5.54346935233143e-07 0.0 3.905587373052601e-06 8.181584093819202e-07 9.189969030080114e-06 2.8283267491510163e-06 1.272393874728316e-06 1.3669726728538106e-07 0.0 0.0 8.60915977710733e-08 0.0 8.468725833712561e-07 0.0 5.47218945366942e-08 8.623236303511255e-08 0.0 0.0 7.186437295002861e-08 8.344850063560384e-07 2.428366440128437e-07 0.0 0.0 0.0 0.0 1.949082502359602e-07 0.0 1.4850595088276572e-07 1.609910638012537e-07 5.057997587439048e-06 0.0 0.0 0.0 0.0 0.0 0.0 0.0 0.0 6.786228219437866e-08 7.660214296680974e-06 0.0 0.0 0.0 5.381213311184261e-08 5.967835985522473e-07 0.0 7.1599663622301e-07 1.8864107726464098e-07 1.2118327385970196e-07 7.911720618591582e-08 0.0 0.0 0.0 0.0 0.0 0.0 0.0 0.0 0.0 0.0 3.1863672023350184e-06 2.8846238169403843e-06 3.773589283022121e-06
7.05094074945089e-05 0.00016642821655687206 7.830200567255053e-05 0.000617409659099949 2.419520257014279e-05 0.00010597095701809257 0.0005593196734489377 3.434961618678041e-05 1.7602332447097342e-05 0.0016042834340748127 3.957679189002432e-05 0.0 0.0013482583210886957 0.00011482302672668275 5.316739437908735e-06 7.4718975017975736e-06 3.281964713204923e-07 0.0 7.506731990298129e-08 0.0 2.2021896884270777e-07 1.0798325942890107e-06 7.46006621617334e-07 2.913718206363754e-07 6.38430050445374e-06 5.919648404594405e-07 1.4478276983478354e-06 1.173263155731028e-07 0.0 0.0 8.59475591426309e-06 5.503193958089275e-06 3.879282631331871e-05 0.0 1.0210057558472033e-06 3.6466022324558935e-06 9.608859595560372e-05 6.223374610493102e-06 1.9987554900838045e-06 1.4031659241792038e-06 6.812347089829402e-07 1.6472362140751294e-07 1.4889267235797853e-07 4.053727931133377e-07 0.0 3.5690669094993723e-07 1.1705105874890705e-05 2.2636294982482353e-07 7.973926927606677e-08 2.59708788456734e-07 0.0 0.0 1.1687884567929505e-06 0.0 4.287095997173604e-07 2.153766537078341e-07 3.657500741783306e-06 4.35466023006104e-06 8.538590270495146e-07 2.294162523592199e-06 8.838796966766009e-07 6.1490737002513825e-06 6.143792217388857e-07 4.7804196335719806e-06 3.3218694769834955e-07 1.0988134521285844e-07 6.327134994569851e-08 5.1233671605351344e-08 0.0 6.872551647153331e-07 0.0001275782184713561 2.1074627584878613e-06 0.0 4.901468379610792e-06 2.67659046426428e-06 8.309450255790598e-06 4.933437349921008e-06 4.731499018774936e-06 2.73222358259288e-07 3.151261068211302e-05 2.0697946851183445e-07 1.1410416236877074e-06 1.510258893550837e-06 0.0 4.5847248487186357e-07 1.3835658135807226e-07 0.0 0.0 0.0 1.1076655478812351e-07 0.0 0.0 3.049689045302091e-07 7.363699559921495e-08 1.2782258940203258e-07 0.00021781657862752067 1.1316036161501714e-06 0.0 3.6520565084105555e-06 2.6066408132643608e-05 1.371783810721016e-07 2.430903527590184e-06 2.295018202306241e-06 7.483631664363655e-07 6.750826247961725e-06 2.766703879824119e-06 3.4443616986814844e-06 2.8801611899915585e-06 3.7688003243885663e-06 4.931735557567225e-06 4.738038495434589e-06 2.409946177217179e-05 2.0096233578473988e-05 2.0468519013793258e-05 9.539478302469252e-06 1.610197043097462e-07 0.0 0.0 0.0 0.0 0.0 0.0 0.0 0.0 0.0 0.0 0.0 9.997124380838344e-07 0.0 1.259003765512996e-06 0.0 0.0 0.0 0.0 3.3412465716322084e-06 2.016152564611621e-06 1.5254751560079791e-07 8.159089754885359e-07 0.0 1.311059200854428e-05 2.976921193136698e-06 2.356617050015959e-05 4.637101126396902e-06 9.547725754211423e-07 0.0 0.0 0.0 0.0 0.0 0.0 0.0 0.0 2.171550711108228e-07 0.0 0.0 0.0 1.6924292154592868e-06 0.0 0.0 1.0120328108770578e-07 0.0 7.073839508480524e-08 6.118386076844818e-08 0.0 6.90744302869594e-07 1.250390682215031e-07 1.0850721097041058e-05 2.1655710225879927e-07 4.245326367218579e-07 0.0 0.0 0.0 0.0 0.0 0.0 1.1160744568838548e-07 1.8313582389084267e-05 7.162135241584574e-07 1.3357597910768384e-07 0.0 0.0 3.788761997780087e-06 7.241958994889251e-08 8.320393964197668e-07 5.5085556373600026e-08 6.112544567089071e-08 0.0 0.0 0.0 0.0 0.0 0.0 0.0 0.0 0.0 0.0 0.0 1.4097121142974032e-05 5.800020810734028e-06 7.932599126489422e-06
