0.0 0.0011276358628230395 1.5632953202935453e-05 0.00028487111917701967 1.9985248673464774e-05 0.0002653519451955708 0.0006638265576348826 0.0 4.129335076413254e-06 0.0011089450501552357 3.8547636959904424e-07 0.0002319582141811253 0.0004298763707684478 8.026676508579767e-06 1.0744315464721696e-07 1.6557107731237808e-07 9.177426192708314e-08 0.0 0.0 0.0 0.0 0.0 0.0 0.0 0.0 8.899871540161257e-08 0.0 0.0 0.0 0.0 5.234703173295134e-05 1.6724594267354164e-07 0.0 0.0 0.0 0.0 0.0 0.0 0.0 0.0 0.0 0.0 7.413184891677254e-08 6.698963342920758e-08 0.0 0.0 1.064879698924012e-05 3.5102835449063404e-07 1.1505366820865815e-07 0.0 2.2710477229765697e-07 0.0 0.0 0.0 1.6366990887537441e-06 1.1855375351561815e-06 8.567049181898828e-06 0.0005535151080850366 4.689655047787374e-06 8.69936109270911e-06 0.0 7.871610245677927e-08 0.0 3.6786399384085336e-07 1.3865499523593867e-06 2.2028675577007088e-07 0.0 0.0 0.0 0.0 6.861327057291784e-07 0.0 0.0 2.619855458182056e-05 3.816644945921189e-06 1.3836464988050589e-05 9.038061037685616e-07 6.461157895740599e-08 2.048743339149029e-07 2.4816305707012934e-07 0.0 2.634058495211718e-07 2.0402837167153367e-06 0.0 4.853531253224825e-07 5.70052027320184e-07 7.939047037056406e-08 7.256791252924248e-08 4.673994502565256e-07 0.0 0.0 1.3342910147066444e-07 0.0 8.922562306990152e-08 1.819115760580642e-07 4.705516022276667e-06 0.0 0.0 0.0 0.00040406530443378515 0.0 1.2775953028492123e-06 1.4180104425853033e-07 2.3638067560769924e-06 0.0 8.94682831196315e-07 0.0 1.0382262834110664e-06 2.3511458344567137e-06 6.2287708404392184e-06 1.4460583244742089e-06 6.353480241667638e-06 5.347030231240765e-06 2.4593253002622518e-06 3.634625237129567e-06 0.0 0.0 0.0 0.0 0.0 0.0 0.0 0.0 0.0 0.0 0.0 0.0 0.0 0.0 0.0 0.0 0.0 0.0 0.0 1.042025782822785e-06 0.0 0.0 0.0 0.0 0.0 0.0 1.4030162612973917e-06 0.0 0.0 0.0 0.0 0.0 0.0 0.0 0.0 0.0 0.0 0.0 0.0 0.0 0.0 0.0 0.0 0.0 0.0 0.0 0.0 0.0 0.0 0.0 0.0 0.0 0.0 0.0 0.0 0.0 0.0 0.0 0.0 0.0 0.0 1.8046722805692427e-06 0.0 0.0 0.0 0.0 4.2207717352909515e-07 0.0 0.0 0.0 3.999534594543073e-07 1.7302699383649115e-07 0.0 0.0 0.0 0.0 0.0 0.0 0.0 0.0 0.0 0.0 4.236609700915344e-06 6.078941626033333e-07 2.6892186659156116e-06
0.0011276358628230395 0.0 0.0005477990284877552 0.0005085797970307771 0.0005533042414155089 7.475677714184559e-05 0.0023282999542273176 0.0002134079010624081 0.00035489974391559866 0.0006928952503499497 0.0002291855134997931 4.8604789830012094e-05 0.0004510862388910017 0.0013251810645419902 4.223775769669521e-06 6.020181560740648e-07 1.072671090057276e-06 0.0 8.205703223675381e-08 0.0 6.282132163107715e-07 0.0 0.0 1.0190758175925348e-07 0.0 1.5436499749444938e-07 0.0 1.525268165980299e-07 7.627528029619311e-08 0.0 0.0006058166465790048 3.0100338112727537e-05 4.372177423133239e-05 0.0 0.0 7.706061840582382e-08 1.030869396381933e-06 0.0 6.49184357326179e-07 2.1929494246877607e-07 0.0 7.030387869700619e-08 9.768113015272001e-08 7.201592992896074e-07 0.0 7.656246170941496e-08 7.817080760396349e-05 2.8704580176149374e-06 1.2864025041076963e-06 7.944809215316434e-07 1.2310783170909345e-06 0.0 0.0 2.013916615575077e-07 6.588122330618208e-06 1.3527720867583563e-05 3.9292743069616325e-05 0.0018832748599248196 4.359213890625629e-05 7.930755590256815e-05 3.403938687405478e-07 1.0665728064882475e-06 0.0 2.3490979527305086e-05 1.4524902936083687e-05 5.406955950774907e-06 2.4032783435839516e-07 3.9756612311434145e-07 1.2825559014479136e-07 0.0 2.051054915932927e-06 0.0 0.0 0.0002468895653389066 5.8938686113267055e-05 0.00014012698837108178 5.0856694500298005e-06 1.122573237029458e-06 1.1369039055861912e-06 1.1031031664665239e-05 9.074655094913567e-08 1.7760037639204474e-06 2.4286022671721614e-05 0.0 5.544839648186765e-06 9.767864836942105e-06 9.1908167474885e-07 8.155266541404325e-07 3.4477715506350725e-06 3.147283971372235e-07 1.2180140223813487e-06 3.1922686038280667e-07 1.0891252727944592e-07 9.581361896512386e-07 1.6409807712545575e-07 1.4708233360082291e-05 8.597878573793268e-07 0.0 8.387628114508059e-07 0.0007408767024177699 0.0 3.082697215057076e-07 1.897714345380169e-06 9.733600322512292e-06 9.309938841952363e-07 7.692010974662848e-07 1.1072193507159326e-07 0.0 0.0 3.1851981768234394e-06 2.4766588970681867e-07 3.633910059225483e-06 3.938401160370064e-07 5.594306571040175e-07 1.7866766275503006e-06 0.0 0.0 0.0 0.0 0.0 0.0 0.0 0.0 0.0 0.0 0.0 0.0 0.0 0.0 0.0 0.0 0.0 0.0 0.0 9.898265280632637e-08 0.0 0.0 0.0 0.0 1.5379449238005166e-06 0.0 1.1991315009435746e-06 1.5661016529413281e-07 0.0 0.0 0.0 0.0 0.0 0.0 0.0 0.0 0.0 0.0 0.0 0.0 0.0 4.1801271834702006e-07 0.0 0.0 0.0 0.0 0.0 0.0 0.0 0.0 0.0 1.8975724860064803e-07 1.9686210302301914e-07 0.0 0.0 0.0 0.0 0.0 2.4951226008277307e-07 0.0 0.0 2.9190303222735785e-06 0.0 0.0 9.319907334768156e-08 8.169705239639084e-08 2.3635077026665927e-07 0.0 0.0 1.0488873093955844e-07 2.0429845273696816e-07 0.0 0.0 0.0 8.263382717373055e-08 0.0 0.0 0.0 6.167191100242662e-07 1.6902242765869954e-07 1.1317436815534562e-07 0.0 4.549705691570202e-06 2.0896387281323816e-07 2.1692917908664565e-06
1.5632953202935453e-05 0.0005477990284877552 0.0 1.1194690532858045e-06 0.0003809660464687428 0.0 0.0003185423259172161 0.001653029200601159 0.0005730496777727335 3.208726260910721e-05 0.0007771763106121708 5.192917758958515e-05 0.0005254396789717528 0.0011821434588212647 3.947912230905691e-06 3.5765410512317884e-06 2.351508239537242e-06 1.3098472732944109e-06 3.5322489382039445e-07 3.315024388224542e-06 2.991463451908931e-06 1.3622746036849057e-06 1.0526429277621781e-07 1.6352546624304006e-07 1.1775703876239526e-06 0.0 2.665510424958188e-07 7.524954798444201e-07 0.0 2.910902957742393e-07 0.0013982379904542036 0.00041341782732578244 0.00010207364766800385 8.066338480874808e-07 8.682325985943338e-07 1.6583712615840063e-06 2.5041071331736945e-06 1.0773106912878307e-06 1.6120392742447209e-06 1.0487319909695393e-06 2.190731223085371e-06 7.217842246274559e-06 3.1461639982125126e-06 6.86548232500783e-06 6.017072100553804e-07 8.582825939408139e-07 7.547647001180162e-06 3.7793932089051155e-07 6.915996642445618e-07 5.869542769564228e-06 1.7541895943091217e-06 2.4505207166142567e-06 9.97743940996203e-08 1.1983998616359956e-06 5.718908128090523e-07 3.129613589090794e-07 5.808524578956419e-06 0.0003731227378001898 3.348688789685874e-06 5.65164896322538e-06 2.538050993753788e-06 7.556948449895244e-06 2.3317431024388845e-07 1.4691513671945252e-05 9.757694719414974e-07 1.0694911742390296e-06 3.2934770362535e-07 2.5667515469320064e-06 7.627426251976836e-06 5.209523105609768e-06 4.247797910904187e-06 0.0 0.0 2.2629644641515688e-05 1.294793282011456e-05 1.7254941492500597e-05 5.33141075021259e-06 7.233242328947474e-06 0.000129417002187756 0.00022633104770132143 7.283529024198625e-06 6.505415388293338e-05 1.9111034573829207e-06 0.0 9.225372366312073e-07 5.212944150759589e-07 4.179559093290414e-06 8.487418571529786e-08 4.597685042184594e-07 2.3179788683030728e-07 5.545373606374666e-07 1.1820119848274958e-06 5.011452738318384e-06 1.0751583833920012e-05 1.3358153571591413e-06 4.564094510927926e-06 8.7013641899367e-07 0.0 2.5736120498198637e-06 9.082685868930673e-06 0.0 0.0 0.0 0.0 0.0 0.0 0.0 0.0 1.9082174353281536e-07 1.1202749750201728e-07 0.0 1.238105302754037e-07 1.5442806747945833e-07 6.618682397187775e-07 1.1827855883473237e-06 0.0 3.3143194677809824e-07 0.0 0.0 0.0 0.0 0.0 3.071247195926759e-07 0.0 0.0 3.5798682883668694e-07 0.0 0.0 0.0 0.0 0.0 0.0 0.0 0.0 0.0 2.5148987511271733e-07 0.0 0.0 0.0 1.1899851027101579e-07 4.10752552368972e-07 5.993795291271611e-07 0.0 2.817199647421971e-07 0.0 0.0 0.0 0.0 0.0 0.0 0.0 0.0 0.0 0.0 0.0 2.3299558447155457e-07 2.8763024754109644e-07 1.311412961625969e-07 0.0 0.0 0.0 0.0 0.0 0.0 0.0 0.0 3.9320953298318487e-07 0.0 0.0 0.0 0.0 9.101125938621761e-08 0.0 7.292517170358545e-08 0.0 0.0 5.521145594540785e-07 0.0 0.0 0.0 1.2108792681142323e-07 0.0 0.0 1.6968406477921395e-07 0.0 0.0 0.0 3.230961009075784e-07 0.0 0.0 0.0 0.0 0.0 0.0 9.243660669557755e-08 0.0 0.0 2.8221137473650577e-06 1.552347312136499e-06 3.1554026998499163e-06
0.00028487111917701967 0.0005085797970307771 1.1194690532858045e-06 0.0 2.1434358795121013e-05 0.00020413403191053058 0.0006149913220478299 0.0 3.3777457501127116e-07 0.0012194954309514942 0.0 6.262525936264179e-05 0.0002865825673280065 2.296299873196654e-06 0.0 0.0 0.0 0.0 0.0 0.0 0.0 0.0 0.0 0.0 0.0 0.0 0.0 0.0 0.0 0.0 4.597718342861864e-06 0.0 0.0 0.0 0.0 0.0 0.0 0.0 0.0 0.0 0.0 0.0 0.0 0.0 0.0 0.0 6.297570980919572e-07 0.0 0.0 0.0 0.0 0.0 0.0 0.0 8.656911255317453e-08 0.0 7.675231060873457e-08 6.313895025132133e-06 1.9343830285533453e-07 3.6290678233393875e-07 7.020044529566517e-08 0.0 0.0 1.0748732424782944e-07 8.184466226871312e-08 0.0 0.0 0.0 0.0 0.0 0.0 0.0 0.0 2.0848915300570304e-06 3.974140406319712e-07 6.086684325489282e-07 0.0 0.0 0.0 0.0 0.0 0.0 1.484707432658143e-07 0.0 0.0 7.714671786684048e-08 0.0 0.0 9.542701026257176e-08 0.0 0.0 0.0 0.0 0.0 0.0 0.0 0.0 0.0 0.0 3.15710123363138e-06 0.0 0.0 0.0 0.0 0.0 0.0 0.0 0.0 0.0 0.0 0.0 0.0 0.0 2.5317677048954e-07 0.0 0.0 0.0 0.0 0.0 0.0 0.0 0.0 0.0 0.0 0.0 0.0 0.0 0.0 0.0 0.0 0.0 0.0 0.0 0.0 0.0 0.0 0.0 0.0 0.0 0.0 0.0 0.0 0.0 0.0 0.0 0.0 0.0 0.0 0.0 0.0 0.0 0.0 0.0 0.0 0.0 0.0 0.0 0.0 0.0 0.0 0.0 0.0 0.0 0.0 0.0 0.0 0.0 0.0 0.0 0.0 0.0 0.0 0.0 0.0 0.0 0.0 0.0 0.0 0.0 0.0 0.0 0.0 0.0 0.0 0.0 0.0 0.0 0.0 0.0 0.0 0.0 0.0 0.0 0.0 0.0 0.0 0.0 0.0 0.0 0.0
1.9985248673464774e-05 0.0005533042414155089 0.0003809660464687428 2.1434358795121013e-05 0.0 6.105163982245034e-06 0.0010872264151647576 0.0006839804393578578 0.002510886693609237 0.00013636294259034357 0.00034603911548196164 4.846546616514621e-06 0.0005896902030615883 0.001108491193507131 4.747925303881667e-07 7.523812256123177e-08 6.90966106321077e-08 0.0 0.0 0.0 0.0 0.0 0.0 0.0 0.0 0.0 0.0 0.0 0.0 0.0 6.169509317237945e-05 5.592979009689054e-06 1.4514689734474208e-06 0.0 0.0 0.0 0.0 0.0 0.0 0.0 0.0 0.0 0.0 7.63012228085454e-08 0.0 0.0 6.5194966150593585e-06 9.956611887134713e-08 3.111542664311965e-07 0.0 0.0 0.0 0.0 0.0 0.0 4.0069580279637953e-07 1.6394975136071104e-06 2.4537281173426358e-05 3.1891284605744425e-06 5.363900655267901e-06 0.0 0.0 0.0 1.6654965553533712e-06 6.344050262094217e-07 3.6458936998956313e-07 0.0 0.0 0.0 0.0 0.0 0.0 0.0 1.0803641270528057e-05 4.072750513381255e-06 8.191549542687692e-06 6.402018998315735e-07 0.0 7.830348872151935e-08 9.41308877187929e-08 0.0 3.985300014963502e-07 9.736832982151337e-07 0.0 4.7405555280407833e-07 6.001890578051161e-07 0.0 0.0 8.252142794118725e-08 0.0 0.0 0.0 0.0 2.7516252756008163e-07 0.0 1.3347623357427649e-06 0.0 0.0 4.4257370947212566e-07 1.7328424105312428e-06 0.0 0.0 0.0 3.4174703595595296e-07 0.0 2.178456862762101e-07 1.1460727287031663e-07 0.0 0.0 2.3488780081809348e-07 0.0 1.4551159850250136e-06 9.25019370319011e-08 0.0 2.9604818744765897e-07 0.0 0.0 0.0 0.0 0.0 0.0 0.0 0.0 0.0 0.0 0.0 0.0 0.0 0.0 0.0 0.0 0.0 0.0 0.0 0.0 0.0 0.0 0.0 0.0 0.0 0.0 1.6099350177078406e-07 0.0 0.0 0.0 0.0 0.0 0.0 0.0 0.0 0.0 0.0 0.0 0.0 0.0 0.0 0.0 0.0 0.0 0.0 0.0 0.0 0.0 0.0 0.0 0.0 0.0 0.0 0.0 0.0 0.0 0.0 0.0 0.0 0.0 0.0 0.0 0.0 0.0 0.0 0.0 1.1680176483019326e-07 0.0 0.0 0.0 0.0 0.0 0.0 0.0 0.0 0.0 0.0 0.0 0.0 0.0 0.0 0.0 1.3274848358243923e-06 5.300299309070374e-07 1.1183374623325481e-07
0.0002653519451955708 7.475677714184559e-05 0.0 0.00020413403191053058 6.105163982245034e-06 0.0 0.0001121510286556183 9.459492753812572e-07 3.767365130689974e-06 0.0008009318521964815 1.0782391735301044e-06 8.842798783154554e-05 5.409123367298627e-05 1.1965287235807428e-05 0.0 0.0 0.0 0.0 0.0 0.0 0.0 1.7549234321346963e-07 0.0 0.0 0.0 0.0 0.0 0.0 0.0 0.0 1.3520806789560292e-05 0.0 1.028842974252479e-05 0.0 0.0 0.0 1.7178250623599479e-06 1.6525924501612653e-07 8.314302730084784e-07 0.0 0.0 0.0 0.0 0.0 0.0 0.0 0.0 3.15561374383679e-07 0.0 0.0 0.0 2.6322616121017785e-06 0.0 0.0 0.0 5.391354504464667e-07 1.7113806399954147e-05 8.308353746498788e-06 2.276809653903324e-06 0.0 0.0 1.4816559171612302e-06 0.0 0.0 0.0 0.0 0.0 0.0 0.0 0.0 4.058480257350904e-05 0.00010171457981412774 8.482703423724596e-06 7.276839675936753e-08 2.043376000980337e-07 9.946599698773748e-08 0.0 0.0 0.0 1.0602424349929018e-06 0.0 2.2666515801325928e-07 0.0 6.674416339866401e-07 0.0 1.0885511710420275e-06 1.5557628472505918e-07 3.6129186025297184e-06 1.7788818919215349e-06 4.64840178816686e-06 1.1264836104518611e-06 3.936320029494354e-06 0.0 8.204038121108193e-07 3.170173772783451e-07 0.00039631369770965787 1.4262538902407479e-05 5.616390684309561e-07 9.234010109925651e-06 0.0003487133506294016 0.0 3.2075422304940026e-06 1.3353871270757414e-06 0.0 4.948269859410282e-07 5.161372957628563e-06 1.7978659024462976e-06 2.232785402811812e-07 7.5839064989320784e-06 3.0033382549456897e-05 5.313979216300304e-06 1.4690520278459146e-05 1.0474387862713628e-05 9.804126031675096e-06 9.286604156683925e-06 0.0 0.0 0.0 0.0 0.0 0.0 0.0 0.0 0.0 0.0 0.0 0.0 0.0 0.0 2.5565903471434994e-07 0.0 1.703490752507785e-07 4.150565360867067e-07 0.0 1.5806607749993153e-06 3.789817138464508e-07 0.0 0.0 0.0 1.7465473533848513e-07 0.0 3.13332457754207e-06 1.7709450908080192e-06 4.879395649484572e-07 0.0 0.0 0.0 0.0 0.0 1.1393012932756196e-06 0.0 7.343195758312843e-07 0.0 0.0 0.0 0.0 5.511073180527471e-06 0.0 0.0 0.0 0.0 0.0 1.485566228750313e-07 2.879648001467624e-07 0.0 0.0 2.433835957431879e-06 0.0 0.0 0.0 0.0 0.0 0.0 0.0 0.0 0.0 7.590526497691916e-06 2.712820168824331e-06 6.559998455580699e-07 0.0 0.0 8.567786152612547e-07 0.0 8.428712507335376e-07 7.546890649156234e-07 6.746768605261716e-07 0.0 0.0 0.0 0.0 8.457781861907415e-08 0.0 0.0 9.64844355853083e-08 0.0 0.0 0.0 1.7388003496428885e-05 7.652679267863381e-06 9.3899086355556e-06
0.0006638265576348826 0.0023282999542273176 0.0003185423259172161 0.0006149913220478299 0.0010872264151647576 0.0001121510286556183 0.0 5.256534479667202e-05 0.0006875262975621603 0.002131023936578458 0.00021550362374252033 5.1842739907185925e-05 0.0012867539598197329 0.0009486324812859544 8.613096598565012e-06 1.6368370251468847e-06 7.413344421639335e-07 0.0 0.0 1.1234769103702215e-07 1.5194293144051615e-07 0.0 0.0 1.4345406871747782e-07 9.222692304171319e-08 2.029575628704967e-07 0.0 4.181580197754466e-07 0.0 2.6134278084487207e-07 0.0001898836506546222 1.7866798937235984e-05 1.0532154816205327e-05 0.0 1.0245631811030681e-07 1.0396447397405819e-07 6.671409316877432e-07 2.1936415456343627e-07 0.0 1.9483748093017382e-07 8.986037643754666e-08 2.005352357425515e-07 0.0 2.832400613068139e-07 1.9045125202828413e-07 9.038154199885696e-08 6.764451421536497e-05 2.5196796552315494e-06 8.001202575986472e-08 1.1144821961377884e-06 7.325300508862629e-07 0.0 7.502306627901477e-08 3.147831745871665e-07 4.203614638257881e-06 6.159486764925743e-06 1.4632689025186433e-05 0.00024354780837684164 1.6987694007596243e-05 4.62036104940033e-05 2.3655697751394244e-07 2.3592665690820667e-06 0.0 1.2302284091947997e-05 6.826042904567299e-06 2.5357223647146836e-06 7.493749583639089e-08 2.408917130021456e-07 2.764581554373114e-07 4.354198624502883e-07 1.7421570105061617e-05 1.5187947671485794e-07 0.0 9.517590936025543e-05 3.0415353093555902e-05 0.00010226305401939157 9.795073668178584e-06 1.969287593405091e-07 4.5849647605784257e-07 1.3681842681506183e-06 2.1379240231370192e-07 1.5460048900143878e-06 9.264015311775253e-06 1.010687715697399e-07 2.512869251072524e-06 4.950706284534876e-06 6.908786121752066e-07 4.040954467475837e-07 1.3414775784244088e-06 9.582774513028472e-08 4.1951298702746087e-07 6.460686863259965e-07 1.0467050054698477e-07 1.257301772561633e-06 8.549000915596095e-07 6.98076286928108e-05 1.5045841514151632e-06 0.0 2.6218298365812885e-06 5.3066380727211324e-05 0.0 6.702056108111569e-07 1.3628548640358734e-05 2.9237057524770983e-06 0.0 2.2885663058348317e-05 1.1109844639321211e-06 7.872715825415144e-07 1.043605259984399e-05 9.667263532131619e-06 2.2852184562194656e-06 1.0028327764014622e-05 8.8742775203928e-06 6.543253230283063e-06 8.348176945736987e-06 0.0 0.0 0.0 0.0 0.0 0.0 0.0 6.591291611105649e-07 0.0 0.0 0.0 0.0 0.0 0.0 0.0 2.62256897146116e-07 0.0 0.0 0.0 1.3371097895922106e-07 4.804054086651629e-07 0.0 0.0 0.0 2.111623124869913e-06 3.972927305311755e-07 1.0968349724952879e-05 2.674667156226185e-06 0.0 0.0 0.0 0.0 0.0 0.0 0.0 0.0 1.794573017154903e-07 0.0 0.0 0.0 0.0 0.0 0.0 0.0 0.0 0.0 1.1728660400384164e-06 2.56483863703483e-07 4.135221903773284e-07 0.0 0.0 4.7552788656523306e-07 1.4612267108318254e-07 1.0937245724420011e-07 0.0 0.0 0.0 0.0 0.0 0.0 0.0 1.4904596591890545e-05 0.0 0.0 0.0 0.0 1.7994586737714183e-06 0.0 4.895443319373934e-07 1.0217541277892656e-06 8.01684619949039e-07 1.397609981878696e-07 0.0 0.0 0.0 0.0 0.0 7.171198138083534e-08 7.316210323986221e-08 7.516441724541732e-08 0.0 0.0 2.559351510552018e-05 4.531096624548911e-06 1.1677112092451405e-05
0.0 0.0002134079010624081 0.001653029200601159 0.0 0.0006839804393578578 9.459492753812572e-07 5.256534479667202e-05 0.0 0.00040516816240572284 1.314861711537723e-05 0.0010973493309708274 1.646569733090943e-05 0.00012640007976691685 0.0005475523190564321 2.8660926437173494e-05 0.00011417324397585049 1.5141458373313528e-05 8.125833606918705e-06 7.1289226500393255e-06 1.7978897439998898e-05 2.2863005791437386e-05 9.26040504980003e-06 1.8236561399458925e-06 2.380722847445126e-06 7.66509341957935e-06 2.3606245730370628e-06 1.927756949517175e-06 3.2673834925852562e-06 1.3540791606699028e-06 6.097480285515802e-07 0.0012882130924009518 0.0016990275044089422 7.204820392580811e-05 5.258233958124366e-06 5.35074470296899e-06 1.4346457529757309e-05 6.846202579460768e-06 3.7362920605571572e-06 7.73568877367004e-06 7.082002181265842e-06 1.1873306326929464e-05 3.435960368586896e-05 3.710163402434297e-05 0.0001421164176390143 1.0863390201733854e-05 1.0815520144945328e-05 9.692196162799871e-05 4.385336688323956e-06 1.0276600266058738e-05 5.766254639422002e-05 1.2051896203369649e-05 7.003522941641651e-06 2.0421417186255633e-06 5.2670085320017175e-06 2.787194610461221e-06 4.533602172453373e-06 1.4784375767447099e-05 0.00020283764041242677 1.4894954125552819e-05 4.524993895164272e-05 3.473425818728097e-05 4.0419404959266546e-05 5.187192057547224e-06 8.311924173389027e-05 4.838462988750818e-06 5.509097798367367e-06 6.740081744073326e-07 1.7706907291462557e-05 4.068675765012737e-05 4.9911168817501255e-05 1.7445021847672593e-05 8.068083829348848e-07 0.0 9.34044715059905e-05 5.568761262873104e-05 0.00015632807608142286 8.799465368250691e-05 0.0005914040820727011 0.0013597947923534941 0.00019755791818750246 0.00016749417083422585 0.0004351397852181927 7.3700855708473785e-06 0.0 3.832816584744048e-06 3.836364450030392e-06 3.2294949314724025e-05 3.9527523988107967e-07 2.025401522437843e-06 9.303878008763323e-07 1.0392682435337746e-06 2.909298369383045e-06 2.6861859937790348e-05 5.335005757908099e-05 6.199065186666568e-06 1.7471708352255456e-05 5.820334007686494e-07 0.0 6.302857228126056e-06 6.7622324243454075e-06 0.0 0.0 4.30879572399832e-07 0.0 0.0 2.435012027152341e-07 0.0 0.0 0.0 7.257167474316306e-07 0.0 1.4035723420726249e-06 4.816915897853789e-07 6.754911022770803e-07 2.002607054263227e-06 1.0249465476786138e-07 1.6102011757927265e-07 0.0 0.0 0.0 0.0 0.0 0.0 0.0 0.0 0.0 0.0 1.5146691107217916e-07 0.0 0.0 0.0 9.12119387348148e-07 0.0 0.0 1.4397514496399455e-07 0.0 0.0 7.665622712786877e-07 0.0 5.381555022719815e-07 4.48229905424011e-07 4.9256469031208245e-06 2.243182524192391e-06 1.4640514491974555e-06 0.0 3.1128035830863334e-07 0.0 0.0 0.0 0.0 0.0 0.0 5.416218643739941e-07 0.0 0.0 1.1121352781771048e-06 3.730446750835406e-06 1.030498726247815e-06 0.0 0.0 0.0 1.2841539492162254e-07 0.0 0.0 9.21681236779113e-07 0.0 3.7578366712510725e-07 3.3107608915897763e-07 0.0 0.0 0.0 0.0 0.0 2.253921886121253e-07 0.0 0.0 5.583079653393865e-06 8.429930348897762e-07 0.0 2.0338657617593268e-07 7.725956229927795e-07 1.2928843466225943e-06 0.0 0.0 0.0 0.0 0.0 0.0 4.181907433417427e-07 0.0 0.0 1.0487568410932624e-07 0.0 0.0 4.299274698298392e-07 1.932045179479395e-07 0.0 4.133098616315002e-06 5.1080914549040586e-06 1.120708734376332e-05
4.129335076413254e-06 0.00035489974391559866 0.0005730496777727335 3.3777457501127116e-07 0.002510886693609237 3.767365130689974e-06 0.0006875262975621603 0.00040516816240572284 0.0 6.55510942423906e-05 0.00045846396539740334 5.822688345645414e-06 0.000849815202466672 0.0004978819424483826 6.336585056831572e-07 0.0 7.373071556767274e-08 0.0 6.622181475985715e-08 0.0 0.0 0.0 0.0 0.0 0.0 0.0 0.0 0.0 0.0 0.0 3.429066543036588e-05 8.342981208768249e-06 9.000925526697474e-07 0.0 0.0 0.0 0.0 0.0 1.8667608059226454e-07 0.0 0.0 0.0 0.0 6.431648287939869e-08 0.0 0.0 1.1458029691709884e-05 0.0 0.0 6.573143532085899e-08 2.8567685743132006e-07 0.0 0.0 0.0 2.8932509193454817e-07 4.3089764833998e-07 7.35859692650402e-07 2.1643180719245764e-05 2.315994733293197e-06 5.238948407115722e-06 0.0 7.030343212303827e-08 0.0 3.2787242591119126e-06 6.501318498787491e-07 7.233879947258883e-08 0.0 6.967213455086801e-08 1.8034994811442988e-07 0.0 2.477501753904886e-06 0.0 0.0 1.1451126242147047e-05 2.8623642697979844e-06 1.4372086183054575e-05 1.0084676247436069e-06 0.0 8.987550498950634e-08 4.291001400264857e-07 8.969235469970567e-08 1.425867258865979e-07 9.616071411595672e-07 0.0 4.0760009054420086e-07 2.2013075030715148e-07 1.636277385520645e-07 1.6107624849185684e-07 2.3995235496616066e-07 0.0 0.0 0.0 0.0 8.859527360861703e-08 8.85406404364175e-08 2.8625408245337976e-06 1.4399695426251446e-06 0.0 0.0 1.335050884359366e-06 0.0 0.0 0.0 0.0 0.0 0.0 0.0 2.3345172199276577e-07 8.471182241314896e-07 1.071890279520643e-06 0.0 3.4544461344745294e-07 6.404239226676901e-07 1.99281901855269e-07 7.421831800362726e-07 0.0 0.0 0.0 0.0 0.0 0.0 0.0 0.0 0.0 0.0 0.0 0.0 0.0 0.0 0.0 1.30406317855811e-07 0.0 0.0 0.0 0.0 0.0 0.0 0.0 0.0 0.0 0.0 5.804817279893155e-07 0.0 2.0472073308104163e-07 0.0 0.0 0.0 0.0 0.0 0.0 0.0 0.0 3.17601179991434e-07 0.0 0.0 0.0 0.0 0.0 0.0 0.0 0.0 0.0 0.0 0.0 0.0 0.0 0.0 0.0 0.0 0.0 0.0 0.0 0.0 0.0 0.0 0.0 1.0775582581549124e-06 0.0 0.0 0.0 0.0 6.852290873513652e-07 0.0 0.0 0.0 0.0 0.0 0.0 0.0 0.0 0.0 0.0 0.0 0.0 0.0 0.0 0.0 1.9715099790620413e-06 0.0 0.0
0.0011089450501552357 0.0006928952503499497 3.208726260910721e-05 0.0012194954309514942 0.00013636294259034357 0.0008009318521964815 0.002131023936578458 1.314861711537723e-05 6.55510942423906e-05 0.0 5.982627066498389e-05 0.001979183010402604 0.0036494516725249426 0.00022346067678624137 1.8117395746857263e-06 8.546441703241426e-07 7.13177321412104e-08 0.0 0.0 1.2256659505255382e-07 0.0 0.0 0.0 0.0 0.0 0.0 0.0 0.0 1.491930663533859e-07 0.0 2.4138425818748082e-05 1.299234491039166e-06 0.00015046414926806083 0.0 0.0 6.092293775452278e-07 1.3301090803413816e-05 4.212581019089641e-07 4.557166465445011e-06 5.268696712137494e-07 1.5136356698563175e-07 0.0 0.0 2.8600115944682996e-07 0.0 9.651627974440594e-08 1.1438230491323327e-05 9.230071080195242e-08 0.0 2.3563895197288705e-07 1.625017400789603e-07 0.0 1.2191344283743006e-07 1.2012911189117404e-07 3.197332409105942e-07 1.059190361687412e-06 1.4592815445534282e-06 0.00010346972331791391 3.6166656810279707e-06 6.282865794822227e-06 0.0 8.707899628198118e-06 1.1633728668133502e-07 3.3414552669977894e-06 1.0070172899031487e-06 2.538724846389918e-07 0.0 0.0 2.2130825593467975e-07 0.0 0.00019173122013664353 4.493859164159075e-06 1.3326774399049872e-07 1.3947185789511336e-05 3.5649676059271033e-06 1.4594219529052397e-05 2.146626904716595e-06 3.0250802417149135e-07 2.0275132127136978e-07 1.0288051240170305e-05 1.1399708794127629e-07 5.169661274288159e-06 1.0752820637700115e-06 0.0 7.303010284531122e-08 1.5265808186312596e-07 0.0 2.206495868134598e-07 0.0 5.334772071246977e-07 0.0 3.520263442534236e-07 4.963996683079609e-07 3.5809046147872135e-07 0.0 0.0005041631552805792 6.195450805218257e-05 0.0 2.009547732293139e-05 2.904540807356453e-05 2.392203494679275e-06 2.569572684537381e-05 2.3067773662118342e-05 9.832255980118563e-06 3.52506433254127e-06 4.026754148364047e-05 1.5286491348952013e-05 8.526483893522199e-06 6.019122650731227e-05 0.00018565884566249365 3.4490104436943065e-05 0.00014640843726914822 0.00012654440413272381 0.00010754639347284497 0.00012741952747756915 1.582712418252405e-07 0.0 0.0 0.0 0.0 0.0 1.0761189777377533e-07 0.0 0.0 0.0 1.0897338500572146e-07 0.0 0.0 0.0 0.0 0.0 3.220741088245679e-06 0.0 0.0 4.993375286689254e-06 5.446020468934176e-06 0.0 2.04794204804319e-06 1.415521033177007e-07 3.088403250724893e-05 6.499547427652898e-06 9.127887001133194e-05 1.7348021550450644e-05 6.26335074601628e-06 0.0 0.0 0.0 0.0 4.207084037062875e-07 9.91105996833223e-07 0.0 2.5196166195983845e-06 1.5756611389654478e-06 0.0 0.0 0.0 4.025112413982046e-06 0.0 0.0 3.9905910233355215e-07 1.02720470047521e-07 2.4629442189020772e-06 2.6674421596657037e-06 7.170814084471115e-07 0.0 1.2636719784549177e-06 2.969590476750471e-05 4.152718053503545e-06 1.4639755384932767e-06 7.199407322489656e-07 0.0 0.0 8.448041740148454e-08 0.0 0.0 1.47461128839121e-07 0.00015358704907098814 0.0 0.0 0.0 0.0 1.4941643612529354e-05 0.0 4.7917087279378275e-06 7.476990342789229e-06 3.3187650910206058e-06 3.6652419842412175e-06 1.3767744894236389e-06 1.397574372757531e-06 1.695648089186708e-07 0.0 0.0 0.0 0.0 0.0 0.0 0.0 0.00025390531825485434 3.859933193646899e-05 9.496215108993363e-05
3.8547636959904424e-07 0.0002291855134997931 0.0007771763106121708 0.0 0.00034603911548196164 1.0782391735301044e-06 0.00021550362374252033 0.0010973493309708274 0.00045846396539740334 5.982627066498389e-05 0.0 0.0006089735922193953 0.0016013281622621622 0.002122762759902135 1.1018498861681172e-05 3.900277765931545e-06 1.099281470954525e-06 4.882022466267615e-07 1.5348396888904469e-07 1.4253216691438072e-06 4.139029317849789e-06 6.21011470452171e-06 3.076161433277222e-07 3.9768786604836764e-07 1.1839653268446913e-06 0.0 5.849549357594202e-07 8.505493000196672e-07 2.3855931900097256e-07 5.07568826764295e-07 0.0005893112411687557 0.0002787619264448989 0.0008199375912998012 7.391170100428427e-07 1.098876181032339e-06 2.5217630189770996e-06 5.4032625806972216e-05 1.3875733624865048e-06 5.1214468265259406e-06 3.292112223763086e-06 3.3663416800085096e-06 9.581815601923066e-06 2.3667398538983477e-06 3.500035881527274e-06 5.594068924985549e-07 2.1217719923465366e-07 4.463414406423212e-05 1.6433284449558025e-07 6.074815763495484e-07 2.730400453090151e-06 2.985159799277605e-06 3.2481936664242294e-06 1.0167139634502159e-06 3.9275981238637444e-06 1.1407573373924974e-06 1.7438606750789984e-06 6.472897707024258e-06 8.426170449604409e-05 7.4401322160684895e-06 1.5495080587428366e-05 1.3165801453422344e-06 9.66317136188206e-06 1.2668193218549793e-07 1.2884350635375433e-05 1.7711205394144657e-06 1.4557108009391885e-06 0.0 3.769545778856845e-06 3.7372363996104765e-06 6.884390122532189e-06 0.00014553816336033537 9.044931681237731e-07 2.137231009042481e-07 3.0137523152203913e-05 1.9412700373237924e-05 5.733326731870799e-05 1.8422545269789794e-05 2.3515133167397387e-06 3.307268525142093e-05 0.0002818888817440474 4.755850432238699e-06 9.476650167569642e-05 2.671836598658235e-06 0.0 1.0357717960870607e-06 1.8930572040982276e-06 2.9690067241910742e-06 9.494187772417831e-07 5.690915703818066e-07 5.599322902070074e-07 5.277981397152856e-07 2.2388046565292554e-06 5.377915925807007e-06 1.690333584840644e-05 3.850457012217793e-06 0.00018757760339768687 3.513755183451543e-06 0.0 1.0090341560367265e-05 4.704835175605163e-07 0.0 0.0 2.1083892010830235e-07 0.0 0.0 9.696752487603919e-07 1.2843178762142984e-07 1.7980524466982542e-07 2.169487211634822e-06 2.933115986610767e-06 2.5950309396362546e-06 4.084222098599039e-06 3.808378786200772e-06 4.0776657881573964e-06 5.590175377096183e-06 4.6416304626652133e-07 0.0 0.0 0.0 0.0 0.0 0.0 0.0 0.0 0.0 0.0 0.0 4.838937422063977e-07 0.0 0.0 0.0 0.0 0.0 0.0 2.3695200997560355e-07 9.57494078118676e-07 0.0 0.0 0.0 2.950879146351637e-06 7.850259200752818e-07 8.919651510385718e-06 5.403761387330513e-06 2.961094518997638e-06 0.0 0.0 0.0 0.0 0.0 1.4122996546834308e-07 0.0 1.4747704061311676e-07 1.0389412139818757e-07 0.0 3.80190926225702e-07 0.0 3.3230567149449825e-06 3.1159015697573863e-07 0.0 0.0 0.0 0.0 7.913950541910435e-07 0.0 0.0 3.348969210656258e-07 1.9279823044821296e-06 0.0 0.0 2.3986462722775327e-07 0.0 0.0 0.0 0.0 0.0 0.0 1.3146716475958624e-05 0.0 0.0 8.440065242044373e-08 0.0 6.179470716398016e-07 0.0 4.134925516065955e-07 5.966895186924707e-07 1.958651712970151e-07 4.1905650598781286e-07 0.0 2.472838353717025e-07 0.0 0.0 0.0 0.0 0.0 9.804783608407685e-08 0.0 0.0 1.5830635098967322e-05 7.089226064826587e-06 1.7261839741194295e-05
0.0002319582141811253 4.8604789830012094e-05 5.192917758958515e-05 6.262525936264179e-05 4.846546616514621e-06 8.842798783154554e-05 5.1842739907185925e-05 1.646569733090943e-05 5.822688345645414e-06 0.001979183010402604 0.0006089735922193953 0.0 0.001529476786369219 0.000399412814391479 4.110131330885165e-06 2.2578440216149333e-06 5.583029685202039e-07 0.0 0.0 2.3616718027325936e-07 4.251318356548899e-07 1.8409257049151944e-06 8.730812376640919e-08 0.0 1.1182440940214075e-07 0.0 0.0 0.0 0.0 0.0 2.5850183665346435e-05 3.873315519099411e-06 0.00032217420967797886 9.280358744168391e-08 2.610152841078995e-07 9.076460627817747e-08 5.491475929820691e-05 7.191838718177512e-07 3.2976919318998173e-06 2.2053216534136952e-07 2.4930818264979844e-07 2.6052630072782868e-06 5.736271954518902e-07 3.8605497831336757e-07 0.0 8.166081120130124e-08 1.0431814564795763e-05 7.978610192837897e-07 2.4387833786633417e-07 2.1802739378857597e-07 9.127580980481858e-07 1.4279357551335812e-06 1.2741898534364247e-07 4.7672282231824803e-07 7.45043122171313e-08 4.2895562182009534e-07 1.7607315388097343e-06 1.1812113148029911e-05 1.4567530564877528e-06 3.0388486599052864e-06 1.8681046500476738e-07 3.282354060415818e-06 0.0 3.240652536716667e-06 2.5546208872412464e-07 2.836878169781656e-07 0.0 3.799893015143666e-07 1.8500392559156787e-06 8.338680653364514e-07 0.00012524820305375993 4.125255994216138e-06 2.878939254228677e-07 5.672714564940558e-06 4.0532622521430136e-06 1.4554346622696383e-05 5.08416341023962e-06 7.938278861127881e-07 1.094247517428814e-06 7.364163917588219e-06 5.293162713544437e-07 6.106102144836858e-06 3.4734111003371513e-07 8.706129202878188e-08 2.509874038247414e-07 2.0985607950857856e-07 6.31922549003181e-07 1.3552334100992546e-07 0.0 1.3435724019450123e-06 5.030305359911412e-07 3.601648662634376e-07 1.8222682292757824e-06 4.2143180544175086e-06 1.1796150986749858e-06 0.0007689999822134023 3.604680508265594e-06 3.144067745655212e-07 8.955054176970922e-06 1.949337210554468e-06 5.608098973687809e-07 1.7522973573514763e-06 2.3602216259106166e-06 4.689067404538161e-07 3.8241592949314137e-07 6.785296224715267e-06 1.6302815941124405e-06 1.8335719782556817e-06 1.2493865485281732e-05 2.7046893004050916e-05 7.546585845247201e-06 2.4519289738813823e-05 2.3769580214103514e-05 1.8704967667902065e-05 2.2793735161235534e-05 4.82786486099209e-07 0.0 1.0400390989061071e-07 0.0 0.0 0.0 0.0 0.0 0.0 0.0 0.0 0.0 0.0 0.0 0.0 0.0 2.689309244857045e-07 0.0 0.0 1.181572837728173e-06 2.5323553756260875e-06 0.0 0.0 0.0 5.589901675346425e-06 3.54008420900826e-06 1.7486546356321226e-05 8.933189798704863e-06 1.7353699023934506e-06 0.0 6.277165710954848e-07 0.0 0.0 1.2188212769672514e-07 0.0 0.0 7.410295764215816e-07 1.2746811328937271e-06 0.0 0.0 2.0524503840086484e-07 4.231590752274955e-06 0.0 0.0 3.1403235321007224e-07 0.0 0.0 6.381968239377859e-07 0.0 0.0 0.0 5.053641934531252e-06 5.325505867523518e-07 5.497795890646289e-07 5.263091040877303e-07 0.0 0.0 0.0 0.0 0.0 0.0 3.7290896345320514e-05 5.433761580681303e-07 0.0 0.0 0.0 3.2555110969257033e-06 0.0 1.3934302831314205e-06 1.0205528712970122e-06 4.6393176217334665e-07 1.0775330782534907e-06 1.0161800258734233e-07 2.64923088012394e-07 0.0 0.0 0.0 0.0 3.444747097520616e-07 0.0 0.0 0.0 6.261029361093972e-05 1.2131747070890044e-05 2.9269117365354442e-05
0.0004298763707684478 0.0004510862388910017 0.0005254396789717528 0.0002865825673280065 0.0005896902030615883 5.409123367298627e-05 0.0012867539598197329 0.00012640007976691685 0.000849815202466672 0.0036494516725249426 0.0016013281622621622 0.001529476786369219 0.0 0.005346355107517715 9.343261861661505e-06 2.8894418082878996e-06 1.08768593741435e-06 7.418385760811438e-08 0.0 1.038367545062675e-06 5.475447474291578e-07 1.7675484354672162e-06 0.0 0.0 7.669874165665247e-07 1.1130541487735148e-07 8.282346309161929e-08 1.9825190304453195e-07 1.0783526720216456e-07 0.0 0.00011324617373175968 1.2483217945831052e-05 0.0006778720602972474 2.042844440551127e-07 1.0310336943799187e-07 0.0 0.00019980936643171167 9.891491371872348e-07 4.450866375266842e-06 3.479524560550721e-07 8.331327229001224e-08 2.4879759883041736e-06 5.312950955692858e-07 6.508948386788771e-07 0.0 0.0 3.2481477936592066e-05 6.897344965397419e-07 3.569038869644597e-07 1.087323539204191e-06 1.0988151858986883e-06 1.7970254983312365e-06 2.2813506653424972e-07 1.264794266928904e-06 1.0968444481078503e-06 1.6906885692358975e-06 4.554368583350775e-06 5.699194109283721e-05 7.366246628648739e-06 1.4263268480604438e-05 3.657297962370158e-07 9.216464253077577e-06 1.7116267805739472e-07 8.280147117869836e-06 2.1589000695957055e-06 9.083574619830539e-07 2.941692583942581e-07 1.074192361454947e-06 1.4930080060555647e-06 1.8106178908041894e-06 0.00020900769934885813 1.8744429430781731e-06 3.656786188602912e-07 3.264091554717711e-05 1.30221996099437e-05 5.170650230890132e-05 1.0814256010838393e-05 1.0312762183963472e-07 2.381247661172236e-06 1.883723329303816e-05 2.1587996385455026e-07 1.0046728122974405e-05 3.4909456622990227e-06 0.0 1.0138388790224786e-06 1.8222970985652166e-06 7.798565584521261e-07 1.7652190232060746e-07 2.4753371068268056e-07 4.0133346233000056e-07 1.4847518839438739e-07 6.044025862480546e-07 1.1104904431976917e-06 4.3481224429100825e-06 1.6263546356199062e-06 0.0005377096484698445 5.235560442791372e-06 1.2756481579046174e-07 1.160889186605543e-05 3.048826647570673e-06 7.026976594215143e-07 2.6293118467658655e-06 2.4997076788119858e-06 1.3911351677510168e-06 3.574352893751887e-07 6.725171546172859e-06 1.7504735836182985e-06 6.980176879042586e-07 1.0527371184564562e-05 2.2553569824838515e-05 6.6033488815175555e-06 3.053317196151471e-05 2.6790923195077093e-05 2.3351809215939778e-05 2.0977509709819754e-05 9.215050393024745e-08 8.847151765655088e-08 0.0 0.0 0.0 0.0 0.0 0.0 0.0 0.0 0.0 0.0 2.2786792598663473e-07 0.0 8.034443893270589e-07 0.0 1.1785444753739046e-06 0.0 2.8985329962381427e-07 1.6598336264401234e-06 5.361155936086955e-07 0.0 2.7632208091409917e-07 0.0 7.410193842295598e-06 1.4877528610083543e-06 2.1018155113566222e-05 6.087273603886253e-06 2.097967470041627e-06 1.1077520104041408e-07 0.0 0.0 0.0 8.772143140891158e-07 0.0 0.0 1.0709266690830152e-06 3.9169350367686047e-07 0.0 0.0 1.324095112685645e-07 3.5967152088625547e-06 0.0 0.0 3.119271760437813e-07 0.0 3.2827652382440124e-07 1.0145919538805186e-06 9.219823238186593e-08 0.0 0.0 3.7098622398206946e-06 8.269117276750758e-07 0.0 0.0 0.0 0.0 0.0 0.0 0.0 0.0 3.7614379591506444e-05 3.820151190513722e-07 0.0 0.0 0.0 1.7806969059345726e-06 0.0 1.169281906075508e-06 1.500812710589368e-06 1.4762442170216016e-06 5.724257672004185e-07 0.0 1.2941239878649834e-06 0.0 0.0 0.0 0.0 0.0 0.0 0.0 0.0 6.726334268827975e-05 1.2310101011997419e-05 2.9161904848985738e-05
8.026676508579767e-06 0.0013251810645419902 0.0011821434588212647 2.296299873196654e-06 0.001108491193507131 1.1965287235807428e-05 0.0009486324812859544 0.0005475523190564321 0.0004978819424483826 0.00022346067678624137 0.002122762759902135 0.000399412814391479 0.005346355107517715 0.0 9.137614528819224e-06 5.365353793218804e-06 1.5918940065144942e-06 2.898492941988404e-07 0.0 1.4587037190611405e-06 4.0061017464265826e-06 8.41382602594779e-06 4.328104826630997e-07 1.787440887368645e-07 1.6432984008333145e-06 0.0 7.528262468769118e-07 9.060739163036035e-08 6.870052769106675e-07 8.26217531877115e-07 0.0005205572124048499 0.00012927951701295309 0.001813309723562965 6.406432660599992e-07 1.1468023412519676e-06 3.1790381904727806e-06 0.000358306332222541 1.6026230285384061e-06 1.6040222203539838e-05 1.5020720216974525e-06 1.7933580611473874e-06 6.774867616434764e-06 1.0039898413079229e-06 1.8123773991081975e-06 3.691784946210046e-07 4.2914535392314635e-07 3.926617992937451e-05 4.3904565145885146e-07 6.860090665733808e-07 1.925340324795281e-06 3.693265496932211e-06 4.455811591109941e-06 7.548353488067794e-07 3.0633653371520358e-06 7.470267281627962e-07 2.6916942040494275e-06 5.432866488431092e-06 9.207510620902045e-05 6.878804773822723e-06 1.6260841368360525e-05 1.417925593531397e-06 1.4810452327563824e-05 3.577793780526621e-07 1.3007047032304542e-05 1.4703663211409302e-06 1.1851542510250617e-06 1.393987167739796e-07 1.780896716868561e-06 3.05208948186921e-06 5.579069522217397e-06 0.00039935334407433654 1.3480712224497701e-06 9.887682164629602e-08 3.1881522519416605e-05 1.4078671806425333e-05 4.9392262061672585e-05 1.3584335344201042e-05 2.0591208593675995e-06 1.2479144689706626e-05 0.0001023945141899784 2.0577414748250928e-06 3.2360119516493085e-05 2.2654979833882707e-06 7.496681857016196e-08 7.878149943567963e-07 1.6047893245049855e-06 2.6373229577876452e-06 3.823298849950745e-07 9.900242916273693e-07 2.5629356960426925e-06 8.920058057585382e-07 3.7457997096491532e-06 3.131619929132429e-06 1.1816136312295876e-05 2.2620781336826096e-06 0.00038094127806118555 5.384343142020075e-06 0.0 1.8371609736915083e-05 2.8675462935107234e-06 2.6820130506653386e-07 1.1909877643236888e-07 1.3782347382061846e-06 3.5496282916656695e-07 1.07135073572296e-07 1.8883068113014144e-06 1.8638813862922345e-06 3.9273198052261936e-07 3.808855486735614e-06 9.19950202718337e-06 3.883484503015698e-06 1.0634559709605635e-05 9.577276191279807e-06 4.886580784165639e-06 1.0910590136496469e-05 1.494331994814943e-07 4.344258094087852e-07 0.0 0.0 0.0 0.0 0.0 7.383898021230989e-07 0.0 0.0 2.5659978056481984e-07 0.0 1.1359675979939257e-06 0.0 0.0 0.0 4.1582511049661826e-07 0.0 0.0 3.6694916302126076e-07 3.403628765071736e-07 0.0 3.249511829110918e-07 1.7227945649565342e-07 4.4548693750005615e-06 5.422675965908816e-07 1.2232991325418066e-05 9.009426941584196e-06 3.5332240084166265e-06 0.0 0.0 0.0 0.0 0.0 1.6155871326606958e-07 0.0 2.4457537112658354e-07 4.239248355343723e-07 1.813333520843901e-07 0.0 2.9270898213023745e-07 5.9093443752334855e-06 1.1822136164092005e-07 0.0 0.0 0.0 5.186738159766222e-07 5.053680278059175e-07 0.0 0.0 0.0 3.82642844031799e-06 6.28351613018617e-07 1.6607915482124367e-07 0.0 0.0 0.0 0.0 0.0 0.0 0.0 1.935404503984627e-05 0.0 2.679889007466495e-07 0.0 0.0 1.916715593660093e-06 0.0 1.9124414754352595e-07 1.0844128800071315e-06 0.0 2.969254167391519e-07 8.923589908042199e-07 8.125153646524767e-08 0.0 0.0 0.0 0.0 0.0 0.0 0.0 0.0 3.060544172752223e-05 1.347189302070504e-05 2.45516605185456e-05
