0.0 0.0019054954242312195 0.0013119921519259554 0.0011115995809744955 0.00011853585446225917 4.466645895994433e-05 0.0003331178256521847 5.2388505797694534e-05 1.6953057736100008e-05 0.0007378883744213155 0.00012533919400547892 8.463448954944841e-05 0.0003392939698143551 0.0001264935086457973 1.4567900562752507e-06 1.346578027113409e-06 1.268822678650577e-07 0.0 8.155121661620501e-08 0.0 2.602380587489932e-07 7.154355594670338e-08 2.629304638378726e-07 0.0 6.860355517761782e-07 2.5257906036566336e-07 1.7450057356636778e-07 4.3951050590966773e-07 7.75990913146741e-08 7.12952840309128e-08 0.0006099443492678496 2.5135510093664653e-05 2.2783097931294115e-05 8.80467635788902e-08 2.7098688067238855e-07 2.2996208351888937e-06 9.453487671112669e-06 3.838835562879812e-06 5.409307693469726e-06 3.3778551458356214e-06 1.3734205991084104e-06 1.3772707821159963e-06 7.156762623052587e-07 4.138477093272888e-07 0.0 1.4124705943893521e-06 3.759583241313745e-05 1.6463649746070412e-06 1.4310527415291165e-07 2.9285261885623284e-07 6.623386963523746e-07 0.0 4.989287434450122e-07 5.854528925132327e-07 6.805269693265459e-07 7.326147999011906e-07 0.00014941191256263127 0.0002119689633530347 9.145136279732121e-05 5.0166640513750986e-05 1.041329864519266e-06 4.794898128730174e-06 1.6346107614121632e-07 1.6722066033208126e-06 7.986222963682872e-07 1.9506286060782402e-06 2.2489700316811587e-06 7.754212045042362e-07 2.257577417409355e-06 3.3981326914087e-06 9.309679442575556e-06 5.866453638742465e-07 0.0 6.706995256607232e-05 1.7963691830328943e-05 4.205136504648326e-06 1.0415086173009808e-06 2.008430521542163e-06 2.1218522495651182e-06 7.179813444701645e-05 3.0178164717947243e-06 6.3900485027379484e-06 6.672066231720644e-06 0.0 9.080669568410996e-07 1.4626602440216476e-06 9.05930193460239e-07 7.244390147018993e-08 1.993063936323013e-06 1.6968856226021827e-07 5.422814309024534e-07 3.4261478973453525e-07 2.5576054292230763e-06 1.0882801517360283e-06 1.3067593670987065e-06 4.880893637903949e-05 3.952103718418695e-06 0.0 3.126957624159611e-06 0.0005420674943547334 0.0 7.858850596943365e-07 1.4403108034290227e-06 3.038339097663234e-06 0.0 1.348715403250112e-06 0.0 2.5301880746145295e-07 2.470752142101114e-06 3.2772824008740415e-06 1.197763737633945e-06 4.795742779596723e-06 4.510419263701836e-06 8.4216650264805e-06 4.8948631168789135e-06 0.0 0.0 0.0 0.0 0.0 0.0 0.0 0.0 6.598858920228666e-08 0.0 8.847804670908526e-08 0.0 8.616025409243019e-07 0.0 0.0 0.0 0.0 0.0 1.2157510575499772e-07 0.0 0.0 0.0 0.0 0.0 1.7935230467605892e-06 1.3294897654927629e-06 3.5436235078145353e-06 8.244776922510957e-07 4.103321791760266e-07 0.0 1.6025478490791777e-07 0.0 0.0 0.0 0.0 0.0 0.0 0.0 0.0 0.0 9.133726245322343e-08 9.086507897261897e-08 2.1337484457828438e-07 0.0 0.0 0.0 0.0 2.3577465899114312e-07 0.0 0.0 0.0 1.342486546145017e-06 0.0 0.0 7.358283384050297e-08 0.0 0.0 0.0 0.0 0.0 0.0 4.809110440641372e-06 0.0 0.0 0.0 8.802492478433014e-08 4.0367595793313874e-07 0.0 8.430284389601677e-07 0.0 6.620978965312106e-08 0.0 0.0 0.0 0.0 0.0 0.0 0.0 7.737126957408818e-08 6.678049457490881e-08 0.0 0.0 3.807428122965706e-06 5.141657550492046e-07 1.67548766840016e-06
0.0019054954242312195 0.0 0.0016186552724535605 0.0009495568302083522 0.0015246978684334775 3.437241214130065e-05 0.0018142463834723472 6.296487389310368e-05 0.00041777999603243737 0.001247447658506712 0.0005428392425728764 8.777901419150762e-05 0.0014799759252122648 0.0010180893514224688 1.4463268852557029e-05 6.971965613298907e-06 1.4087992964129425e-06 1.573726900067819e-07 2.96410451202206e-07 0.0 7.030264248927024e-07 1.7719339303689619e-07 4.32908317388807e-07 0.0 1.1844555888473827e-06 3.4596375609620195e-07 7.272614298289634e-07 8.869825969726697e-08 3.0776206617528635e-07 3.242126693796401e-07 0.0009042492331151182 7.905427649727305e-05 4.4352287070907896e-05 3.1415721375442186e-07 3.513135025331593e-07 6.767988437561365e-07 2.6273730005265425e-05 2.476732427524971e-06 7.481158330096524e-06 3.2054099713725214e-06 1.5703781893884466e-06 1.1753916294834625e-06 1.7587684919772905e-06 2.2936376006020244e-06 6.306617011756601e-07 3.4172952417641625e-06 0.00021928699195360973 2.6170843516284074e-06 5.076765031609305e-07 4.067999503259768e-07 7.307111129728888e-07 2.1433481697605826e-07 5.575191963285816e-07 8.358821408844104e-07 1.2645825404698e-06 1.7759213089688568e-06 0.00017037448905444486 0.0002480448353964135 0.00014777758586865608 0.0001658171835960241 1.7895540728775467e-06 6.316149649990377e-06 7.298287754178679e-07 3.5271837896226017e-05 1.1842860670781443e-06 3.3059104420028917e-06 4.034511995309339e-06 1.1726665411441047e-06 3.336873885205149e-06 3.893390798124615e-06 6.770573610377807e-06 1.3873850270355732e-07 1.74660048784778e-07 0.00019386784753557546 0.000101559677911094 6.493223517726465e-05 2.59538846671912e-05 1.393841873397241e-05 2.3658881048666953e-06 3.9460657391668606e-05 4.573322922594166e-06 7.0589994077121164e-06 9.831034979323758e-06 1.6791578466644543e-07 1.5399774015240309e-06 3.187020357408455e-06 1.21593761745829e-06 6.931855572451978e-08 3.4132542580488356e-06 0.0 9.269087846169459e-07 0.0 2.4023341963990053e-06 1.8448621337788289e-06 1.185503903886049e-06 8.177564404208865e-06 1.0783281107821028e-06 9.723037784808762e-08 4.601902366453895e-06 0.00041034225721545164 0.0 1.3814121034984577e-06 8.456556362474461e-07 3.717110962332501e-06 1.4584409351312006e-06 7.893548606264851e-06 5.254576461650586e-07 1.7233592847217786e-06 1.9102979246365387e-06 2.357900074229194e-06 9.937946247052986e-07 4.397247667903777e-06 1.1104396926805837e-05 1.1631197345845939e-05 8.090149321370563e-06 0.0 0.0 0.0 0.0 0.0 0.0 1.2738624411642662e-07 0.0 1.4557076561418044e-07 0.0 0.0 1.1411275350564733e-07 3.5946438075036253e-07 0.0 7.457701476588795e-08 0.0 0.0 0.0 0.0 0.0 1.570919596645994e-07 7.626650164823223e-08 0.0 0.0 3.982947568432091e-06 2.2476211047977934e-06 3.3498194588655556e-06 8.825786810576386e-07 3.9110473841767256e-07 0.0 0.0 0.0 0.0 0.0 0.0 0.0 0.0 0.0 0.0 0.0 0.0 4.6487900776333584e-07 3.8359353762522173e-07 0.0 0.0 1.293366415548528e-07 0.0 8.267098163109881e-08 5.051519931729015e-07 0.0 4.5829689911918505e-07 1.7100577660415987e-06 0.0 0.0 5.957115758873433e-08 0.0 0.0 0.0 7.673201975593097e-08 0.0 0.0 4.419600454407801e-06 1.2778030343126744e-07 0.0 0.0 0.0 1.7950739626562154e-06 0.0 8.416397226218767e-08 0.0 8.424621379454777e-08 0.0 0.0 0.0 9.837675145481911e-08 0.0 0.0 0.0 2.6473688569488365e-07 0.0 0.0 7.522492251551788e-08 7.709471276044055e-06 5.589770659107687e-07 2.126955438920981e-06
0.0013119921519259554 0.0016186552724535605 0.0 0.0005686314953635492 0.0009901781534237886 1.4087113840236341e-05 0.00010130791798185698 0.0010106477918435726 0.0003078476134548838 1.6221561052503748e-05 0.0016318422827074765 4.326484194227755e-06 0.00010596784763890034 0.001059254431730351 8.307883108230029e-06 8.262944163412289e-06 9.568495824011908e-07 2.584474098445327e-07 0.0 6.133217247448847e-07 2.5558793533227974e-06 3.175969825969823e-07 1.6617889957677184e-06 6.955759398284464e-07 4.039150900885818e-06 1.0528727474815211e-06 7.923923415926532e-07 9.856490629164846e-07 5.387407116369167e-07 5.845961320042425e-07 0.002824576391566223 7.713126637519412e-05 0.00011499189877024497 1.1567611407568698e-06 6.831277652128107e-07 3.40842801670053e-06 3.28750509387945e-05 4.745674847961318e-06 1.2920255223791732e-05 1.2635300908721065e-05 6.424505597622066e-06 6.0298149106227136e-06 4.753861490841474e-06 3.3711975051151704e-06 2.3054015473573361e-07 2.022242620130202e-06 5.170473369105927e-05 1.032818267076697e-06 3.742405162029869e-07 8.122935448705391e-07 4.012306935863147e-06 4.400647193234924e-07 1.660594205632797e-06 2.6146930212573453e-06 1.9895768706643775e-07 6.947305924480622e-07 9.512778632206223e-05 0.0002548053929835475 6.230073631752199e-05 4.3728397304846424e-05 6.338337816771898e-06 7.48680672667782e-06 9.569858478389475e-07 3.926553366500903e-05 7.469388714247589e-07 2.2101647199472603e-06 4.087410823670663e-06 3.497538758062752e-06 1.2625659552612561e-05 1.813095137112131e-05 8.182350181629984e-06 7.190582160911671e-07 1.5892169269351875e-07 5.1179339052946417e-05 3.641921767450085e-05 1.5994148319830247e-05 6.881385827274925e-06 9.5230476967223e-06 1.573129679128817e-05 0.0006436729517221037 2.3136410067052963e-05 5.336780525533842e-05 4.088842291851837e-06 0.0 9.405023233350833e-07 1.7973133031284403e-06 2.0307355439486788e-06 0.0 1.3760940263994334e-06 0.0 1.1689304585643737e-06 3.1242944506102406e-07 1.0808494578038223e-05 5.462796054667971e-06 2.737002997600141e-06 3.932764606214279e-06 2.359807243726672e-06 0.0 6.003856227909758e-06 0.0003071587587633589 0.0 7.912755125158253e-07 6.196335727959611e-07 5.368977801116484e-07 0.0 2.434393758412277e-06 0.0 1.1869819194696776e-06 1.208704431485727e-06 1.2040009529050654e-06 1.5742062867358095e-06 3.479537803227145e-06 5.919552719239777e-06 5.328301146264475e-06 4.314738255440909e-06 7.761966051439492e-08 0.0 0.0 0.0 0.0 0.0 9.530924280737819e-08 0.0 2.544997986579855e-07 0.0 5.772442124643236e-07 0.0 9.893183066179109e-07 8.577592569303379e-08 1.2531638573860138e-07 2.1766215173398933e-07 2.125847333900357e-07 1.200758068245517e-07 3.6003373231931825e-07 0.0 0.0 1.262683790854762e-07 2.35148779593636e-07 0.0 4.604705305643461e-06 5.187951562976524e-07 2.675339076026691e-06 7.750347142669611e-07 6.883495867447743e-07 6.466775651305345e-08 1.1438628066044372e-07 1.0052391846005639e-07 0.0 0.0 8.169549504888916e-07 9.60265462582524e-08 0.0 0.0 0.0 0.0 2.646014181622172e-07 5.384201389400241e-07 1.288495548823289e-06 0.0 0.0 8.297068536282233e-08 2.48957682153e-07 0.0 0.0 0.0 0.0 1.2984154046663783e-06 0.0 0.0 0.0 0.0 1.8779716374991539e-07 0.0 0.0 7.795330827480487e-08 0.0 4.331515391384596e-06 3.014052356737277e-07 0.0 0.0 5.237554368844301e-08 5.50299940632726e-07 0.0 7.493361221634222e-07 0.0 0.0 0.0 0.0 5.158408796399307e-08 0.0 0.0 0.0 0.0 0.0 3.3663022383641156e-07 9.998693274286884e-08 0.0 3.188252318458946e-06 1.3933570733179223e-06 3.991597657511701e-06
0.0011115995809744955 0.0009495568302083522 0.0005686314953635492 0.0 0.0001224908555592086 4.7604234746440975e-05 0.00042649441235264435 4.375917936791098e-06 2.3976860699491746e-05 0.0020151172983576865 3.0192849275055465e-05 0.0002971983880770432 0.0013387779230016731 5.961339754684827e-05 8.935420027924393e-07 3.660056154939964e-07 3.123430949786983e-07 0.0 0.0 0.0 0.0 0.0 0.0 0.0 0.0 0.0 0.0 8.210122449712494e-08 0.0 0.0 0.00010938405173884155 1.4084170866499344e-06 9.608287853393201e-06 0.0 0.0 0.0 1.312273593955395e-05 5.347646668159503e-07 4.7489186142839497e-07 5.369769622731112e-07 8.614108409202166e-08 0.0 0.0 1.7134300303502268e-07 1.7740492605202806e-07 1.4861579626132625e-07 3.0839794834904946e-05 9.82671206179614e-07 0.0 1.163174754769274e-07 0.0 0.0 0.0 1.783877423402762e-07 1.0891550833211542e-07 5.464709219474412e-07 4.276881207178214e-05 3.754935475464116e-05 3.607578200794479e-05 2.983569637685907e-05 7.30256933052435e-08 6.304887144705071e-07 0.0 3.02825056203915e-06 5.308740595560192e-07 3.6060083564741296e-07 5.540848232640876e-07 7.827376635549667e-08 2.4734927300774666e-07 1.2101021540124076e-07 8.883246808280178e-06 0.0 0.0 2.9501697987857756e-05 1.102409597456572e-05 5.546348805181403e-06 3.232812112884575e-06 7.948717456973683e-07 2.3632456107249312e-07 9.859527341320806e-07 6.981070711062271e-07 2.0625023012438493e-06 1.3781724942172616e-06 0.0 2.903847645379023e-07 8.222946371500742e-07 6.583939417542154e-08 6.31361049557854e-08 7.611431249353805e-07 0.0 3.2147075890866357e-07 0.0 7.086901315534319e-08 6.168916358750919e-08 0.0 2.7199264876667246e-05 3.4872465758998123e-07 0.0 6.939441048950838e-07 0.0003631327155188671 0.0 1.8632252405423112e-06 3.0226441370289075e-06 3.3190388549534025e-06 0.0 4.023583644740716e-06 0.0 1.63776845537634e-06 4.783238751624794e-06 3.378179077668859e-06 6.683999801636449e-07 4.954995311953733e-06 1.088020415555173e-05 1.2492013214068018e-05 2.8003885206337244e-06 0.0 0.0 0.0 0.0 0.0 0.0 0.0 0.0 0.0 0.0 0.0 0.0 0.0 0.0 0.0 0.0 0.0 1.5741701120995236e-07 0.0 0.0 0.0 6.56705733283341e-08 5.466296653854927e-07 0.0 2.2285247320733233e-06 1.5576587490838214e-06 2.295687260078624e-06 9.692617763464191e-08 0.0 0.0 0.0 0.0 0.0 0.0 0.0 0.0 0.0 2.2461603125024872e-07 0.0 0.0 0.0 0.0 0.0 0.0 0.0 0.0 0.0 0.0 8.392936788750609e-07 0.0 0.0 7.985145659562042e-07 0.0 0.0 0.0 0.0 0.0 0.0 0.0 0.0 0.0 3.4393885019231445e-06 0.0 0.0 0.0 0.0 6.413901963566826e-07 0.0 5.569122550540923e-07 0.0 4.889319580896365e-07 0.0 0.0 0.0 0.0 0.0 0.0 0.0 7.440718000625534e-08 0.0 0.0 0.0 6.340207087981765e-06 4.836221686235899e-07 2.0111291247225147e-06
0.00011853585446225917 0.0015246978684334775 0.0009901781534237886 0.0001224908555592086 0.0 7.010328400698304e-06 0.00041964716719137315 0.0003815999471861556 0.002712162060122166 0.0002731983766595076 0.0012066716623902864 2.2805035450077846e-05 0.00025673832541249286 0.0019436071077336553 1.8239558813147363e-05 1.0166162267369508e-05 1.3075889415265398e-06 0.0 4.995284683071692e-07 0.0 0.0 0.0 0.0 0.0 0.0 0.0 0.0 9.774999480254469e-08 9.356347937046125e-08 1.9173192910534678e-07 0.00010118523244789912 8.394480863381546e-05 1.9359057411499077e-05 1.8578110004508503e-07 1.9015503059867135e-07 2.005981182148571e-07 5.38970578395023e-06 8.056348241128116e-07 2.9976512809565975e-06 1.4789439263628575e-06 2.2941634288729e-07 2.34679743650237e-07 3.45500036581192e-07 3.2309806606126443e-06 2.1722024456364695e-07 1.648737715112003e-06 0.00013370259171300404 4.6671713422480304e-07 7.288020126332596e-08 2.6857993163981523e-07 3.922932555197602e-07 0.0 7.836914466778993e-08 9.634947299557595e-08 3.664287211990989e-07 4.310262312060332e-07 3.870791291872658e-05 7.263221398805332e-05 3.72932614998438e-05 6.780929215415433e-05 6.883647160832747e-07 8.59004209286353e-06 1.1844772336760647e-07 2.9729449023472748e-05 2.679415943429487e-07 7.139452975831862e-07 1.0505286478018026e-06 1.9406344745287436e-07 8.201835345732376e-07 4.4074957757292094e-07 7.1799690269367125e-06 2.8470803571344053e-07 0.0 7.920563697683574e-05 4.233710189925629e-05 5.377723905509964e-05 2.2412857251590387e-05 1.841789565266956e-05 1.7514954019336012e-06 1.2243483336884348e-05 2.1843419147403066e-06 6.76345215756772e-06 3.905635828749352e-06 3.114042295951258e-07 6.621208021381004e-07 1.083416100266419e-06 8.402194824200624e-07 0.0 7.704664299034105e-07 0.0 2.3077151635359686e-07 0.0 2.522426838580122e-07 2.19979673680078e-07 1.0760135424073416e-07 6.535831577230773e-06 2.365968080524933e-06 0.0 4.114532799104907e-06 2.3452842632808223e-05 1.3283180969721868e-07 1.452950413549819e-06 1.705308679029666e-07 6.495527213432091e-07 5.429832655745405e-07 6.066393278067328e-06 7.311355103144077e-08 1.5722284387173016e-06 2.4463064196880735e-06 2.424320651892142e-06 1.095111078927081e-06 5.837337456031212e-06 9.34501899844753e-06 9.276481098074697e-06 7.693909468576804e-06 8.777299837506148e-08 0.0 0.0 0.0 0.0 0.0 0.0 0.0 0.0 0.0 6.73376968265841e-08 0.0 0.0 0.0 0.0 0.0 0.0 0.0 0.0 0.0 0.0 0.0 2.919214680246345e-07 0.0 3.545059587093632e-06 2.7194820377800516e-06 5.271102072341706e-06 2.8709625734047295e-06 5.040503110678352e-07 0.0 0.0 0.0 0.0 0.0 0.0 0.0 0.0 0.0 0.0 0.0 0.0 2.664777294517989e-07 1.0147391043173333e-07 0.0 0.0 0.0 3.99998338432426e-07 2.502612827372807e-07 0.0 0.0 0.0 2.0733112261395965e-06 0.0 0.0 0.0 0.0 0.0 0.0 0.0 0.0 0.0 5.319504754012912e-06 0.0 0.0 0.0 6.829684927769095e-08 4.859457211451646e-07 0.0 9.896221806160157e-07 0.0 5.590472198422641e-07 0.0 0.0 0.0 0.0 0.0 0.0 0.0 0.0 0.0 0.0 0.0 7.431653776762691e-06 1.8065677413930762e-06 2.3970040096575395e-06
4.466645895994433e-05 3.437241214130065e-05 1.4087113840236341e-05 4.7604234746440975e-05 7.010328400698304e-06 0.0 2.0350466128061273e-05 9.427532885350543e-07 3.839872239965786e-06 0.00028509634005185834 3.7160594909399975e-06 7.668752467116732e-05 0.00014823733693878084 3.0397342510236916e-05 8.141879082117409e-08 2.2009854831352696e-07 1.2297139557916923e-07 0.0 0.0 0.0 0.0 1.9412851154339297e-06 0.0 0.0 0.0 1.5851004420017676e-07 0.0 0.0 0.0 0.0 1.0005552736503611e-05 1.3682008318514291e-07 1.762454288903096e-05 0.0 0.0 2.871215443193497e-07 1.7276349543656225e-05 6.240353462697011e-07 8.162941907365039e-06 7.437592240498218e-07 2.1022736027260612e-07 0.0 0.0 0.0 0.0 3.1345718208333904e-07 9.817409590526758e-07 9.518516636174099e-08 0.0 0.0 7.9410124269608e-08 6.20508720388542e-07 1.0752942023147463e-06 9.958142062458293e-08 0.0 4.0662261702182533e-07 8.636589266085592e-05 5.459199706870227e-06 2.117613830627353e-06 4.820820090175731e-07 2.813201924181395e-07 1.4807934447930166e-05 0.0 7.547579092908717e-08 0.0 0.0 1.4613370308420912e-07 1.6322856395303014e-07 1.300909836718339e-07 0.0 0.00016212622342197364 0.00013010079780745673 4.533505867206275e-06 1.3809909947602376e-06 8.835542588919769e-07 1.4983383585174023e-07 1.7470778202407877e-07 2.079631260432396e-07 0.0 3.892449856424483e-06 0.0 3.018353312037503e-06 0.0 2.4109039527468294e-07 0.0 4.2998588640163476e-07 0.0 5.136599339178351e-06 4.647066889179676e-06 6.034467896358622e-06 3.1582456384008412e-06 4.31370349597214e-06 0.0 2.460749612710754e-07 3.351369687063978e-07 0.0002501673817572821 0.00026271630289367306 8.257599583520997e-06 6.088705314985331e-05 0.0001756371117453131 0.0 4.365099639816781e-07 3.3211648796779147e-07 1.3594406274610976e-06 0.0 1.5894953208702007e-06 0.0 1.810582425098644e-07 3.3835990133038354e-07 3.0279435757703633e-07 2.570682331007976e-07 1.4037393658562355e-06 2.7475603267102757e-06 1.903971396895134e-06 7.698709546573127e-07 0.0 0.0 0.0 9.9859973258951e-08 0.0 0.0 0.0 0.0 0.0 0.0 2.106351823481689e-07 2.719160213121582e-07 3.522719849203233e-07 0.0 1.547921767797359e-07 0.0 7.012297189628636e-08 2.706805644675443e-07 8.020727994588804e-08 0.0 0.0 1.4577542165726677e-07 0.0 1.2509896321407662e-07 7.28633606167821e-07 2.9462273382749575e-07 1.9942104421792066e-06 1.4082284327918004e-06 3.044313237895404e-07 0.0 6.70528182595972e-08 0.0 0.0 0.0 1.0579439456924258e-07 0.0 0.0 0.0 0.0 0.0 0.0 6.469490556436096e-07 0.0 0.0 0.0 9.762001121425297e-08 0.0 3.954836239177841e-07 4.841617199803482e-07 0.0 0.0 1.5414050432874254e-07 0.0 0.0 0.0 0.0 0.0 0.0 0.0 0.0 4.3709661378031763e-07 1.7385724605645288e-06 4.5070419298304817e-07 0.0 0.0 0.0 0.0 0.0 0.0 0.0 0.0 0.0 0.0 0.0 0.0 1.380981155400234e-07 1.3791644886182017e-07 0.0 0.0 0.0 0.0 0.0 1.7062367175905818e-06 5.506190321356395e-07 5.322707769867858e-07
0.0003331178256521847 0.0018142463834723472 0.00010130791798185698 0.00042649441235264435 0.00041964716719137315 2.0350466128061273e-05 0.0 7.677573917996433e-06 0.0003978487593909602 0.0010312015667012797 5.354495170422448e-05 0.00010818744600395043 0.005879273140136514 0.0025786841823490976 1.3864813735122006e-05 6.1774757246993114e-06 9.265759391699413e-07 1.3798551393940836e-07 3.115513350804848e-07 0.0 9.926776898289002e-08 0.0 1.7641705342600018e-07 0.0 1.8515507517316924e-07 1.61813741570859e-07 4.751892992859958e-07 1.1305814339256982e-07 2.198001318099042e-07 0.0 6.998234966309838e-05 3.842867672656211e-05 2.184937441563695e-05 1.5213111922176406e-07 0.0 8.112186432816124e-08 2.3383652914509984e-05 1.8281003564060444e-06 4.1298707655403915e-06 5.696807907674807e-07 2.2611958420506913e-07 3.0607107164907056e-07 4.4133950274991294e-07 2.6216242508490083e-06 7.248195845715741e-08 1.6565125596160927e-06 0.00013850040384843056 1.451039536659077e-06 7.165308495147502e-08 3.272154154653367e-07 0.0 6.390805388452919e-08 4.959884631887295e-07 0.0 1.124580076754163e-06 1.1752863192365418e-06 7.691394740640676e-05 9.307875428540427e-05 7.304681012353831e-05 8.551788718089375e-05 1.0513868674631946e-06 8.869382947252555e-06 6.249239436326099e-07 2.0995956551484127e-05 6.58433312419176e-07 1.4928747364766745e-06 1.5913199005784008e-06 4.692061308238583e-07 5.360761009767213e-07 7.503725656086792e-07 8.894528644028575e-06 6.513103872317432e-07 8.765414137487428e-08 0.0001056449400645239 4.9893831350102723e-05 4.4827587036544046e-05 1.7273204774872842e-05 1.3524972472296595e-05 7.006109413614881e-07 7.868230870571489e-06 2.5418465832817736e-06 5.781487322216755e-06 5.078860255434021e-06 0.0 1.2309592167297865e-06 1.8400226410343894e-06 4.944921266462415e-07 7.217078428872708e-08 2.1885653057308267e-06 0.0 6.987547363985088e-07 8.823979489423029e-08 2.9986398280548834e-07 2.969628660233419e-07 3.4829957255125793e-07 1.8766151838580513e-05 2.04177561886315e-06 0.0 5.211160744099359e-06 9.929088161308865e-05 5.455976214390184e-07 4.972625258555798e-06 3.560062889211171e-05 2.3153331575326447e-05 9.593619518885704e-07 6.656173633081373e-05 2.3091458999367835e-06 2.0607895728409797e-05 2.724871384996034e-05 9.941719862030149e-06 2.463953206055019e-06 8.881289464218327e-05 3.7882529762897796e-05 3.989090716864754e-05 1.252721110872417e-05 0.0 4.16569513471663e-07 0.0 0.0 0.0 0.0 0.0 0.0 1.0003091009743705e-07 0.0 0.0 0.0 6.31908844464436e-07 0.0 0.0 0.0 0.0 0.0 1.1914019918606999e-07 1.1167198387721924e-07 0.0 0.0 1.555484850053915e-07 0.0 8.012008593565938e-06 4.074930468352507e-06 8.580665032897345e-06 3.4719672092011237e-06 7.847803094017426e-07 0.0 0.0 0.0 0.0 6.184620100749549e-08 2.3138073231883967e-07 0.0 4.054918488516587e-07 1.505409375790837e-06 0.0 0.0 7.987391431766456e-08 7.488966131166652e-08 1.5118679634370934e-07 1.3563531315115706e-07 1.8429296737758212e-07 0.0 1.8446080781532149e-06 2.2433111521258077e-06 4.813497525608153e-07 1.1604941463324416e-07 5.237952263393552e-07 3.663107141221234e-06 1.3469468091476675e-06 7.551567736695138e-08 4.022297924283754e-07 5.786904088272949e-08 0.0 0.0 0.0 0.0 0.0 1.1269052012810144e-05 1.441639487328008e-07 0.0 0.0 0.0 4.2769517847488215e-06 3.1541341613137316e-07 1.8808669749797932e-06 1.163278927670818e-06 1.2676257196244722e-06 1.3393013266593964e-07 2.4305816588415503e-07 0.0 0.0 0.0 9.272348368498976e-08 0.0 0.0 0.0 0.0 0.0 1.3486223102085296e-05 1.9309651652921984e-06 3.7606706951399823e-06
5.2388505797694534e-05 6.296487389310368e-05 0.0010106477918435726 4.375917936791098e-06 0.0003815999471861556 9.427532885350543e-07 7.677573917996433e-06 0.0 0.0008735372655762868 2.0548293725838118e-07 0.0023160328309223006 0.0 1.6469627346830183e-05 0.0004977261225769639 5.538352786676371e-06 4.833835015454229e-06 5.402862934708924e-07 8.441022869617111e-07 7.490829966923606e-08 4.2854472874318146e-07 2.6275137690584945e-06 3.8020936645666036e-07 1.417386179066149e-06 7.565925443665317e-07 2.56645754258147e-06 4.233750355409859e-07 7.548596620272539e-07 8.632198372334296e-07 2.3801615512960518e-07 1.6362413091174246e-07 0.00024192457203229962 0.0009511909550235235 3.560118019603737e-05 2.6157399873514945e-07 6.21235360651463e-07 2.1470614172664692e-06 8.167029522240814e-06 3.664826199083374e-06 7.394027645318835e-06 5.222852002141812e-06 3.02032587448583e-06 3.353005017791464e-06 4.0792138344742316e-06 2.993279395861363e-06 3.830728626750653e-07 2.3938783773713675e-06 2.7313374473819057e-05 8.19567353469641e-07 2.560181018361805e-07 3.3839966433541616e-07 1.7910940297010542e-06 4.99684659330596e-07 2.0873422857542397e-07 1.3751561043953592e-06 0.0 0.0 2.1967020420721824e-05 7.571593957153175e-05 1.577292911161379e-05 1.4533613496593899e-05 4.395310905384925e-06 6.102891837369693e-06 1.5487166620078312e-06 4.28639884920461e-05 1.5059401017001372e-07 8.36594784745892e-07 2.973417087150373e-06 1.973396096038188e-06 8.380567796296436e-06 1.287640114776407e-05 2.60045128384076e-06 1.1523028791294171e-07 1.0612228506972209e-07 1.4957550918565483e-05 2.0779394450778503e-05 9.669628178165384e-06 2.4101265097345854e-05 0.00025682896951143046 0.0001653926793264067 0.0015291134675878251 2.6820441480168372e-05 0.00013179440940946758 9.608891466389549e-07 0.0 1.5988463188756603e-07 3.804787145284444e-07 1.79344081404486e-06 6.124417941300796e-08 1.0408707384689174e-06 0.0 3.120757747320046e-07 0.0 9.005671956271476e-06 3.461602717440451e-06 2.2462993860371624e-06 1.384547006471945e-06 5.327854742612411e-07 1.0791569357963156e-07 2.0559861101400807e-06 5.060883382784688e-05 0.0 0.0 0.0 0.0 0.0 0.0 0.0 1.199104376884333e-07 2.6957977284219155e-07 1.7839989606587214e-07 0.0 8.484589281022441e-07 5.908829849069222e-07 1.8322946789647256e-06 1.0321106663280486e-06 1.516591826068228e-07 0.0 0.0 0.0 0.0 0.0 0.0 0.0 0.0 0.0 4.401454399870348e-07 0.0 3.426642510334782e-07 8.841418785200076e-08 0.0 7.195654015961571e-08 0.0 7.552541974401591e-08 1.4349696179405987e-07 0.0 0.0 5.296034684375572e-07 0.0 9.550478686250419e-08 8.428413500540052e-07 3.798311594440476e-07 9.451022726282516e-07 7.674605054223006e-07 2.1876153710672499e-07 0.0 4.7079988672867615e-07 0.0 0.0 0.0 0.0 0.0 0.0 0.0 0.0 0.0 0.0 1.5459553064575646e-07 1.054469646515229e-06 0.0 0.0 0.0 0.0 0.0 0.0 0.0 0.0 0.0 0.0 0.0 0.0 0.0 0.0 7.71440120978752e-08 7.382028775026807e-08 0.0 8.704522958339495e-08 4.6098109592476393e-07 4.555606489251998e-07 0.0 0.0 2.255613151410637e-07 7.376456664343746e-08 0.0 6.792875494063749e-08 3.1407148524456943e-07 0.0 1.0643759423801057e-07 0.0 0.0 0.0 0.0 0.0 0.0 8.703992197163672e-08 2.608721640630624e-07 0.0 2.015812430851843e-07 7.180913667213476e-07 1.6388014823771515e-07 8.100929446741711e-07
1.6953057736100008e-05 0.00041777999603243737 0.0003078476134548838 2.3976860699491746e-05 0.002712162060122166 3.839872239965786e-06 0.0003978487593909602 0.0008735372655762868 0.0 0.0001345392589969052 0.00144776867128866 1.373227302412482e-05 0.0003044852784314849 0.0008494582986420089 8.794618795089034e-06 5.5590098397151095e-06 9.159718907330506e-07 7.219537828042078e-08 7.867941953987584e-08 1.3253979406757675e-07 1.2076652372516516e-07 0.0 0.0 0.0 3.353086814083967e-07 0.0 0.0 1.3492051362343796e-07 3.3568570699247856e-07 7.754826343795284e-08 2.7709358128545914e-05 4.405169297849526e-05 1.8953257937172892e-05 8.631488633552669e-08 0.0 1.717425639275e-07 9.60531163654966e-06 1.9265709344461312e-07 1.8804366440457273e-06 4.484789018120473e-07 8.367684459233042e-08 7.4726059910029e-08 7.475354134831871e-08 1.480464570356537e-06 3.0098931111443435e-07 1.103548493237867e-06 5.044373645996541e-05 6.682714336861783e-08 0.0 8.52549333441676e-08 0.0 0.0 1.0817236333628549e-07 0.0 1.4845117213051282e-07 2.180532839273954e-07 9.598359119202866e-06 2.079352804780967e-05 9.619445969769503e-06 1.9775689214467537e-05 5.038015586456645e-07 6.570909539257776e-06 3.5081450767820805e-07 9.578465780359676e-06 6.129607410205938e-08 3.3973831102723657e-07 5.808519998405661e-07 2.8412272604268683e-07 1.3101243797284797e-06 6.490264257909001e-07 5.67273629694936e-06 0.0 0.0 2.097196152642237e-05 1.2685629887570332e-05 1.8970642904870785e-05 6.9762441390903085e-06 6.823386339930785e-06 1.089986526874723e-06 5.964568063690292e-05 1.0827898064872628e-06 4.284393585431712e-06 8.067642830133007e-07 0.0 1.2413512913200033e-07 5.228352142667427e-07 1.7321442991112587e-07 0.0 2.3675212358447894e-07 0.0 1.2156944988632184e-07 0.0 4.927200940577736e-07 1.9294517685690587e-07 8.837346383420795e-08 5.6805130546623385e-06 1.0049131191426657e-06 0.0 1.4454333188396592e-06 5.906441481086119e-06 0.0 0.0 1.2043213889441801e-06 9.834341136534446e-07 1.0639691430337184e-07 3.641540886353343e-06 0.0 1.9036875190157464e-06 1.1847151240090553e-06 1.3387716587457957e-06 7.11449622386279e-07 6.765280303603091e-06 7.304198542510035e-06 7.22924114743204e-06 7.671331342213768e-06 0.0 9.65384398441045e-08 0.0 0.0 0.0 0.0 0.0 0.0 2.0650690076270194e-07 0.0 1.3119863463597045e-07 0.0 9.752227004489789e-07 0.0 0.0 0.0 7.728368516344652e-08 0.0 0.0 0.0 0.0 7.590066436867063e-08 0.0 0.0 3.499181604968018e-06 2.1714997160763534e-06 3.3127248247861964e-06 1.3795051940915887e-06 4.307913208942619e-07 0.0 0.0 0.0 0.0 0.0 0.0 0.0 0.0 0.0 0.0 0.0 1.5689559566280645e-07 0.0 0.0 0.0 0.0 0.0 1.3794033311473217e-07 0.0 2.0398336942069487e-07 0.0 0.0 1.7552403716772064e-06 0.0 0.0 0.0 0.0 0.0 0.0 0.0 0.0 0.0 4.039699797871254e-06 0.0 0.0 0.0 0.0 8.270138754583405e-07 0.0 9.799948782170492e-07 0.0 0.0 0.0 0.0 0.0 0.0 0.0 0.0 0.0 0.0 1.6607347912196591e-07 0.0 0.0 5.391968276895009e-06 2.0382375842617e-06 2.3538559826515e-06
0.0007378883744213155 0.001247447658506712 1.6221561052503748e-05 0.0020151172983576865 0.0002731983766595076 0.00028509634005185834 0.0010312015667012797 2.0548293725838118e-07 0.0001345392589969052 0.0 9.492515223659843e-06 0.002246275742914695 0.004783170409568242 0.0002650311705710095 5.330664378033089e-06 2.570022935188378e-06 3.2193839300776097e-07 0.0 0.0 0.0 0.0 7.838189175264054e-07 0.0 0.0 1.9123704280036117e-07 0.0 0.0 5.81798518059697e-07 3.957847559437017e-07 0.0 1.5980444643759806e-05 3.6955475023365814e-06 4.748845094162804e-05 8.073782070594051e-08 0.0 2.3675774859494696e-07 0.0001794642781490356 4.709200926733801e-07 9.76049886451521e-06 1.7576010774810888e-06 0.0 3.2231744641693316e-07 0.0 1.5138480067966774e-06 7.491371308056428e-08 7.770011315236013e-07 8.133590822717818e-05 7.60540530259889e-07 0.0 9.185850166775282e-08 0.0 0.0 5.369534571353248e-07 7.607906007683686e-08 3.1362092014275435e-07 2.414481477037756e-07 9.73340577060023e-05 4.01582673326373e-05 4.1325397139829535e-05 4.252533138209052e-05 5.33517955542085e-07 1.2807500998480423e-05 2.68461330321922e-07 7.764423722549217e-06 3.069985283123521e-07 5.682829271747065e-07 6.687576488347445e-07 7.009391668939393e-08 6.28695208977658e-08 1.0848247069238564e-07 0.0001768783041785788 1.1765211501003666e-06 0.0 5.050807104922444e-05 1.7900492545396645e-05 1.8089647117628786e-05 7.959261631670621e-06 4.424993036445634e-06 2.4790864855892096e-07 6.531168659560234e-06 6.14994089730162e-07 4.617370409052295e-06 2.6637569810988305e-06 0.0 6.401812511209671e-07 6.160764149222461e-07 2.0326224836867232e-07 3.3345807941430837e-07 6.375159219053597e-07 0.0 3.124314288029603e-07 2.3734199145337058e-07 3.206296170611845e-07 7.837105787667955e-08 1.6911145205613418e-07 0.00013753592907060866 9.43246401462915e-05 9.480092348366363e-07 1.5681621503898362e-05 0.000509465021046045 6.488571685205866e-08 1.031924833791779e-05 2.362504011284485e-05 3.0364410701302607e-05 9.32491805880656e-07 7.220510610122777e-05 2.572128549412524e-06 1.2903205199898983e-05 8.127514134929996e-05 2.589953742949257e-05 3.4616715400606915e-06 6.60141104787193e-05 9.42822280875438e-05 9.631011738501232e-05 1.743258123379277e-05 0.0 0.0 0.0 0.0 0.0 0.0 0.0 0.0 0.0 0.0 0.0 1.704464839293153e-07 1.433920341889172e-06 2.758728723278127e-07 1.920743405967994e-07 0.0 0.0 0.0 0.0 0.0 0.0 0.0 0.0 0.0 1.305197243501972e-05 3.180349152301476e-06 9.940144546108708e-06 2.8102734538021056e-06 1.620924238097002e-06 0.0 0.0 0.0 0.0 0.0 0.0 0.0 1.7864183323241305e-07 2.29864712648029e-07 0.0 0.0 0.0 0.0 0.0 0.0 0.0 0.0 6.66187922755516e-07 3.939607801747128e-07 1.3986630055079813e-06 1.0828123991037584e-06 0.0 6.664869352633827e-06 3.062324115849008e-07 0.0 0.0 0.0 0.0 0.0 0.0 0.0 0.0 1.8602417830407083e-05 8.215017443147996e-08 0.0 0.0 0.0 2.8005030927513296e-06 1.5988769566677863e-07 1.8508525891863451e-06 5.049803510039492e-07 1.357818367388814e-07 0.0 0.0 0.0 0.0 0.0 0.0 0.0 1.6667051050340501e-07 0.0 0.0 0.0 2.571145173268219e-05 5.143628605296502e-06 7.504439344719028e-06
0.00012533919400547892 0.0005428392425728764 0.0016318422827074765 3.0192849275055465e-05 0.0012066716623902864 3.7160594909399975e-06 5.354495170422448e-05 0.0023160328309223006 0.00144776867128866 9.492515223659843e-06 0.0 2.0383641443522414e-05 0.0004095634028281281 0.002543578438651076 1.8468670863246587e-05 1.8128113125733597e-05 2.1238077694660553e-06 1.2084945383639288e-06 8.199130094812383e-07 9.005937733607777e-07 5.4273819056908805e-06 5.764588842982989e-07 5.04668548209741e-06 2.2510459779425706e-06 1.1012857582765727e-05 3.630863104432841e-06 3.911688362054525e-06 3.5577559498670655e-06 1.461791325378746e-06 1.0671275687782538e-06 0.00021498985905959588 0.00037162250375108116 0.0003470040621162414 1.6291101580134297e-06 2.755748970965629e-06 1.0821179554132947e-05 0.00010476508689500386 1.8177112199580504e-05 3.194528394793766e-05 2.3788048538751062e-05 1.3617687584590611e-05 1.303318744806282e-05 9.190595806484561e-06 5.096069538537722e-06 3.5822202048381056e-07 4.929477945696856e-06 7.559752926153704e-05 8.067122692997332e-07 4.369566409492982e-07 1.322098100581073e-06 5.200683077657067e-06 1.5267244448464494e-06 2.4285676846782256e-06 5.187646291542433e-06 6.560011522307514e-07 3.5825424526948556e-07 2.847008143637949e-05 6.717439647762289e-05 2.4371980835762085e-05 3.10727768437147e-05 4.853395843882383e-06 2.2042954460446493e-05 8.67462589545247e-07 2.3802332776736553e-05 5.7759630902474037e-08 2.098391269874162e-06 6.168041590273464e-06 5.635007866138009e-06 1.9573542785671465e-05 3.065655218834954e-05 2.0062628726218503e-05 9.352999468824095e-07 3.799133128100994e-07 4.023462209757675e-05 2.7134097239227844e-05 2.842367801391476e-05 1.6616902371591655e-05 2.2259417144822904e-05 3.20219456462461e-05 0.00034179928799844746 2.755712095848024e-05 0.00014920944043426748 1.6817567778332989e-06 0.0 1.0194232700681665e-06 2.25141349038199e-06 2.469308930167678e-06 0.0 2.1400110220925403e-06 0.0 1.3172258452364777e-06 2.86583928213058e-07 2.251563345333672e-05 1.0475408908701762e-05 4.84351546891214e-06 1.2578141073213797e-05 3.939064476872376e-06 0.0 1.2874123600422153e-05 2.6993262529645234e-05 0.0 1.8776667231386114e-06 1.9888741146543694e-06 1.2170199470586896e-06 2.2322545460285354e-07 3.994400667234313e-06 9.375062117640847e-08 1.9750624833477637e-06 9.183549731459736e-07 2.16473594957063e-06 1.3465667594592117e-06 6.940216683231269e-06 1.09149718294817e-05 1.7928253400350553e-05 9.1160242624381e-06 1.8252407791800426e-07 2.1805015402345162e-07 0.0 1.4623278878976538e-07 0.0 0.0 0.0 0.0 6.461699916937877e-07 0.0 9.766454225323711e-07 3.5258729408861176e-07 3.253313587655729e-07 0.0 7.594331041198385e-08 3.586755127070605e-07 4.141474571421665e-07 2.1682514488636845e-07 2.054108039932649e-07 7.19735077656435e-08 7.705070569382647e-08 2.0498557348013305e-07 2.240134674329653e-07 1.2564461038938927e-06 8.757964141746178e-06 3.987739592436155e-06 8.384806060943163e-06 4.397359524499086e-06 6.513760094149934e-07 6.327599843712738e-07 4.026090750699491e-07 3.8984755739469945e-07 6.524235838566708e-08 0.0 6.233655644589879e-07 4.4427680739329144e-07 0.0 6.749613168255656e-08 0.0 0.0 2.4550307932907216e-07 5.017044304286895e-07 1.9250027026875596e-06 0.0 0.0 0.0 2.0969823458180142e-07 5.731458941987243e-08 0.0 0.0 2.58024855178857e-07 3.0317186851664526e-06 0.0 0.0 0.0 0.0 0.0 9.232077525530701e-08 0.0 2.3023993963942207e-07 1.6053910361884712e-07 9.313548744447096e-06 6.959038655954493e-07 0.0 0.0 2.5092809334340505e-07 1.9896828994667106e-06 2.220471383426335e-07 2.8063602539256787e-06 7.90294397837327e-08 0.0 6.490884728303495e-08 8.319219439573572e-08 0.0 9.25287948430541e-08 0.0 0.0 0.0 6.304673076908574e-08 1.5841772085046523e-07 7.470571553439425e-07 2.0067220877201706e-07 9.151276414640367e-06 6.68268292320614e-06 5.120060446232889e-06
8.463448954944841e-05 8.777901419150762e-05 4.326484194227755e-06 0.0002971983880770432 2.2805035450077846e-05 7.668752467116732e-05 0.00010818744600395043 0.0 1.373227302412482e-05 0.002246275742914695 2.0383641443522414e-05 0.0 0.001377995335217901 8.357698319077726e-05 2.8453231629356208e-06 2.6959260368503502e-06 8.293989768797228e-08 1.3308476765229415e-07 0.0 0.0 8.48132518795744e-07 3.105856583225655e-07 2.297472927586667e-07 0.0 1.1972902669252395e-06 3.675646779565076e-07 7.646035291023928e-07 1.0247540034407441e-07 1.9645111892214306e-07 0.0 1.0645777462431193e-06 1.777102287851587e-06 2.3014485950558338e-05 0.0 8.888880472271364e-08 3.7361820313264957e-07 9.683892194326404e-05 2.4251800265321724e-06 2.4794294798599598e-05 4.465337546772789e-06 1.3537817170475386e-06 2.1798591428791528e-06 4.113875475193553e-07 7.3454664274004e-07 0.0 7.028313922021644e-07 1.8867772065409147e-05 3.59590079456072e-07 1.0213992754108315e-07 0.0 1.2820669333135316e-06 8.246493608699402e-07 1.2294108664737308e-06 5.647898265322698e-07 2.958671924521846e-07 7.17952751651476e-08 7.079921563614895e-06 4.728987130287486e-06 4.858161713351097e-06 5.186189250723543e-06 2.0496013750019532e-07 1.4098912035194105e-05 8.688749653123636e-07 1.5167769664989773e-06 8.459931985919428e-08 2.406453449754505e-07 1.1123352489119355e-06 4.889420531319341e-07 1.909561832945371e-06 2.9512193763659756e-06 9.203449829572949e-05 1.8694189413319821e-06 2.9173775588807926e-07 5.8486796504342536e-06 1.7872423522745426e-06 4.321042988470907e-06 2.0421537200761927e-06 1.751909351567589e-06 7.144641166325529e-07 4.25921977241998e-06 5.304403827105543e-07 7.450317416021197e-06 1.770341029677334e-07 0.0 8.799775192811941e-08 5.519676416202951e-07 1.564953118066013e-07 1.685905258319992e-07 3.8986838227671427e-07 0.0 1.1540802237379589e-07 7.250894616412074e-08 2.413698286904707e-06 1.3640512933690366e-06 8.93311985710777e-07 0.0003263913092001091 9.902702038635097e-06 0.0 3.3106058172181595e-05 2.8321637617319087e-05 0.0 4.000491715991258e-06 3.166762062948789e-06 1.671741736762132e-05 6.275809102738778e-07 1.1527324139217193e-05 1.1763614191996624e-06 6.69629129149733e-06 1.7936068973280753e-05 1.2268169096479988e-05 6.989738270295864e-06 2.1165481798883207e-05 4.457943564409686e-05 4.0712179407245264e-05 1.8784718569841272e-05 0.0 0.0 0.0 0.0 0.0 0.0 0.0 0.0 1.6340436757173303e-07 0.0 2.9809679495566023e-07 1.479632641888273e-07 9.555373767852229e-07 0.0 2.484564126072952e-07 1.915926704214244e-07 8.114382655555281e-08 2.2247649063067735e-07 4.332206244942987e-07 1.047951440811317e-07 0.0 0.0 1.0691148814499557e-07 1.0390324488997802e-07 1.1637587009480702e-05 2.805155972687671e-06 9.590633691914563e-06 2.4100433746366916e-06 9.686575109193865e-07 0.0 0.0 0.0 0.0 0.0 4.011756495967317e-07 0.0 0.0 0.0 0.0 0.0 1.1643641182679211e-07 3.9391585944064606e-07 7.20639787412181e-07 8.276638639328456e-08 0.0 0.0 0.0 4.942001595080691e-07 9.993937142786922e-07 0.0 0.0 3.509688308983941e-06 1.3917521687834227e-07 0.0 0.0 0.0 0.0 0.0 0.0 0.0 0.0 1.971006919570037e-05 1.954382820059268e-07 0.0 7.445657077215175e-08 0.0 5.515535209436691e-06 0.0 2.0469577611480737e-06 0.0 1.0558288359568779e-07 0.0 0.0 7.439064000682274e-08 0.0 0.0 0.0 0.0 0.0 5.698763348226067e-08 0.0 7.42019729237423e-08 2.669011642817301e-05 3.5212664540611906e-06 7.396484020383826e-06
