0.0 0.002118868425249389 0.00017235209908572828 0.0011590701357285793 6.692303083380938e-05 0.00018753422961493202 0.0006292565601825012 3.951055075471612e-06 5.9992255158284486e-05 0.001366846907379739 4.758984081214036e-05 4.467732570907976e-05 7.58809056495704e-05 7.161574128864685e-05 1.7317590745226471e-07 1.7212922902769083e-07 0.0 0.0 0.0 0.0 0.0 0.0 0.0 9.304598338355096e-08 2.3452532744676148e-07 0.0 9.771961579058794e-08 1.9518434370652327e-07 0.0 4.848066332004704e-08 0.00036606602032340226 7.428982726841339e-07 7.024594255210491e-06 0.0 0.0 4.4713077322935445e-07 5.980463348483653e-06 2.483039946762412e-07 8.253574900658576e-07 3.4050818836602603e-07 8.272968224351555e-08 5.426192625982779e-08 1.2726429859316798e-07 1.4881046410274574e-07 6.358469994212471e-08 5.5238971150466545e-08 4.555616325070314e-05 2.9896909949439857e-06 6.150235676657307e-07 7.421217151021492e-08 2.3292675621606677e-07 3.024936364306298e-07 0.0 6.83131831755875e-08 7.0336357476625255e-06 9.063447464135565e-06 0.00012898404467649006 0.0003304712349671457 3.5219465348728514e-05 2.2112589889189888e-05 1.0761671941377772e-07 1.1236582052752235e-06 0.0 3.0509760732293435e-06 2.857991985280138e-06 1.3433648296740094e-06 5.247879328001654e-07 1.5456650234039046e-07 0.0 5.973458373825706e-08 8.817457823232542e-06 2.602421571470021e-06 0.0 0.0001804281624125101 4.039932287781937e-05 1.7820181888729283e-05 2.2319850885356366e-06 1.223547398404807e-07 1.3481346103891278e-07 6.55599332953806e-06 5.4114331903607006e-08 1.1094341217124484e-06 1.8650306875323932e-05 7.811601946627803e-07 4.2511830284403215e-06 4.171592131871365e-06 1.4427747484039024e-07 6.789693208203189e-07 6.485759477034927e-07 3.184421491317192e-07 5.68183066486178e-07 1.9375955276431094e-07 1.0548121515317887e-07 7.40440422430495e-07 2.63683464202128e-07 6.334514659190096e-05 3.0355207373510237e-06 1.0728197355211803e-07 1.864532511807061e-06 0.0011231571964505738 0.0 2.9578018263333065e-07 2.6446768632958725e-07 5.956005571391918e-07 8.736812856885256e-08 7.208384510910073e-07 2.3071041553737514e-06 1.7814670162305355e-07 4.204722693775413e-06 5.723477498018176e-06 2.724957993922437e-07 2.4340009908672507e-06 1.1431312877967329e-05 3.2207497319478566e-06 2.077647465206345e-06 2.0970541449389615e-07 0.0 0.0 0.0 0.0 0.0 0.0 0.0 0.0 0.0 0.0 0.0 0.0 0.0 0.0 0.0 0.0 0.0 8.235847540546304e-08 9.809950405440568e-08 0.0 0.0 0.0 0.0 1.364015300716203e-06 3.362158961862069e-07 1.6436284779818076e-06 1.521569969029589e-06 6.016982469180823e-07 0.0 0.0 0.0 0.0 0.0 9.53275511149181e-07 0.0 0.0 6.159139703083186e-08 0.0 0.0 0.0 0.0 0.0 0.0 0.0 0.0 0.0 6.945302503574802e-08 0.0 0.0 0.0 8.93478619462366e-07 0.0 0.0 0.0 0.0 0.0 0.0 0.0 0.0 4.049505079443524e-07 3.906225538542132e-06 0.0 0.0 0.0 0.0 1.0980128789544675e-06 0.0 8.794794258056685e-07 1.0022373156790043e-07 0.0 0.0 0.0 0.0 0.0 0.0 0.0 0.0 0.0 0.0 0.0 0.0 5.591291063734995e-06 6.519161920350426e-07 6.352753255109642e-07
0.002118868425249389 0.0 0.00033732029532634216 0.0011719264196124565 0.0014163223091860641 0.00011005842176523333 0.0026843421756674673 5.77345103924569e-05 0.0010513901735901836 0.0022199199052661102 0.0005309130926641741 0.00018802198355170692 0.0006578053242903368 0.0011914709554055357 1.5905397735630256e-06 8.113181776991841e-07 2.1861199070916027e-07 1.455055475078618e-07 0.0 3.1966166685107345e-07 5.400508101709325e-07 8.943228425860816e-08 0.0 1.1586439261442095e-07 1.049094135004714e-06 5.146897701893523e-07 0.0 7.130229570730102e-07 0.0 0.0 0.001900107799447503 2.5342169187642634e-05 2.5295534374532624e-05 0.0 2.0000853510585242e-07 1.3715353378891446e-06 1.787472985936759e-05 2.510180193351696e-06 1.911763722678002e-06 2.220855278103949e-06 1.27369452109794e-07 2.7658753849503176e-07 9.150057829700941e-08 3.0513527894337465e-07 0.0 1.3747873463542773e-07 0.000117094365461841 5.62785739094954e-06 1.821167176254939e-06 5.333714699248775e-08 1.2827370911395417e-06 1.3720788528158554e-07 1.1195059744429045e-07 5.381338086951823e-08 1.1327765000142923e-05 2.0810361924676947e-05 0.00014392599973974416 0.0005609521419028676 5.947060886449462e-05 5.274426720733706e-05 1.048793960543385e-06 4.477830483093046e-06 0.0 2.932592216016148e-05 8.599438056521927e-06 3.2010301111001112e-06 1.1292518968037734e-06 1.1102562087181944e-07 0.0 1.1672030227282031e-07 1.746664258939105e-05 1.670893922265388e-06 1.475562257394363e-07 0.00034302762186900614 0.00014155646898966084 5.847310040642292e-05 1.2655252868050929e-05 9.402969668170785e-07 7.700613459593463e-07 2.6053153395855838e-05 3.8221702086551926e-07 3.677459580754266e-06 3.626005574641581e-05 1.5094887785516138e-06 9.346508199487573e-06 1.0372864741949003e-05 5.889301866879397e-07 2.9035214646914927e-07 2.160138904033697e-06 1.231829407757355e-07 2.4142476662558412e-06 7.228520561943728e-07 2.440243452021256e-07 2.404648321370902e-06 5.652702660141295e-07 2.1578389818660383e-05 1.049821752313724e-05 5.042369389577514e-08 5.2825167496642105e-06 0.0007756257286353165 5.768010257675955e-07 1.1123348435691039e-06 1.3826423722259635e-06 1.9198491655289875e-06 1.548456931480798e-06 1.6301273583624128e-06 8.974276968372092e-07 1.0918989393273501e-07 4.625733809030808e-06 3.102446106589596e-06 4.30771860796621e-07 7.782426401488953e-06 8.277861098172907e-06 7.36546956265698e-06 7.263626861543301e-06 7.195522290600479e-07 2.883697054582748e-07 0.0 0.0 0.0 0.0 0.0 0.0 0.0 0.0 0.0 0.0 9.740172181076038e-08 0.0 1.4692530969878586e-07 9.883541172029272e-08 3.939228307430545e-07 0.0 0.0 1.3408815827086327e-06 0.0 0.0 1.6432002347835705e-07 3.5934125149168534e-07 6.221309381216637e-06 6.998926193267708e-07 8.407525583330393e-06 2.0088061619633724e-06 2.8852686607788688e-06 0.0 0.0 0.0 0.0 1.723975235330415e-07 0.0 0.0 0.0 4.4982393767682726e-07 0.0 0.0 0.0 5.897165538763107e-08 0.0 1.3323356296818284e-07 0.0 1.0410467290416175e-07 0.0 0.0 0.0 0.0 4.31348103079553e-07 5.644227286701233e-06 2.6444033680296326e-07 0.0 0.0 0.0 9.51140851759271e-08 0.0 0.0 0.0 0.0 1.1094289052683301e-05 1.247312244935477e-07 0.0 0.0 0.0 3.587767023202749e-06 0.0 1.4000492430370693e-06 6.244037571411568e-08 1.5475991701896306e-07 5.79173159589568e-07 0.0 3.189932021262566e-07 0.0 7.21954196429653e-08 0.0 0.0 0.0 0.0 0.0 0.0 8.906131818340654e-06 2.4519613481028437e-06 5.279764348145477e-06
0.00017235209908572828 0.00033732029532634216 0.0 5.679510832076847e-06 0.00027101851896129547 2.2972235899678267e-06 5.494997205428806e-05 0.0009714979400835963 0.00041520438977984985 5.299724276524602e-05 0.0019943397353430073 5.606618530711091e-06 9.691719326649431e-05 0.0008082208229503187 1.072396450246748e-06 5.984384474298266e-07 4.0786518028559267e-07 4.4709281981671415e-08 5.1355292837900456e-08 1.7524689293501737e-07 7.388990494513744e-07 1.1795646445066403e-07 3.731336390164304e-07 2.68523202233961e-07 6.190740102986841e-06 2.4960059394527166e-06 1.5332832309701493e-06 2.1606479006806903e-06 2.5232307489975175e-07 1.0257553790227113e-07 0.003001981441329834 0.00035803680129465893 7.515694335234467e-05 7.231501690700381e-08 1.6044927725235334e-06 1.809256568710503e-05 5.298573691653012e-05 2.1000556001713978e-05 6.938479363301971e-06 8.444717509465266e-06 3.4673930396908704e-06 3.2671132555618072e-06 1.6259310778948155e-07 2.2698976893684573e-07 7.810598827105231e-08 0.0 3.389810663823825e-05 1.6040873054201648e-06 4.73612683423881e-07 1.8340605201841788e-07 3.8512306237205354e-07 1.0798655523412486e-07 0.0 8.266244470214593e-07 2.8488855389671424e-06 5.611190085537903e-06 5.6837185790080204e-05 0.00038268928448775754 1.72359289415909e-05 1.4406887920149e-05 4.472514915912657e-06 5.05437733887312e-05 6.433973811115196e-07 3.821181071995485e-05 1.9049785408769157e-06 8.644355318348128e-07 2.950228901267038e-07 7.333693100808069e-08 0.0 4.765990129414259e-07 1.640967881528719e-05 3.693183476740998e-06 3.953500247605806e-07 0.00011652468836548894 5.2477391088100495e-05 1.6952778136446577e-05 5.584773903247539e-06 2.539430071933885e-06 9.926237091744662e-06 0.0004195435844096006 9.537827269908885e-07 5.9632027293420556e-05 9.46007360789258e-06 5.111545479154994e-07 2.216290740257053e-06 1.931504728366487e-06 2.5024824449649693e-07 0.0 5.431072437192635e-07 2.0242852301075807e-07 6.051151367043776e-07 1.8739570848187563e-07 8.483293116247608e-07 1.2727901856776384e-06 4.188010954236448e-07 1.640630404761682e-05 3.723895603885659e-06 0.0 3.984283359065684e-06 7.377659178375384e-05 2.0423159342110445e-07 1.7266252961954168e-07 1.813108688320317e-07 0.0 2.9407980701413146e-07 1.0477371031976922e-06 6.30688542775321e-07 9.105384710208415e-07 3.1178372070000013e-06 2.6943045068745385e-06 0.0 3.878159612164653e-06 4.665362443415662e-06 3.7857744390786567e-06 5.079040865249579e-06 6.535623998071157e-07 2.7963455198813256e-07 0.0 0.0 0.0 0.0 0.0 0.0 0.0 0.0 9.260922065093793e-08 0.0 4.183188563878828e-07 1.4844747325271347e-07 1.2453977780717943e-07 1.5488359698148208e-07 0.0 2.0128021220728118e-07 1.838483342355938e-07 9.026787401806464e-07 0.0 0.0 1.3207366984760391e-06 0.0 3.9226838877017975e-06 1.1788924360434396e-06 5.560701675559151e-06 3.3623744393015754e-06 1.1996777879086672e-06 1.1569339483419664e-07 0.0 0.0 6.838689434889719e-08 1.4681673116744937e-07 0.0 0.0 0.0 5.73458965217019e-07 0.0 0.0 0.0 3.512973084865934e-07 0.0 0.0 0.0 0.0 2.7184297742294317e-07 5.570392828039289e-08 0.0 0.0 2.6497752278816357e-07 3.772045386500972e-06 3.348213586974188e-07 0.0 0.0 0.0 0.0 0.0 0.0 0.0 1.4948702845614663e-07 1.0287626066950064e-05 5.882796969664701e-07 0.0 8.878408125301602e-08 0.0 1.8747975439676647e-06 0.0 6.781265091871562e-07 1.4818524967447137e-07 3.5290531494983596e-07 2.433065643127636e-07 0.0 7.368150671255035e-08 0.0 0.0 0.0 0.0 0.0 0.0 0.0 0.0 5.529837370508303e-06 3.0191661504538543e-06 6.31182216402292e-06
0.0011590701357285793 0.0011719264196124565 5.679510832076847e-06 0.0 3.2349193542353623e-05 0.0002421979756561853 0.0008920159278082199 1.197145346197288e-06 6.848224508893e-06 0.0020265035424210337 4.477836351655917e-06 1.9982136397108254e-05 0.00015438491691387995 2.322105267521273e-05 0.0 0.0 0.0 0.0 0.0 0.0 0.0 0.0 0.0 9.334833578998064e-08 0.0 0.0 0.0 0.0 0.0 0.0 4.87132630607153e-05 5.67173238589153e-07 5.066402975814856e-07 0.0 0.0 1.7096379820976777e-07 9.833383880533232e-07 0.0 1.9995703846665412e-07 1.0504052655436899e-07 0.0 0.0 6.446980064170443e-08 0.0 5.22682742702262e-08 0.0 2.3133810376726414e-05 9.338600437495743e-07 7.543406700935354e-08 0.0 1.0009686942775532e-07 0.0 0.0 0.0 1.2952778255041045e-06 2.367795026491042e-06 2.493172746036022e-05 3.8002736772944154e-05 6.947471833017608e-06 1.1214088665781438e-05 0.0 3.7398174753349534e-07 0.0 2.6574745850640463e-06 9.602840221221676e-07 2.466404493481672e-07 9.416872040658312e-08 0.0 0.0 1.1431085754465985e-07 2.63065195926287e-06 7.241754778311898e-07 0.0 4.4552396461062144e-05 1.5645161905401124e-05 8.24010221827358e-06 4.64239662701549e-07 0.0 0.0 7.313624032336848e-07 0.0 1.3780868446467172e-07 4.630368825282328e-06 5.932319748095778e-08 4.323025135302887e-07 1.380693498382893e-06 0.0 0.0 1.6133278332174588e-07 0.0 1.273575530926613e-07 5.2543403627679924e-08 0.0 2.601134959887905e-07 1.2920527011278508e-07 7.574146263611438e-06 0.0 0.0 1.2607496349975496e-07 0.0004891887707101922 2.84338427730382e-07 0.0 3.2435961838028626e-07 1.75382021654242e-07 0.0 3.1971914335347375e-07 5.962252656568739e-07 0.0 6.894942949023931e-07 1.6121874803875994e-06 8.578999106698408e-08 1.8160298869081987e-06 2.117338306357637e-06 1.2499671170102122e-06 1.778742262725675e-06 0.0 0.0 0.0 0.0 0.0 0.0 0.0 0.0 0.0 0.0 0.0 0.0 0.0 0.0 0.0 0.0 0.0 0.0 0.0 1.2125686326395806e-07 0.0 0.0 0.0 0.0 1.5123698736068381e-06 6.777607307697599e-07 8.661156558529991e-07 5.601434186620152e-07 0.0 0.0 0.0 0.0 0.0 8.864627120765186e-08 0.0 0.0 0.0 2.125073193640951e-07 0.0 0.0 0.0 0.0 0.0 0.0 0.0 0.0 0.0 0.0 0.0 0.0 0.0 1.499661278107724e-06 1.7916692092364597e-07 0.0 0.0 0.0 0.0 0.0 0.0 0.0 0.0 2.7256525535156086e-06 0.0 0.0 0.0 0.0 7.978947659467792e-08 0.0 0.0 0.0 1.8721806303646751e-07 0.0 0.0 0.0 0.0 0.0 0.0 0.0 0.0 0.0 0.0 0.0 3.7643299363026176e-06 1.2628627223598e-06 1.2871503263055756e-06
6.692303083380938e-05 0.0014163223091860641 0.00027101851896129547 3.2349193542353623e-05 0.0 1.395539199349631e-05 0.002127883107880225 5.212100159725558e-05 0.0038034224486929555 0.0008433947870393289 0.0007321419512632993 7.57093673645875e-05 0.000803831205522134 0.002178345183791035 1.0521784062833913e-06 5.323674954134064e-07 7.513366235870448e-08 0.0 0.0 6.384898257647782e-08 0.0 0.0 0.0 0.0 6.981372916990275e-08 0.0 0.0 0.0 1.2740043913357727e-07 0.0 0.00014253420735724407 1.445130345526342e-05 7.478839087539719e-06 6.105568830456125e-08 0.0 2.948163470682589e-07 6.058525909389455e-06 3.906895662653692e-07 8.920166086778727e-07 1.2781165338127517e-07 0.0 0.0 0.0 2.1159373083905848e-07 6.25994795363131e-08 0.0 4.645625150099104e-05 9.75379291313679e-07 4.465227243474795e-07 0.0 5.603090335535366e-08 0.0 0.0 5.651242399807451e-08 2.619149292724599e-06 4.140196893890238e-06 1.2416783340207432e-05 6.362981432189501e-05 6.8530269208413296e-06 1.6904020431427037e-05 1.6554199486408445e-07 5.727058110590377e-07 0.0 2.0719076019421595e-05 1.4229972058524356e-06 6.373723502119067e-07 1.629101214848784e-07 0.0 0.0 1.296684818511677e-07 1.1925403086897394e-05 5.434628786292825e-07 0.0 5.9456961807376196e-05 4.0466434159082426e-05 2.647105296366297e-05 6.954359623605041e-06 7.313179134561913e-07 4.690075057790989e-07 3.7595843482320264e-06 1.8082793163965215e-07 2.1743550068568778e-07 7.007933961719663e-06 2.612365163217544e-07 2.1831180764735073e-06 1.4233837367223318e-06 1.9888947099372088e-07 0.0 2.636956515882985e-07 1.2136671668998733e-07 3.48541906918046e-07 1.3879720846665156e-07 6.611214325685179e-08 4.197602260202074e-07 1.8821957882245963e-07 9.261281216082425e-06 2.8952359038465863e-06 0.0 3.906448093670826e-06 2.040738587447432e-05 0.0 1.107467022440288e-07 5.02094033225186e-07 0.0 1.0686858388887289e-07 1.8503140463814137e-06 1.5660385488696182e-06 6.133376914441092e-07 6.9870285269162285e-06 3.339737616559628e-06 4.7325170609800645e-07 5.010791376217572e-06 7.044441588128172e-06 7.543125313463872e-06 2.5564660192168697e-06 2.600277087296408e-07 2.0496596311879066e-07 0.0 0.0 0.0 1.0786745376246695e-07 0.0 0.0 0.0 0.0 0.0 0.0 0.0 0.0 0.0 0.0 0.0 0.0 0.0 2.676410611113467e-07 0.0 0.0 4.89360860589494e-07 0.0 3.2445235786279646e-06 1.059965832381723e-06 6.956870660239259e-06 2.7151505224788986e-06 1.0612568453859919e-07 1.431250105109498e-07 0.0 0.0 1.2471727147940987e-07 0.0 1.0902460282399279e-07 0.0 1.7832059321186624e-07 1.7359388066547673e-07 0.0 0.0 0.0 0.0 0.0 0.0 0.0 0.0 0.0 0.0 0.0 0.0 1.093867740988654e-06 4.699697047234042e-06 1.253430120547003e-07 0.0 0.0 0.0 0.0 0.0 0.0 0.0 0.0 7.539395614099201e-06 1.086311258016637e-07 0.0 0.0 0.0 1.400236981398795e-06 1.6261564104726613e-07 8.458773805250525e-07 0.0 9.014120665349769e-08 4.7165560877010846e-07 3.8781825552100177e-07 1.647707898161671e-07 0.0 0.0 0.0 0.0 8.698063140972543e-08 0.0 0.0 0.0 1.0134378858016053e-05 2.760279882261847e-06 3.293165222698507e-06
0.00018753422961493202 0.00011005842176523333 2.2972235899678267e-06 0.0002421979756561853 1.395539199349631e-05 0.0 9.422208616787872e-05 9.386470861341049e-08 4.618129294907151e-06 0.000610986245307962 7.257755991719393e-06 0.00017131901349730507 0.00013818649000588094 3.151440891936847e-05 8.816954153824085e-07 4.7589766402810436e-07 0.0 0.0 0.0 0.0 0.0 4.7332594847743815e-07 0.0 0.0 2.372646258811534e-07 0.0 0.0 0.0 6.18752887597456e-08 0.0 1.536715114934582e-05 0.0 1.7405309662081865e-05 0.0 0.0 7.138525340850764e-07 2.497240340049878e-05 6.418003073761783e-07 3.4736220183275893e-06 9.093413651407292e-07 9.398563136320105e-08 0.0 0.0 7.545245180028058e-08 0.0 0.0 4.88894306805738e-06 1.5832238257821554e-07 0.0 0.0 0.0 4.651711245419037e-06 3.8100186915457715e-07 0.0 6.149340316090915e-07 5.743751692998182e-08 8.90049490585838e-05 1.8701623304110127e-05 2.808402305232324e-06 1.8523475793030128e-06 1.4362611495270167e-07 1.5457636911467366e-06 1.5301102963306058e-07 4.253954528083919e-07 3.400628099760248e-07 1.504158246535902e-07 0.0 8.302781029649883e-08 0.0 0.0 6.372718457100783e-05 3.0381168327331365e-05 2.370926172915656e-06 8.28653434336386e-06 2.0130249959251787e-06 1.493459375805909e-06 4.578965303987657e-07 7.628876248233124e-08 0.0 9.116636313556107e-07 0.0 1.2413061603875485e-06 3.694996174629917e-07 9.908102119468107e-08 1.1662549968691436e-07 5.656590987772205e-07 0.0 6.74450562822927e-07 5.242887659959824e-07 1.8190708294741905e-06 5.321711110396566e-07 7.92628504812723e-07 0.0 0.0 7.765551030227985e-08 0.0001056368430812376 2.6489341505099844e-05 6.710501303082018e-06 1.7687094010304832e-05 0.0005508086268408775 0.0 1.207541378846682e-06 7.230900567734513e-07 1.3144054196584355e-06 6.513533513237026e-07 2.3154826621126902e-06 1.0298430951244691e-05 3.631282553491536e-07 1.035098812069959e-05 1.985608256549394e-05 5.056431680403293e-07 1.095135351580741e-05 1.9455021103573535e-05 9.76152012575642e-06 5.465859805695666e-06 1.3602683194456982e-07 0.0 0.0 0.0 0.0 0.0 0.0 0.0 0.0 0.0 0.0 0.0 0.0 0.0 7.953601032878988e-08 0.0 9.721541517601074e-08 3.2953807873103495e-07 5.415023435470581e-07 5.695971574193614e-07 0.0 6.312599080801425e-08 0.0 0.0 6.713867126253118e-07 2.7307995411684057e-07 7.871309069539103e-06 6.672022957611058e-07 9.592453370849528e-07 0.0 0.0 0.0 0.0 0.0 0.0 0.0 7.812404422009432e-08 9.908236792867799e-07 0.0 0.0 0.0 7.777908402357449e-08 0.0 0.0 0.0 0.0 0.0 0.0 1.0953398801032067e-06 0.0 0.0 2.5458726359044944e-06 0.0 0.0 0.0 0.0 0.0 0.0 0.0 0.0 0.0 1.5312990713809928e-05 1.0531307981508628e-06 0.0 0.0 0.0 1.0498486981236951e-06 0.0 1.5080988752038517e-06 0.0 1.473731619915839e-07 0.0 1.0162777511671932e-07 3.396085123822799e-07 0.0 0.0 0.0 0.0 0.0 0.0 0.0 0.0 2.8955638932722847e-05 9.118898391587818e-07 1.4181372870470727e-06
0.0006292565601825012 0.0026843421756674673 5.494997205428806e-05 0.0008920159278082199 0.002127883107880225 9.422208616787872e-05 0.0 2.2486675234564942e-05 0.0009901872359250115 0.0028553827533831103 0.00025093870880666226 0.0003687609537530297 0.003350747713990111 0.0016753427940366218 1.8492127549083928e-06 5.001302603151703e-07 1.4883878497770714e-07 0.0 0.0 3.699258572552833e-07 1.8675502330768632e-07 0.0 0.0 0.0 1.263463476010933e-06 1.5076476130736615e-07 7.219343141433724e-08 0.0 0.0 0.0 0.000177648066384189 2.1069113661124225e-05 1.3147572506267101e-05 0.0 1.4866162014736177e-07 5.486744735942791e-07 2.4633746086034976e-05 1.182369159875496e-06 3.3254274851937487e-06 5.086126153214066e-07 2.1568991689595355e-07 8.589287608051392e-07 0.0 3.863634286669199e-07 0.0 1.7191776851828808e-07 0.0001153706699444771 2.806310542001542e-06 1.1507829861776984e-06 1.022444295377706e-07 5.078727362573693e-07 0.0 0.0 1.0594890925940997e-07 5.616534707163613e-06 8.819835911622187e-06 2.9709864136312328e-05 0.0001297158355025202 1.9361157611675105e-05 4.575452138909721e-05 4.659179199096494e-07 1.210378985827385e-06 0.0 3.393172009686183e-05 3.363239485705273e-06 1.7494262009197908e-06 3.2038198235250335e-07 5.183786577465345e-08 2.2986495495635072e-07 2.072362470203053e-07 3.879687340735097e-05 4.063376090533431e-06 1.252297842050199e-07 0.0001414475378512892 0.00010021510971057788 5.590353940755111e-05 1.636890955488076e-05 2.4413733628564886e-06 1.3518884922801135e-06 3.3874813603926035e-06 1.1197712739575484e-07 1.3186474142071606e-06 1.5973763143956294e-05 4.884019475344861e-07 4.429961602275046e-06 3.541898072724802e-06 3.014809906116053e-07 2.889601132377935e-07 8.089931492124681e-07 2.3837472525758796e-07 6.614130849659187e-07 2.3492057515616387e-07 1.2999076713493713e-07 9.99670790771016e-07 6.678760017196597e-07 5.550044131147718e-05 1.1107183964935378e-05 4.562108970142284e-08 1.2498460399576915e-05 5.950782253466675e-05 5.74877406981297e-07 8.106652849024005e-07 5.234259491402653e-06 1.3829653809618793e-06 1.5853252721416757e-06 4.343976521965429e-06 4.5203765824456096e-06 9.19957241238042e-07 1.7614996980153877e-05 1.3977873779937226e-05 2.7966948764408932e-06 1.971365230176308e-05 2.5104184175432564e-05 2.0321576163012442e-05 1.5770401888763682e-05 1.1843186964614416e-06 1.0981014284854515e-06 0.0 2.9628251137871606e-07 0.0 0.0 0.0 0.0 0.0 0.0 0.0 0.0 1.0845968282011819e-07 0.0 0.0 0.0 0.0 0.0 0.0 1.4738835954577892e-06 0.0 0.0 1.5510347786678438e-06 0.0 1.1351740725385817e-05 3.2198341096622383e-06 1.5008739604690644e-05 8.169293965002074e-06 2.36821566079397e-06 0.0 0.0 0.0 7.832578618701753e-08 8.369422102431068e-08 1.5016212162154494e-06 0.0 1.3735661793663923e-07 2.584207171230464e-06 0.0 0.0 0.0 8.523139798097778e-07 0.0 0.0 2.616603783342618e-07 0.0 4.103805626917974e-07 5.904890439371326e-07 0.0 0.0 5.676507473608763e-07 1.0604198466655359e-05 1.1182403429730547e-06 0.0 0.0 0.0 0.0 0.0 0.0 0.0 1.3940946146554922e-07 3.358766426611691e-05 2.0617004044686558e-07 0.0 0.0 0.0 7.608440394582427e-06 0.0 4.204984360852004e-06 1.56778773474277e-07 3.4523941869400543e-07 1.7061283285451637e-06 7.480296378178382e-07 2.853438339688296e-07 0.0 0.0 0.0 0.0 0.0 0.0 0.0 0.0 3.062895645003566e-05 1.1666116430944365e-05 1.2934796614146831e-05
3.951055075471612e-06 5.77345103924569e-05 0.0009714979400835963 1.197145346197288e-06 5.212100159725558e-05 9.386470861341049e-08 2.2486675234564942e-05 0.0 2.5640113271298115e-05 8.397140356931253e-06 0.0015360702109011352 3.6871656651855382e-06 1.1100516913257614e-05 0.00029935142060130937 2.75148010883174e-06 2.052086039098229e-06 4.024775309640009e-07 2.1954225404732174e-07 7.217581560751057e-08 4.804090154944238e-07 7.25914574329398e-06 2.1111645984531362e-07 8.76014074843729e-07 1.2655893477338524e-06 1.5142087169551716e-05 8.58052380992351e-06 4.708854919358754e-06 9.84057772679263e-06 5.858674292572041e-07 3.791737106379547e-07 0.0013501676229462686 0.001251183227219363 8.920757456800192e-05 3.002464422885513e-07 6.432219373890095e-06 5.679615008174209e-05 6.852140622651378e-05 4.2736507966046307e-05 9.279476796447947e-06 1.162643190355727e-05 1.5192319983380986e-05 1.1690080393765985e-05 2.4335395801705774e-07 2.1290187180057032e-05 1.542042450607171e-07 2.2256385463954612e-06 8.305136642961463e-05 1.1651122004911233e-06 1.8661593836762931e-07 2.4178751716808494e-07 2.3332258066354445e-07 2.567836228243844e-07 1.4354958079828652e-07 1.4122432465180385e-06 2.6761271544676627e-06 3.966893507086906e-06 2.4728192637361576e-05 0.0002472757182334363 1.2203903493578638e-05 2.0688111028044654e-05 4.215000797653903e-05 0.00014850536417177547 3.962155720157649e-06 0.0002527520545570975 9.373776906894477e-07 6.409892871646407e-07 5.381980947541561e-07 4.497488251311767e-07 3.466501554399615e-07 3.1908847925629823e-06 8.55134195607957e-06 1.9258944986206725e-06 1.2924310716598916e-07 8.41602290671333e-05 8.406746428403431e-05 3.318718480880109e-05 7.666648891430112e-05 0.00014740700284184138 0.0004886638382741495 0.0012962052032142518 2.7112568848104113e-05 0.0005430075563945784 6.088489987014012e-06 5.347578673122342e-08 2.3077358429280556e-06 1.2879155160765489e-06 6.365623418215539e-07 1.226545525757366e-07 3.176195081538746e-07 9.548057692725866e-08 4.5112775021908394e-07 6.44610190456419e-07 6.4713386220767995e-06 3.2326903551677386e-06 1.0673586735135282e-06 7.078419626161045e-06 1.0903764216360077e-06 1.7557906371176197e-07 4.382063267342357e-06 8.595453201149992e-06 6.054489567496533e-08 0.0 0.0 0.0 0.0 6.79701100255772e-08 0.0 8.580564394071231e-08 5.173898858483643e-07 7.582663845172223e-08 4.561167065801392e-07 3.181732020017043e-07 1.7046369547098877e-07 7.014323126827248e-07 3.095232843481661e-07 6.212611569007319e-07 1.2256014965919862e-07 0.0 8.3803275111604e-08 0.0 0.0 0.0 0.0 0.0 0.0 0.0 9.576261196429836e-08 3.751454177825569e-07 8.770049159162216e-08 0.0 1.9519374352532972e-07 8.322697717850677e-08 7.906617116164708e-08 1.4458114261436007e-07 3.6552738456033554e-07 0.0 0.0 1.4783620677947099e-07 0.0 9.334249201672808e-07 1.0692152540872306e-06 2.0563191498569517e-06 7.894160838514436e-07 1.0306956161937202e-06 0.0 0.0 0.0 0.0 6.11045592677851e-08 8.326845678797599e-08 0.0 0.0 6.425574987006868e-08 0.0 0.0 0.0 4.467339824926453e-07 0.0 0.0 0.0 0.0 0.0 0.0 7.277448996610875e-08 0.0 0.0 9.607937472804133e-07 0.0 0.0 0.0 0.0 0.0 0.0 0.0 0.0 0.0 1.5180671300927542e-06 7.223564510007597e-07 1.0019178837309757e-07 0.0 0.0 4.5575732287263057e-07 0.0 1.9240524528582894e-07 3.255553228880573e-07 5.668990755209307e-08 5.472798425120315e-07 5.966603791209557e-08 9.919887812628183e-08 0.0 0.0 0.0 0.0 0.0 0.0 0.0 1.2114981258261057e-07 5.322186666353403e-07 3.7839542284174404e-07 2.476406912512878e-06
5.9992255158284486e-05 0.0010513901735901836 0.00041520438977984985 6.848224508893e-06 0.0038034224486929555 4.618129294907151e-06 0.0009901872359250115 2.5640113271298115e-05 0.0 0.0002855280463613865 0.0004582727300735135 3.3262541501844444e-05 0.0007127009422389259 0.002823670031654937 6.214203872005773e-07 5.648439351579313e-07 0.0 0.0 0.0 0.0 1.956337592630518e-07 0.0 7.589108640208544e-08 0.0 3.13751128577622e-07 1.1662919789334462e-07 8.032811960238435e-08 0.0 0.0 5.6448588199528066e-08 8.701487247067526e-05 5.357417207476252e-06 2.628743736347719e-05 0.0 2.0641369710636743e-07 1.716280385811383e-07 1.126280205303309e-05 7.231863113227575e-07 1.1478938066712082e-06 5.4414002983897054e-08 0.0 0.0 0.0 3.3359495553490214e-07 0.0 0.0 2.6023997899953765e-05 7.537013002868863e-07 4.5987004208768463e-07 7.190965098575385e-08 5.139766790911816e-08 0.0 0.0 0.0 9.226336296902715e-07 2.0865095415259033e-06 6.67260294869148e-06 3.538785735044192e-05 4.29448260067454e-06 9.825937812548003e-06 8.311396687038103e-08 9.843249035902514e-07 0.0 9.222931518616001e-06 2.676521253760021e-07 5.715094033355433e-07 1.743090763517118e-07 0.0 0.0 0.0 1.645055171653758e-05 2.1633835211450757e-06 0.0 2.565731870874776e-05 1.8818418617746484e-05 1.2430570860872279e-05 5.020708271063136e-06 6.549716238804006e-07 8.944460621699617e-07 2.7500516702741566e-06 0.0 1.172689724284677e-07 2.61588427223903e-06 1.280490114539018e-07 9.632739739595537e-07 8.005206746401012e-07 0.0 4.987567130568601e-08 3.456390880619852e-07 0.0 2.869651509397576e-07 5.136418168700856e-08 0.0 5.785851447671512e-07 2.1210355717942298e-07 9.806384879122236e-06 4.4408084569124155e-06 0.0 2.7466239894149256e-06 1.840321076748253e-05 5.236924592989566e-07 0.0 1.8295494672051092e-06 8.025195779816513e-07 4.1570952638467317e-07 1.8304271512554046e-06 9.03137454373863e-07 0.0 4.128181395902684e-06 5.100138328536564e-06 4.767944664396858e-07 6.356233530434057e-06 6.91220209900117e-06 7.335720906821761e-06 5.667476321969231e-06 3.6303145441640777e-07 1.4291496655120567e-07 0.0 0.0 0.0 0.0 1.2183466375151466e-07 0.0 0.0 0.0 0.0 0.0 3.686147950142378e-07 0.0 0.0 1.1110397630436713e-07 1.573796283075283e-07 0.0 0.0 2.297096758182317e-07 0.0 0.0 0.0 0.0 4.505654053001245e-06 5.393539840983069e-07 6.121126587933872e-06 2.09676361060397e-06 1.360542077785446e-06 0.0 0.0 0.0 0.0 7.343883657870372e-08 0.0 0.0 0.0 8.463131010818447e-07 0.0 0.0 0.0 1.601982939956527e-07 0.0 0.0 0.0 0.0 5.501510065423271e-08 8.216944697172642e-08 0.0 0.0 7.00706811597723e-07 4.974990582793204e-06 1.8391507396094047e-07 0.0 0.0 0.0 0.0 0.0 0.0 0.0 1.3528708947639258e-07 9.998233481101479e-06 3.074091244554597e-07 0.0 0.0 0.0 2.0706449745694077e-06 0.0 1.3273723229878064e-06 6.598365714370518e-08 6.017250551203724e-07 6.437441271724306e-07 2.0708792415283148e-07 5.208374388756638e-07 0.0 0.0 0.0 0.0 0.0 0.0 0.0 0.0 8.700762917671459e-06 3.4937572750816095e-06 3.2277172793401783e-06
0.001366846907379739 0.0022199199052661102 5.299724276524602e-05 0.0020265035424210337 0.0008433947870393289 0.000610986245307962 0.0028553827533831103 8.397140356931253e-06 0.0002855280463613865 0.0 0.0001810140702817305 0.0014800995392322091 0.0068865143255270505 0.0007596194882725136 1.931138747584854e-06 8.674282257076099e-07 1.8197919696098862e-07 0.0 6.990698872850198e-08 5.127286988418999e-08 0.0 1.4061196035257596e-07 0.0 0.0 4.719175692748426e-07 0.0 0.0 0.0 0.0 0.0 0.0001028540883890419 1.1001595344963435e-05 6.0933016272774544e-05 0.0 0.0 8.53645688262098e-07 0.00012674342862930028 7.577135987789059e-07 6.901709300832768e-06 1.5020926135872168e-06 2.3828515884631303e-07 2.7231219432005733e-07 0.0 1.575535704874002e-07 1.332046906506757e-07 0.0 0.00011654568072079126 1.6417116889885058e-06 5.127862613491008e-07 1.5609481776712144e-07 5.583571798970774e-08 0.0 1.175572463549326e-06 0.0 4.07193375539045e-06 4.8216284765045615e-06 3.9219705762795636e-05 7.328737410598017e-05 1.6484467952532484e-05 3.16804772889084e-05 1.202772028155567e-07 1.698664533452777e-06 0.0 2.254846495107753e-05 1.9430568931971167e-06 1.114772857068416e-06 2.6117674804437073e-07 5.19998887009689e-08 1.1229787471132344e-07 4.9588779526959466e-08 0.00020414555343431818 1.9116611103502814e-05 0.0 9.291362120604617e-05 5.039429768255411e-05 3.428409547046615e-05 8.936625766483245e-06 1.3476219610676582e-06 1.1635187895484712e-06 2.820446033030933e-06 1.528405681180642e-07 1.1735917982846312e-06 1.0723108365149318e-05 1.322989791535625e-07 1.3930786348856636e-06 2.032537046715976e-06 6.304599622514721e-08 3.277709583273831e-07 5.118395255620515e-07 1.9652561386903973e-07 3.533332394244001e-07 1.8586382132636242e-07 8.6864615992681e-08 8.614343538413816e-07 3.52541307219513e-07 0.00039940814638781503 6.664898460563841e-05 2.8838605648862053e-07 6.163238418187133e-05 0.00046333633183755565 3.1476062864458314e-06 5.7280204233645665e-06 3.578835091760416e-05 1.117103319034894e-05 2.7862260483163606e-06 4.018300322365445e-05 2.0399373171448304e-05 6.146974425205652e-06 6.680162888044663e-05 6.456669708531104e-05 8.969799507856355e-06 9.208878795571347e-05 0.00013186670896265994 8.228106396160785e-05 5.965329136824293e-05 3.134721679592523e-06 7.298628285877076e-07 0.0 0.0 0.0 0.0 9.58180091741639e-08 0.0 0.0 0.0 0.0 0.0 5.370084753389901e-06 0.0 0.0 0.0 6.965490359853115e-07 0.0 6.449925374457157e-07 8.009353938363826e-06 7.682564492117613e-08 2.228671743470284e-07 7.953632662409223e-06 1.0068356078806239e-06 4.290327219536962e-05 2.450006994236237e-05 6.930122142245293e-05 2.5573875267604092e-05 1.375810461487101e-05 2.6779660838207965e-07 0.0 0.0 0.0 1.4556253479471914e-06 1.1420225776507848e-06 1.0520644802770926e-06 1.0432406052663654e-06 6.895287175650096e-06 0.0 1.676724804916069e-07 0.0 2.2319901931735146e-06 0.0 9.978210197538868e-08 7.115258613889352e-08 0.0 1.0728780923080111e-06 3.4224255055291073e-06 0.0 3.200659855373973e-07 6.021587626589181e-06 4.589536551182063e-05 3.6164447472595923e-06 4.923980138851494e-07 0.0 0.0 0.0 0.0 0.0 0.0 1.9332812738844752e-07 0.00012943870189930913 1.247595838177141e-06 0.0 0.0 0.0 2.417068525572294e-05 3.626425002347746e-07 1.8909198278508458e-05 1.6627031640063873e-06 2.141929724791454e-06 4.363144416957548e-06 7.035621861584301e-07 2.5264051811324147e-06 0.0 0.0 0.0 0.0 0.0 6.769104468371477e-08 0.0 0.0 0.00011836781148471508 2.76723234896532e-05 4.0165552126139356e-05
4.758984081214036e-05 0.0005309130926641741 0.0019943397353430073 4.477836351655917e-06 0.0007321419512632993 7.257755991719393e-06 0.00025093870880666226 0.0015360702109011352 0.0004582727300735135 0.0001810140702817305 0.0 8.790868129798133e-05 0.000538273170828712 0.0029240551653057917 7.978798608089063e-06 5.084542440577469e-06 4.095873050011583e-07 2.0059066112897383e-07 8.32218978361593e-08 4.4584184963583154e-07 2.1346299459131176e-06 0.0 5.816123012695011e-07 7.048647996925833e-07 1.4619906517816858e-05 6.884395522629768e-06 2.081266081782246e-06 7.940315648713503e-06 1.0882777375483222e-06 1.4532924272552347e-07 0.0008484484064411649 9.036138597545842e-05 0.0008248036078624555 8.441286702078568e-08 3.473331939312131e-06 3.4239157456187454e-05 0.00040032498120452705 4.422878067290762e-05 3.7129901425416254e-05 2.2317046703888505e-05 5.976459774419798e-06 6.519512475918098e-06 5.194061318050217e-07 7.589545848142474e-07 6.510451101179778e-08 3.6269527176866565e-08 8.862978547355185e-05 2.5551062782586254e-06 5.479775134553465e-07 5.701792530878474e-07 1.7329689091132634e-07 1.3234257954023495e-06 6.913658807842651e-08 7.741345737935591e-07 2.078777097790751e-06 3.6477935730029747e-06 2.9071556028573228e-05 0.0001555269837410007 1.440374669851494e-05 2.1721983772876727e-05 8.413209392712763e-06 0.0001407679039890807 8.568117374584797e-07 4.2872683738069274e-05 1.3613571553999343e-06 6.219534449553439e-07 0.0 4.341266854714432e-08 1.5063778533733777e-07 5.769687452471811e-07 0.0001064456322270628 5.834378199446526e-06 0.0 8.117837744518723e-05 6.740829267524266e-05 4.0832952789443735e-05 2.591377785569551e-05 7.637029123906969e-06 1.1041201860937188e-05 0.0003422901885766072 1.0786777349796131e-06 0.00010017174864491121 5.417678459318494e-06 3.0401598717147657e-07 1.8674544034924546e-06 1.7653071290248439e-06 0.0 7.805282718600506e-08 3.1186435020066067e-07 8.748070379386887e-08 4.6652583725477033e-07 4.341395608960193e-07 1.3849841362350749e-06 1.1144742129866284e-06 1.2397935231300753e-06 4.7956765946721745e-05 8.664816158922977e-06 2.1527396226600508e-07 2.4841554700063075e-05 4.5756760169946135e-05 8.982552502069058e-07 3.3647999669274673e-07 1.1826214220741737e-06 0.0 1.1986714356174124e-06 2.74538343593314e-06 5.23946831144805e-07 8.345189845104101e-07 5.147753095523118e-06 4.104676511529908e-06 9.79055510869628e-07 8.151713526384933e-06 1.2512798032242593e-05 1.1902268999575092e-05 8.09319967455145e-06 1.0314722041303408e-06 2.377626088545503e-07 0.0 0.0 0.0 0.0 0.0 0.0 0.0 8.164051744739368e-08 0.0 1.1282970816245643e-07 5.524960741476073e-07 9.040812508203709e-08 7.031244065455267e-08 8.820683726711107e-08 3.415047968192721e-07 1.7330046264010857e-07 1.7286951787930785e-07 1.1389148852412336e-06 0.0 0.0 5.519857014238031e-07 7.821079270936966e-08 1.0716307980734928e-05 4.1018524022438095e-06 1.2132239057457008e-05 5.724787300541847e-06 3.0165722406055012e-06 7.247427250237896e-08 8.031199623180521e-08 0.0 0.0 3.5009389390139443e-07 5.270145768539815e-07 0.0 0.0 2.2338943293429005e-06 0.0 0.0 0.0 9.328319373028468e-07 1.2957462025896356e-07 7.88976523433255e-08 0.0 0.0 2.472938581737549e-07 7.113181850907632e-08 1.5384156281614624e-07 3.2802979736376223e-07 3.770351304409542e-07 6.836760478746669e-06 1.0588933272214078e-06 0.0 0.0 0.0 0.0 0.0 0.0 0.0 0.0 1.852653766005822e-05 1.25583847756739e-06 0.0 0.0 0.0 2.648626856368888e-06 0.0 2.660857027398107e-06 8.050581057974575e-08 6.709292075584113e-07 9.715689953325373e-07 2.74073350037825e-07 6.473994880346558e-07 0.0 0.0 0.0 0.0 0.0 0.0 0.0 0.0 1.4411692522690189e-05 9.911305282265545e-06 1.0063819740415764e-05
4.467732570907976e-05 0.00018802198355170692 5.606618530711091e-06 1.9982136397108254e-05 7.57093673645875e-05 0.00017131901349730507 0.0003687609537530297 3.6871656651855382e-06 3.3262541501844444e-05 0.0014800995392322091 8.790868129798133e-05 0.0 0.0012412406538344482 5.938885147158218e-05 4.1757858321949406e-06 4.476859220760478e-06 1.7928026007365679e-07 0.0 0.0 0.0 0.0 0.0 0.0 0.0 5.407414287205898e-07 2.1633280278121974e-07 0.0 0.0 0.0 2.3794741799394648e-07 5.809314882789455e-06 1.6962230595250125e-06 1.0368016742397194e-05 0.0 0.0 6.961036322997809e-07 6.614188046898941e-05 1.0806356696813929e-06 5.0810420755434305e-06 8.943579325447687e-07 0.0 8.332439127489063e-07 0.0 7.555701795470893e-07 0.0 0.0 2.6064684378209966e-05 1.1799329474178925e-07 0.0 6.901960637215065e-08 0.0 0.0 2.821781996191335e-07 0.0 3.8397745313113986e-07 3.242366922245498e-07 8.986588181219104e-06 7.574095040163957e-06 1.7977718114072025e-06 4.845186127352123e-06 0.0 3.2682828399056944e-06 9.278827252779285e-08 1.8046501313483462e-06 1.291606892713846e-07 1.0344773788174519e-07 0.0 0.0 0.0 0.0 5.207928918290909e-05 3.615499154830482e-07 0.0 9.800464293464418e-06 8.899584702887027e-06 1.0152594578682254e-05 4.5394440693624596e-06 2.3022093894467856e-06 6.993911152156514e-07 1.8330908717064006e-06 7.671729910871216e-08 1.2628341890023897e-06 4.178207519959437e-07 0.0 2.1860878829511053e-07 1.0480683633353707e-07 0.0 0.0 8.518520530842996e-08 0.0 0.0 0.0 2.4720544017952475e-07 1.162280715028588e-07 0.0 0.001018883534479136 6.979137721023807e-05 0.0 1.2643677507219635e-05 8.880631543163573e-05 1.5172706699880649e-06 1.8119620470217942e-06 4.202694892820826e-06 9.70232131651281e-07 1.113638706702419e-06 9.619363498946767e-06 9.38640826502345e-06 1.1005112324101327e-06 2.6807918337749462e-05 2.4336419876045074e-05 3.1483151278950258e-06 3.0316822307834302e-05 5.091878898985575e-05 3.514210013498325e-05 2.2226890694291075e-05 8.425297498988537e-07 0.0 0.0 5.336297372822872e-08 0.0 0.0 0.0 0.0 0.0 0.0 0.0 0.0 4.907258731361108e-07 0.0 0.0 6.465057767367937e-08 0.0 0.0 0.0 2.072794011938353e-06 6.993324042914053e-08 0.0 1.113325365917923e-07 0.0 9.209599140415594e-06 2.0472000861337822e-06 1.0612879776061157e-05 4.227814112598354e-06 3.104032682680145e-06 0.0 0.0 0.0 0.0 1.2319623104699736e-07 1.0228731051958074e-07 4.097827736767359e-07 3.7190516162048496e-07 1.4042798596565712e-06 0.0 0.0 0.0 4.937349585121009e-07 0.0 9.929970610734307e-08 0.0 0.0 1.7309448114242123e-07 4.077117224256062e-07 3.9933392902060305e-07 3.071494911394506e-07 1.4472578042907897e-06 7.56293130336795e-06 4.393627639795581e-07 7.120330367577958e-08 0.0 0.0 0.0 0.0 0.0 0.0 0.0 5.0412374591471975e-05 2.3953806160565857e-07 0.0 0.0 0.0 7.059219848683395e-06 3.5797417988895757e-07 3.3071228203862994e-06 5.284624221418886e-07 1.1946140883166938e-06 1.4004540423384554e-06 4.524609764031815e-07 2.241726700538259e-06 0.0 0.0 0.0 0.0 0.0 0.0 0.0 0.0 6.252299532033251e-05 7.304153547938896e-06 6.5024800447137295e-06
