0.0 0.00168360692510643 0.00015735452014648324 0.001827057851090011 3.8333981769108814e-05 0.00025632089548127847 0.000372173096246395 6.3740385594655065e-06 1.5405920114397406e-05 0.0013841353546860961 3.237920688472794e-05 6.529247355144029e-05 0.000142028360951247 2.353307256822913e-05 5.77613089932527e-07 0.0 0.0 0.0 0.0 0.0 9.217728848109831e-08 0.0 0.0 0.0 0.0 0.0 6.176792157215766e-08 0.0 9.729318816179697e-08 0.0 0.0005157314818618959 1.52575663057094e-06 3.484284816603532e-07 0.0 0.0 8.505701534741548e-08 3.4885521645327727e-07 0.0 2.3234914326858682e-07 0.0 0.0 7.152203136783629e-08 9.512885120585757e-08 0.0 0.0 0.0 5.6933028999259617e-05 2.434077697010748e-06 1.0240795145048506e-07 0.0 3.7519875561617974e-07 0.0 0.0 0.0 5.775069567966321e-06 7.3226284801104505e-06 0.00011331734992105826 0.0006171466571265001 0.00012937796697274313 5.204461814258995e-05 0.0 3.0551601390333654e-07 0.0 5.412391070105181e-06 4.971234371892228e-06 2.1577832068778846e-06 9.75235478843109e-07 3.9221454097899093e-07 4.304026222268947e-07 0.0 1.2940054940049353e-06 3.375822664876012e-07 0.0 0.00019945462499972505 1.8859549280513164e-05 2.6610289651672843e-05 1.9071620197372934e-06 1.6736567314832454e-07 6.237843446474517e-07 6.220566173391487e-07 3.0531574766993854e-07 4.039354514504316e-07 2.3008603745415008e-05 9.019729520843221e-08 2.8768277082563205e-06 4.375701633903264e-06 8.084572485233598e-07 7.173379214111102e-08 1.1141510881833806e-06 0.0 7.015971352291839e-07 1.6038795190207903e-07 7.143804285487327e-08 4.083667859715845e-07 1.821767273909135e-07 6.312210023788465e-06 1.267824236845929e-07 1.8763097799626805e-07 2.3301057240113633e-07 0.0015425672194440227 3.2806566262212573e-07 1.3014641546368102e-05 1.3057379969810808e-06 5.084979518642917e-06 0.0 5.551410045401493e-06 3.13713921310867e-05 1.0604727560059431e-06 9.34020006827696e-06 1.3122270317830595e-05 0.0 1.4334704058536546e-05 2.8475789789998745e-05 9.875819352366184e-06 3.359219755548387e-06 0.0 0.0 0.0 0.0 0.0 0.0 0.0 0.0 0.0 0.0 0.0 0.0 0.0 0.0 0.0 0.0 7.020190436215575e-07 0.0 0.0 1.6970909634174127e-07 0.0 0.0 0.0 0.0 1.1918101654182156e-06 0.0 1.0563341077373904e-06 1.452928910906946e-06 0.0 0.0 0.0 0.0 0.0 0.0 0.0 0.0 0.0 0.0 0.0 0.0 0.0 0.0 0.0 0.0 0.0 0.0 0.0 0.0 1.2669199561690345e-07 0.0 0.0 3.406243983494029e-06 0.0 0.0 0.0 0.0 0.0 0.0 0.0 0.0 0.0 2.1684766752900472e-06 0.0 0.0 0.0 0.0 1.0201590926882526e-06 0.0 2.086435454939941e-06 1.1477435217687909e-07 0.0 0.0 0.0 0.0 0.0 0.0 0.0 0.0 0.0 0.0 0.0 0.0 5.431438254151664e-06 0.0 2.627376626089249e-06
0.00168360692510643 0.0 0.0011231789741513488 0.000546821087823149 0.0017789031268531353 8.2529698847697e-05 0.0025028330149597018 0.00012799797729812996 0.0025046291854542123 0.0005306197587353469 0.0007752715363131924 6.153227221913618e-05 0.0004893272938884362 0.0006765815996335716 6.425488968982322e-06 5.746112973747041e-07 1.5744667352501518e-06 2.6771810697436236e-07 8.265299111109176e-08 0.0 0.0 0.0 0.0 0.0 3.1504761291856025e-07 0.0 0.0 7.030664705058486e-08 0.0 1.802313418266604e-07 0.001711404766412019 7.172795737551881e-05 7.084611082068662e-06 0.0 0.0 4.862780246749656e-07 2.126683762655048e-06 1.131848780593391e-06 8.197997012693589e-07 4.1103349309903463e-07 1.0795621563625194e-07 1.6057678890548597e-07 2.9634790358776055e-07 2.7317971800383123e-07 0.0 3.1066388277306733e-07 0.00019813700539076783 2.872702650974974e-06 1.007857688360071e-06 0.0 1.2739326900449846e-06 0.0 1.781586477022838e-07 1.6376997861423371e-07 1.3883999296686192e-05 1.9694331588767276e-05 0.00012441479734636509 0.0010464280560536228 0.0002626089504479247 0.00015136979352809322 1.1119634878461678e-06 8.825084639924047e-07 0.0 6.88253911458184e-05 9.220748378832598e-06 6.618332051386365e-06 2.3027185198135836e-06 9.702866483809254e-07 1.3493198649421924e-06 2.873291569806966e-07 1.0002796837086291e-05 7.269338362955374e-06 8.290162584581199e-08 0.0005197647184695953 0.00012955227620353645 0.00011528517194546735 1.8125474355517184e-05 1.2597137678807619e-06 7.539131554395928e-07 6.645340592132563e-06 6.25891862002864e-07 3.3712873308929292e-06 5.6171403203492385e-05 8.347960527195517e-08 8.185716984290985e-06 1.2787890338718817e-05 2.876091280516569e-06 7.754840310259002e-08 2.2713744574139958e-06 1.82421247602837e-07 3.174784964984619e-06 5.125030851742863e-07 2.793907926262294e-07 7.265175785144714e-07 9.797308399106719e-07 1.0397449441814012e-05 1.4255942550431713e-06 0.0 3.39325687761429e-07 0.0009067252631216546 1.1111241382576006e-07 1.0647364243762261e-05 6.786184593404838e-07 1.4187386894070702e-06 0.0 2.4313302668646176e-06 1.396099581166196e-05 3.291934951190524e-06 1.2011336342367085e-05 8.722864036411579e-06 0.0 1.598191093289401e-05 3.312709144789666e-05 1.9100527103831198e-05 8.573121217075283e-06 0.0 0.0 0.0 0.0 0.0 0.0 0.0 0.0 0.0 0.0 0.0 0.0 0.0 0.0 0.0 0.0 0.0 0.0 0.0 0.0 1.8793668050908088e-07 0.0 0.0 0.0 6.306720727898462e-06 0.0 6.756132889553744e-06 1.5281295346467448e-06 0.0 0.0 0.0 0.0 0.0 0.0 0.0 0.0 1.8670673861831508e-07 9.999409807636894e-08 0.0 0.0 0.0 0.0 0.0 0.0 0.0 0.0 0.0 0.0 2.711888245112479e-07 0.0 0.0 5.515728655530175e-06 3.0593465027043837e-07 0.0 0.0 0.0 0.0 1.6405960836418484e-07 0.0 0.0 0.0 8.376223739420688e-06 6.266245017692464e-07 0.0 0.0 0.0 0.0 0.0 8.896261835095586e-07 1.571271677678674e-06 0.0 0.0 0.0 1.107196375609854e-06 0.0 0.0 0.0 8.638198312182138e-08 1.9458327410402486e-07 0.0 0.0 0.0 1.2864722246658767e-05 8.765128989307187e-07 3.384543572280497e-06
0.00015735452014648324 0.0011231789741513488 0.0 8.67243123328526e-06 0.0011218254941707784 9.936647516931559e-06 0.00012732171216296156 0.002389361365333062 0.0009597476135465484 1.9335515364066036e-05 0.0015924101068482543 1.4868902552187119e-05 9.636464141401684e-05 0.000564825461865247 5.110760034343493e-06 2.866980688617297e-06 8.547615786613121e-07 1.5973676009410724e-07 0.0 0.0 1.8622024397381145e-06 0.0 0.0 0.0 2.0913617534915706e-06 2.785921702823612e-07 0.0 0.0 0.0 7.204447779819997e-08 0.0032361101911837814 0.00022462996180975763 6.051289034021127e-05 0.0 1.8492242486577688e-06 2.256485749717353e-06 2.5085060150251074e-05 9.489043348434058e-06 2.1650208026901733e-06 3.149503011889219e-07 4.714068788065778e-07 1.2033192236825416e-06 7.5069283796363706e-06 1.6104331048075608e-07 0.0 6.051611131927637e-07 3.096144252738112e-05 9.214125832337557e-07 1.722884841520596e-07 8.853004289495685e-07 2.0645903170197787e-06 0.0 0.0 9.476619847274631e-08 2.5870790355344202e-06 3.436533670037492e-06 3.952803962649004e-05 0.0006716187469234138 6.743188398700951e-05 2.4500896224077962e-05 6.00712817694304e-07 2.2595286300304448e-05 1.1569190447563898e-06 6.036988194973515e-05 1.9671491693120124e-06 3.429277591527561e-06 1.5933289617004363e-06 1.7292076613573643e-06 1.7252742494045082e-05 3.5893330181467847e-06 4.5460831987075285e-05 1.1180991217134386e-05 0.0 0.00012100989119016198 5.2240147894087996e-05 2.8757127307041884e-05 1.0960574813685896e-05 1.906004310580071e-06 1.1508195932188751e-05 0.00026501287215425893 9.519448764094921e-08 7.927934355277183e-05 8.779965965043398e-06 0.0 2.579538382259688e-06 1.7158148961848048e-06 5.177343038262983e-06 0.0 6.602787968783574e-07 9.7891831635764e-08 5.260922306420461e-07 7.288729534169645e-08 1.5669443818053833e-05 2.434098178190892e-06 1.3085426451180402e-06 2.2001055567134083e-05 6.177645711704466e-06 0.0 3.6301628058979067e-06 0.00029188315967050777 0.0 3.497104036891184e-07 0.0 1.874882105862081e-07 0.0 1.386775143149e-06 9.534678245712975e-07 5.759936398836652e-07 1.0637622190171475e-06 1.249900983683803e-06 2.659300986415922e-07 5.12759011104642e-06 9.834589632999216e-06 4.149965374532136e-06 7.357496846808112e-06 0.0 0.0 0.0 0.0 0.0 0.0 0.0 0.0 0.0 0.0 0.0 0.0 0.0 0.0 0.0 0.0 2.7648365368569833e-07 0.0 0.0 8.331017836656741e-07 3.4245983080254866e-07 0.0 0.0 0.0 4.795022063278528e-06 0.0 2.1638527745710156e-06 1.0336928423109928e-06 4.019218431796146e-07 0.0 1.1839347336695735e-07 0.0 0.0 0.0 0.0 3.516213970675812e-07 3.3214387312248576e-07 0.0 0.0 0.0 0.0 0.0 0.0 0.0 0.0 0.0 0.0 0.0 1.704822608921779e-07 0.0 0.0 3.1633771827599902e-06 0.0 3.113309448832553e-07 0.0 0.0 0.0 0.0 0.0 0.0 0.0 5.960286509720793e-06 0.0 0.0 0.0 0.0 1.3734261943787324e-06 0.0 0.0 0.0 0.0 0.0 0.0 0.0 0.0 0.0 0.0 0.0 1.8744907037173006e-07 0.0 0.0 0.0 4.352084553882205e-06 2.8637402863922025e-06 2.7366295433813917e-06
0.001827057851090011 0.000546821087823149 8.67243123328526e-06 0.0 6.749014162958154e-05 0.0012863342661076005 0.001317301603106871 1.8657085421710518e-06 6.989773800316361e-06 0.0024940548562171596 1.0679420125136686e-06 0.00029493600990991207 0.0011267971332810935 0.0001417990170978806 6.025182049876493e-07 0.0 2.3810346340911579e-07 0.0 0.0 0.0 0.0 0.0 0.0 8.288591881830997e-08 0.0 0.0 0.0 0.0 0.0 0.0 3.2139615453131775e-05 2.1609148289574178e-06 6.597581007529295e-07 0.0 0.0 0.0 1.073847933226293e-07 0.0 0.0 0.0 0.0 0.0 0.0 2.0750328060723258e-07 0.0 0.0 2.102745694342437e-05 1.4822838758358066e-07 0.0 0.0 2.7284875362724387e-07 9.249397611667977e-08 0.0 0.0 8.573112178187108e-07 1.3696538888518308e-06 1.6671158438975444e-05 7.836013661499669e-05 2.577066635590525e-05 1.727920458371244e-05 3.964773106852468e-07 8.772637405622359e-08 2.596874662824416e-07 4.546258321941144e-06 3.88117684506274e-07 2.2953593627111106e-07 1.873908857945926e-07 0.0 0.0 0.0 2.0423867584470968e-06 1.3974457204462369e-06 0.0 4.9798006209157706e-05 9.40796046575321e-06 1.3569992037591307e-05 1.097233535419596e-06 1.481397359447813e-07 0.0 0.0 0.0 4.149183798068426e-07 5.212308768938191e-06 0.0 5.813002574924778e-07 4.195779462544345e-07 3.290492295002153e-07 0.0 3.083218441492267e-07 1.0184145350224144e-07 1.7436830358496207e-07 8.603597134757716e-08 0.0 0.0 7.381418630100732e-08 1.75174567054833e-05 3.517525001320618e-07 0.0 1.10139923504279e-07 0.00047982743982728315 1.1284263597169533e-06 9.606696560370977e-06 4.709128395640823e-06 3.985705036234365e-06 0.0 5.367109858512076e-06 3.298243257211402e-05 2.478805322420005e-06 1.1039244097701183e-05 1.167259840439069e-05 0.0 1.8353686173042402e-05 2.6668969388770423e-05 7.279989660774363e-06 4.702747384695929e-06 0.0 0.0 8.93811698152063e-08 0.0 0.0 0.0 0.0 0.0 0.0 0.0 0.0 0.0 0.0 0.0 0.0 0.0 0.0 0.0 0.0 0.0 0.0 0.0 0.0 0.0 2.6177325765128907e-06 0.0 1.0777577879033902e-06 5.820457763683131e-07 1.283585027445834e-06 0.0 0.0 0.0 0.0 0.0 0.0 0.0 0.0 3.2171670576911524e-07 0.0 0.0 0.0 0.0 0.0 0.0 0.0 0.0 0.0 9.123577463838744e-08 1.4570440084307283e-06 0.0 0.0 1.627926592798068e-06 0.0 0.0 0.0 0.0 0.0 0.0 0.0 0.0 0.0 5.551534891778926e-06 1.8838396179203472e-07 0.0 0.0 0.0 1.6141874827708477e-06 0.0 1.254259060106208e-06 9.38033087044578e-08 0.0 0.0 0.0 0.0 0.0 0.0 0.0 0.0 0.0 0.0 0.0 0.0 2.773513830319822e-06 1.3611712906891429e-06 3.2077776121730638e-06
3.8333981769108814e-05 0.0017789031268531353 0.0011218254941707784 6.749014162958154e-05 0.0 1.875179520550403e-06 0.0014511663803524319 0.0001086338151503492 0.0035122505735372235 0.0002015114150109577 0.000939821801024539 2.430354913357749e-05 0.00047737414849745134 0.001997611917543363 2.4373151211050554e-06 1.688902932432032e-07 1.016504155556877e-07 0.0 0.0 0.0 0.0 0.0 0.0 0.0 0.0 0.0 0.0 0.0 0.0 0.0 0.0002176356014267909 2.7104278167980214e-05 6.3098338542183764e-06 0.0 0.0 1.1425666683718032e-07 1.3269336084953553e-06 1.0121164545703359e-06 0.0 8.842507880601542e-08 0.0 0.0 0.0 0.0 0.0 1.630455287075135e-07 3.297077210594174e-05 2.435987678085982e-07 0.0 0.0 7.871960528219022e-08 0.0 0.0 0.0 1.377794589763072e-06 2.14155671107628e-06 7.532390770883881e-06 8.137417438452216e-05 3.1945985912350064e-05 2.1691838526913062e-05 7.948030217545365e-08 1.2596130861610236e-07 0.0 2.4930150456868315e-05 1.139285499716078e-06 7.823073531714491e-07 3.7973879844201924e-07 0.0 7.685443331950879e-08 1.4832795903526292e-07 3.986312143869514e-06 1.3643362338723415e-06 0.0 7.097672169680683e-05 3.283803265002801e-05 2.987080853631484e-05 5.956747197210996e-06 7.889360387957442e-07 8.280274014792916e-07 1.9785294103578557e-06 1.5609130595812962e-07 3.227690962047167e-07 5.29977573212856e-06 0.0 8.71448234855323e-07 1.3438586653650028e-06 3.1836361133630937e-07 8.75702507745454e-08 7.030106305536065e-08 0.0 3.465901520606794e-07 0.0 2.140254915249308e-07 0.0 1.0812163251465989e-07 3.4931397268314204e-06 7.832765257507384e-07 0.0 9.03996774821257e-08 9.313270026747834e-06 0.0 4.4098009375113075e-07 1.1528653842420508e-07 7.621624209737717e-07 0.0 1.5824425678860242e-06 1.2124398863661837e-06 1.312402740193251e-06 2.7665095279501114e-06 8.040683131799796e-07 2.702891677742586e-07 2.832691215684179e-06 1.1005835694311589e-05 2.4172036536927916e-06 1.933557813339715e-06 0.0 0.0 0.0 0.0 0.0 0.0 0.0 0.0 0.0 0.0 0.0 0.0 0.0 0.0 0.0 0.0 0.0 0.0 0.0 0.0 0.0 0.0 0.0 0.0 2.470829065269876e-06 0.0 2.35367475554954e-06 1.5493523999763075e-06 0.0 0.0 0.0 0.0 0.0 0.0 0.0 0.0 0.0 0.0 0.0 0.0 0.0 0.0 0.0 0.0 0.0 0.0 5.349446003153828e-07 0.0 0.0 0.0 0.0 2.6035509397623936e-06 0.0 0.0 0.0 0.0 0.0 0.0 0.0 0.0 0.0 3.3444383781178432e-06 0.0 0.0 0.0 0.0 4.2200332682337017e-07 2.676460505775101e-07 0.0 0.0 0.0 0.0 0.0 0.0 0.0 0.0 0.0 0.0 0.0 0.0 0.0 0.0 2.2590143199056365e-06 2.2333746776284366e-06 7.611423589315734e-07
0.00025632089548127847 8.2529698847697e-05 9.936647516931559e-06 0.0012863342661076005 1.875179520550403e-06 0.0 4.179891120431542e-05 1.2907415018491396e-06 2.257455758263179e-06 0.0011357678082333283 4.9507991241908e-06 0.00016048651075010808 8.833082228589037e-05 9.447988228515426e-06 0.0 1.7544400311875678e-07 0.0 0.0 0.0 0.0 0.0 3.927999200151798e-07 0.0 0.0 0.0 0.0 0.0 0.0 0.0 0.0 3.1755952980440854e-05 2.351992372894853e-07 5.4953217196641825e-06 0.0 0.0 0.0 9.59199498508973e-06 4.74386936234452e-07 2.1125040786701325e-06 0.0 0.0 0.0 0.0 0.0 0.0 0.0 1.097711087834554e-06 0.0 0.0 0.0 0.0 4.625400880573878e-06 0.0 0.0 0.0 1.5849374316423168e-07 0.00011037403631815145 4.323312059087226e-05 3.595746122369494e-06 1.2672379042854092e-06 0.0 0.0 0.0 0.0 0.0 1.3077830454308563e-07 0.0 0.0 0.0 0.0 7.319129207785356e-05 0.00018328304650454619 1.0616767679128038e-05 5.758523752540743e-06 3.311530699090647e-07 3.030130647831986e-07 2.9611895325257924e-07 0.0 0.0 2.865699034359062e-07 0.0 0.0 1.7541324216260935e-07 1.7086773943032844e-07 0.0 1.4911944431482575e-06 1.6345892722178505e-07 2.891859960550662e-06 6.726355643966162e-07 5.344181947997502e-06 5.777559226524726e-07 1.3071729204789895e-06 0.0 0.0 3.4280554215131885e-07 0.00034550706502529184 7.575507104755192e-05 1.2684545334090813e-05 1.88821058128939e-05 0.00030991566151131406 0.0 5.403695215572836e-06 4.4106915031122124e-07 1.0259952755049669e-06 0.0 3.1176617126751334e-06 1.9585258962680004e-05 1.460016600938671e-07 4.091992649601805e-06 8.025980766268928e-06 0.0 7.549956720192531e-06 1.5838690755520664e-05 4.496282439836903e-06 9.312638480153473e-08 0.0 0.0 0.0 0.0 0.0 0.0 0.0 0.0 0.0 0.0 0.0 0.0 0.0 0.0 0.0 0.0 5.803675866082857e-07 0.0 0.0 0.0 0.0 0.0 0.0 0.0 8.874616571549508e-07 0.0 5.033273009471449e-07 1.5402867478093599e-06 9.010681162733994e-07 0.0 0.0 0.0 0.0 0.0 0.0 0.0 0.0 0.0 0.0 0.0 0.0 1.254187532719429e-07 0.0 0.0 0.0 0.0 0.0 0.0 0.0 0.0 0.0 1.7651102166254913e-06 0.0 0.0 0.0 0.0 0.0 0.0 0.0 0.0 0.0 5.749437508166846e-07 1.907316458023921e-06 0.0 0.0 0.0 0.0 0.0 0.0 0.0 0.0 1.4873572783739038e-07 0.0 0.0 0.0 0.0 0.0 0.0 0.0 0.0 0.0 0.0 1.885494361431421e-06 1.2105872800255037e-06 3.7702990047533184e-06
0.000372173096246395 0.0025028330149597018 0.00012732171216296156 0.001317301603106871 0.0014511663803524319 4.179891120431542e-05 0.0 4.0669555093066164e-05 0.0007482360003657926 0.0014709055321596991 0.00011380584289785056 0.00025987986206723517 0.004028736382162065 0.001396155635354456 6.265605117963724e-06 1.1508746801481358e-06 1.1376081002056673e-06 0.0 0.0 0.0 0.0 0.0 0.0 0.0 0.0 0.0 0.0 0.0 0.0 0.0 0.00016030908213630768 3.37085560577164e-05 3.2598861951246285e-06 0.0 2.1134084377188892e-07 0.0 3.387702121625889e-06 3.8793533277451345e-07 3.9808224887751415e-07 0.0 0.0 0.0 0.0 0.0 0.0 0.0 7.994270575344114e-05 3.222884350392004e-07 2.527947654453525e-07 1.0627040421256762e-07 0.0 0.0 0.0 7.719847926619456e-08 2.4484866448182967e-06 3.164952992743252e-06 1.6995032970304894e-05 0.00012608085981821943 5.688932875059975e-05 4.434777005879313e-05 3.522094995260022e-07 7.86187211018061e-08 1.2256233398861797e-07 4.033378573757074e-05 1.939392925074303e-06 1.2476846992448076e-06 1.6518035212612155e-07 1.6049259793187735e-07 2.805792366156447e-07 8.254324437922312e-08 9.672453237493106e-06 9.953132946836856e-06 0.0 0.00012655127358837366 5.235981106347312e-05 5.7258208461290554e-05 1.1122706206454771e-05 1.0090218240100418e-06 8.369895374774627e-07 1.424947301846779e-06 0.0 5.103949408439716e-07 9.953435155270785e-06 1.538007576481458e-07 1.3307948856794964e-06 1.5375984688266754e-06 4.3980294184094663e-07 0.0 5.41282356523002e-07 1.5743706840013068e-07 5.765317215006567e-07 1.8405933709306706e-07 8.785564844390556e-08 0.0 9.166552021704063e-08 2.9433617852749663e-05 1.5666270345399566e-06 0.0 2.7243266434568276e-07 3.2003535599027e-05 3.604559175491662e-07 3.940628009467798e-06 2.292767304782973e-06 3.310775991113899e-06 0.0 4.0352170940616135e-06 1.4765207427793061e-05 6.837017432642822e-06 1.7407471272513562e-05 1.1705591149543969e-05 9.954423835912918e-07 3.7594225504504047e-05 9.357836010843174e-05 3.348907497673347e-05 1.8179855820454665e-05 1.0815381004222737e-06 0.0 0.0 0.0 0.0 0.0 0.0 0.0 0.0 0.0 0.0 0.0 0.0 0.0 0.0 0.0 0.0 0.0 0.0 0.0 0.0 0.0 0.0 0.0 2.0953883476299938e-05 8.504976203151371e-07 1.5284511890991314e-05 4.191354051629822e-06 4.4580533178568484e-07 0.0 0.0 0.0 0.0 0.0 0.0 0.0 0.0 9.818566342375863e-07 0.0 0.0 0.0 0.0 0.0 9.923814921179326e-08 0.0 0.0 0.0 0.0 3.0853241628258226e-07 0.0 0.0 1.270607512975904e-05 0.0 0.0 0.0 0.0 0.0 0.0 0.0 0.0 0.0 1.3547556864040105e-05 1.6172787564030185e-07 0.0 0.0 0.0 4.678021532214975e-06 0.0 2.8536222568516314e-06 2.647729642113638e-07 4.138222709337781e-07 1.2780746234007858e-07 0.0 0.0 0.0 0.0 0.0 0.0 0.0 0.0 0.0 0.0 2.0610375937780588e-05 6.711503346530776e-06 1.5691818037888736e-05
6.3740385594655065e-06 0.00012799797729812996 0.002389361365333062 1.8657085421710518e-06 0.0001086338151503492 1.2907415018491396e-06 4.0669555093066164e-05 0.0 0.00011804579690250644 6.5465307059650185e-06 0.0011381336973873759 1.8163503217794832e-05 0.00011421526586876211 0.0018284077408359531 8.20693145076925e-06 6.336274953288482e-06 1.5032854320868098e-06 1.4958735241896859e-06 1.1188222144807351e-07 3.2981683617938187e-07 7.631893229202953e-06 0.0 3.0846401070833854e-07 1.2267377877751382e-07 1.0927408096059188e-05 2.568874486163754e-07 8.601582324785002e-08 2.2155224032500495e-07 6.371245157690858e-08 1.9348816447221097e-07 0.0009168117269968541 0.0016007493546317815 0.0001527189060733344 3.71838882017242e-07 1.1387242056595245e-05 2.615533968194449e-05 9.581062225828183e-05 6.0581260111575706e-05 5.491615115882258e-06 3.59000168688016e-06 2.7206515125088054e-06 3.4138635507036076e-06 2.163384950716626e-05 1.4379191056203061e-06 0.0 3.024557010755639e-06 3.5016714510901046e-05 4.089645510275894e-06 1.5029559633066042e-06 8.531366928706666e-06 6.262292541783983e-06 8.962289476402341e-08 0.0 1.0298911146806e-06 1.1174654146680566e-06 9.551630732734605e-07 1.0579990683269786e-05 0.00012906252163568288 2.143745066395771e-05 1.8732886543725035e-05 2.6795571981684842e-05 6.836729669449402e-05 8.929643369998216e-06 0.000519904726285543 1.040477670809932e-06 5.322112405310201e-06 4.67681910537904e-06 8.528728742406286e-06 4.359108140954954e-05 1.1702566576898029e-05 6.722357366234865e-05 1.0228472998300635e-05 3.2449046886114464e-07 6.475608038439188e-05 5.8380228835562336e-05 4.0832410883493846e-05 3.03510024683781e-05 8.486193569858745e-05 0.0006313553289825396 0.0008076152422135461 1.366476874442465e-05 0.0006105250089428107 4.964656138154608e-06 0.0 4.4359339371957975e-06 1.3233766427234628e-06 2.5862668940442197e-05 0.0 1.151895323448317e-06 0.0 1.9855894155290482e-06 6.309380825665484e-07 4.43145328717998e-05 8.95538392911074e-06 2.272158803016858e-06 2.2405112063926606e-05 4.234729494635317e-06 0.0 4.117387680233242e-06 1.630187706595682e-05 0.0 1.3654694387604625e-07 1.1199553409969933e-07 2.7990079752337424e-07 0.0 8.500454669147129e-07 3.655858653862709e-07 2.399321793936199e-06 9.887418766857333e-07 2.3114036504627028e-07 4.290096929854676e-07 9.311923630799943e-06 1.0162925939787531e-05 4.0688281083094955e-06 4.5196550192390044e-06 0.0 0.0 0.0 0.0 0.0 0.0 0.0 0.0 0.0 0.0 0.0 0.0 0.0 0.0 0.0 3.087917749005285e-07 0.0 0.0 0.0 4.000898225148959e-07 3.6009749689664586e-07 0.0 0.0 0.0 3.424435790906002e-06 0.0 5.745853700031946e-06 1.4597996741534403e-06 4.529747897942607e-07 0.0 0.0 0.0 0.0 0.0 0.0 2.569297171743767e-07 0.0 0.0 0.0 0.0 0.0 1.7047038755496433e-07 2.6874590170702303e-07 0.0 0.0 0.0 0.0 0.0 0.0 0.0 0.0 2.7761974004597505e-06 0.0 0.0 0.0 0.0 0.0 0.0 0.0 0.0 0.0 6.108117937288323e-06 1.6836061700849664e-07 3.293919104702907e-07 7.524649087250089e-08 8.250702351663425e-08 7.356452228248904e-07 0.0 3.2222024498757935e-07 0.0 0.0 0.0 0.0 2.484493330168126e-07 0.0 0.0 0.0 0.0 1.6570343206237613e-07 0.0 0.0 9.430009488074442e-08 5.1817997195507624e-06 1.767350848589863e-06 3.460154067800742e-06
1.5405920114397406e-05 0.0025046291854542123 0.0009597476135465484 6.989773800316361e-06 0.0035122505735372235 2.257455758263179e-06 0.0007482360003657926 0.00011804579690250644 0.0 0.00010020560141766737 0.0004624312147799301 3.443927513220241e-05 0.0008312598666592907 0.0008740796656970606 1.7070085830428385e-06 7.884706340195189e-07 7.622699341075506e-07 0.0 0.0 0.0 0.0 0.0 0.0 0.0 9.137723585073421e-08 0.0 0.0 0.0 0.0 0.0 8.705991698987837e-05 1.4794241832210123e-05 3.8108994829648872e-06 0.0 0.0 0.0 9.456371431563119e-07 2.913833399741209e-07 8.28617606916031e-08 9.17024790813375e-08 0.0 1.0565791504283995e-07 2.347427864985844e-07 0.0 0.0 0.0 2.2972968150835525e-05 0.0 2.3153745568209184e-07 0.0 2.678864040187282e-07 0.0 0.0 0.0 9.292723144858842e-07 9.745043542660737e-07 3.402924908980665e-06 3.953784243133647e-05 1.5424806002619268e-05 1.3454909612152761e-05 0.0 1.8308861666948753e-07 0.0 1.590316774421211e-05 7.311745064426825e-07 6.145124503925682e-07 6.312965228120344e-08 8.817054658861971e-08 1.5807346751899976e-07 0.0 4.167436004062661e-06 3.036868466275224e-06 0.0 3.669679282383016e-05 1.9949476912511054e-05 2.1867166493957963e-05 6.064499809278692e-06 4.739510645885236e-07 5.785513448119433e-07 1.1803552163941616e-06 2.445213613774325e-07 3.466736834044427e-07 2.0759941871822555e-06 0.0 7.076099682246397e-07 1.0710408947475177e-06 0.0 0.0 3.2878522734939846e-07 0.0 2.1972438643099147e-07 2.2235406285327052e-07 9.991123289343931e-08 1.5928631781268743e-07 1.7934739864816177e-07 6.990879170131211e-06 6.309718151224935e-07 0.0 2.2284783171283954e-07 4.616207221031031e-06 0.0 3.9688895889458266e-07 1.913718106892684e-07 2.2298458408242995e-07 0.0 6.715885228406505e-07 2.4157830722457753e-06 1.3194275629290372e-06 2.671181174636518e-06 1.6226888118087446e-06 9.400262925071143e-07 9.741535480931225e-06 1.7560119865813775e-05 6.673299349263737e-06 3.340905446383875e-06 1.0710367345078013e-07 0.0 0.0 0.0 0.0 0.0 0.0 0.0 0.0 0.0 0.0 0.0 0.0 0.0 0.0 0.0 0.0 0.0 0.0 0.0 0.0 0.0 0.0 0.0 6.262043776429491e-06 0.0 5.37770665523148e-06 9.696287035307763e-07 0.0 0.0 0.0 0.0 0.0 0.0 0.0 0.0 0.0 0.0 0.0 0.0 0.0 0.0 0.0 0.0 6.113766550113412e-07 0.0 0.0 0.0 0.0 0.0 0.0 2.122459342913654e-06 0.0 0.0 5.863760307794249e-07 0.0 0.0 0.0 0.0 0.0 0.0 3.7064411341849917e-06 0.0 0.0 0.0 0.0 1.7092126480022262e-06 0.0 0.0 0.0 0.0 0.0 0.0 0.0 0.0 0.0 0.0 0.0 0.0 0.0 0.0 0.0 3.6238749399119457e-06 1.7881334534491799e-06 2.2259949870979107e-06
0.0013841353546860961 0.0005306197587353469 1.9335515364066036e-05 0.0024940548562171596 0.0002015114150109577 0.0011357678082333283 0.0014709055321596991 6.5465307059650185e-06 0.00010020560141766737 0.0 1.4459158406850848e-05 0.00110068025778447 0.0037992904113164755 0.00030550511590395546 3.2593003981051712e-06 1.3335193267458725e-06 4.32607758268408e-07 0.0 0.0 0.0 0.0 0.0 0.0 0.0 0.0 7.079248075904568e-08 7.95041337527322e-08 0.0 0.0 0.0 3.223493267764085e-05 5.409602181243632e-06 8.73674996959276e-06 0.0 0.0 0.0 1.1294137824906922e-05 3.149506799862588e-07 3.2777064480660744e-07 0.0 0.0 0.0 7.655594754906175e-08 0.0 9.261536760116213e-08 0.0 3.555475732075846e-05 0.0 1.1394381942287586e-07 9.825431456317254e-08 1.1845788197619856e-07 0.0 0.0 0.0 2.0812389955152766e-06 1.7894783015527813e-06 2.9339655834492055e-05 5.548924025256817e-05 2.204090244110598e-05 1.6348252381409496e-05 7.343452034268079e-08 6.30894279226234e-07 0.0 1.0406521624969528e-05 1.101305280241275e-06 4.984413508428782e-07 2.130900057846666e-07 1.7471202298221952e-07 2.823968891055175e-07 0.0 6.93152215449803e-05 5.5215667146999034e-05 0.0 5.286924805197617e-05 1.46287574821592e-05 2.6860965352974997e-05 5.454887722882156e-06 1.0293661211646959e-06 3.1423624861599924e-07 2.37308137908276e-06 1.5364144071305878e-07 1.7983496306859262e-07 4.600482259434401e-06 7.253894547354547e-08 9.74837800418316e-07 8.575113011844289e-07 0.0 1.003673179489805e-07 1.5032401200881362e-07 1.1479598281101085e-07 3.7568695354250164e-07 0.0 2.3001033421859218e-07 2.643528779648003e-07 9.937066296980414e-08 0.0003894149316303299 1.577784429112533e-05 1.1411472233167962e-07 7.643399831815578e-07 0.00046835018241575896 5.2209396727892435e-06 9.372055241923152e-05 2.881929730239414e-05 7.97656530502807e-05 2.9255363434631043e-06 6.843870479276633e-05 0.0002684310579001337 5.509113333614684e-05 0.00012224718722223102 0.00013767962433231665 6.844416964316612e-06 0.0002762723389332257 0.0005460280499382053 0.0001726871578146067 8.614409019789068e-05 2.681117884341523e-06 0.0 0.0 0.0 0.0 0.0 0.0 0.0 0.0 0.0 0.0 0.0 0.0 0.0 0.0 0.0 6.315729273101386e-07 3.087535816793926e-07 0.0 6.062531271359971e-07 1.3808347388167443e-06 0.0 0.0 0.0 8.562667607055406e-05 3.9761602772771805e-06 7.173794136958105e-05 3.8319957685926496e-05 6.176939104458509e-06 8.748323449528303e-07 0.0 0.0 0.0 9.293984801230091e-07 2.654592091411688e-06 0.0 1.84231141278293e-07 5.241323103627386e-06 0.0 0.0 0.0 6.64430278539443e-07 0.0 9.014754866852251e-08 0.0 5.524073665356736e-07 2.601279435815069e-06 1.3964383415838348e-06 8.462159747457268e-06 7.398070822268078e-07 7.202399792425366e-07 8.250101252537757e-05 9.398970311814096e-07 0.0 1.425196635397276e-07 0.0 0.0 0.0 0.0 0.0 0.0 9.87025948326684e-05 0.0 0.0 9.513336281275923e-07 0.0 3.250314030833222e-05 1.6903175445554995e-06 6.398011251814002e-06 1.2234764406697122e-06 1.1108732176768819e-07 9.783164596372982e-07 1.5026854301672203e-06 3.7675833609285397e-07 0.0 0.0 0.0 0.0 0.0 0.0 0.0 0.0 0.00011360596676039966 2.5012896521097473e-05 6.705408023231134e-05
3.237920688472794e-05 0.0007752715363131924 0.0015924101068482543 1.0679420125136686e-06 0.000939821801024539 4.9507991241908e-06 0.00011380584289785056 0.0011381336973873759 0.0004624312147799301 1.4459158406850848e-05 0.0 5.276998788027093e-05 0.0008083467889275582 0.0027696824518772495 1.2146202745327217e-05 8.478463459136693e-06 1.797317505907846e-06 3.1889220995790245e-07 8.215089524110076e-08 2.649207474206428e-07 2.508464696725942e-06 0.0 0.0 5.799311598283292e-07 1.061677970267799e-05 5.452148018895501e-07 0.0 0.0 0.0 0.0 0.00033951012789434155 0.00025772952355381705 0.0005822304733519439 1.7813963599456727e-07 7.684998702249283e-06 1.4714126731007993e-05 0.00019742376975961196 5.500184055019991e-05 6.210695139307505e-06 2.0757393676013634e-06 5.857129460412739e-07 2.071514412318907e-06 3.2579136014620085e-06 9.303388053258004e-07 0.0 1.627577700857866e-06 4.137287476346774e-05 3.1555426088758204e-07 6.309531169022281e-07 6.225680329298238e-07 4.357661835250172e-06 0.0 2.071882583737356e-07 3.4668524325420517e-07 8.917905792443954e-07 1.2491755802527519e-06 7.4270564336695595e-06 7.636033900118665e-05 2.2354173912497992e-05 2.1159263571710188e-05 2.0500200864495844e-06 2.876573597287687e-05 4.3268805938522645e-06 7.292283606060504e-05 5.539474389495002e-07 2.6388380081370417e-06 2.839104208880082e-06 4.260063094788299e-06 1.9662591954186707e-05 6.8636569953934815e-06 0.00010914636842617068 9.976811672858988e-06 1.749491435840973e-07 5.703496732691526e-05 4.9813476788749675e-05 5.781123919109192e-05 2.2643205365117517e-05 3.1336829329751095e-06 2.2814109645428874e-05 4.457356778129766e-05 4.914734064865165e-07 8.514572707130968e-06 5.2157338413959855e-06 0.0 1.128275715934682e-06 7.981086718209023e-07 3.6613015666719127e-06 0.0 5.112402858800433e-07 6.029766542610514e-08 7.190071637168016e-07 9.627983997584499e-08 3.060552716207489e-05 6.42221412232353e-06 8.701127195343824e-07 3.3232068481257506e-05 6.645292347720025e-06 0.0 6.652568071443562e-06 1.58633554975416e-05 1.3452847654973585e-07 9.344137176769348e-07 3.382838905892821e-07 0.0 0.0 9.27471851557918e-07 6.653783364326973e-07 1.7826845582544495e-06 3.2317876029972617e-06 9.334758807807867e-07 3.959582930238804e-07 8.958470180412704e-06 2.1037397153739243e-05 9.864451611632462e-06 7.76557416630446e-06 5.189461601035262e-07 0.0 0.0 0.0 0.0 0.0 0.0 0.0 0.0 1.0670031959692352e-07 0.0 0.0 0.0 1.0541729383109057e-07 0.0 0.0 0.0 6.704963129677601e-07 0.0 0.0 0.0 0.0 0.0 0.0 1.0954518948006775e-05 0.0 7.043416773721699e-06 1.91541106321786e-06 5.847589580104013e-07 1.6178267063437337e-07 0.0 0.0 0.0 5.196869048267195e-07 0.0 0.0 0.0 2.6593286778074433e-07 0.0 9.500041931570066e-08 0.0 5.218645454063686e-07 2.3621386554919627e-07 0.0 0.0 0.0 0.0 6.473723813623562e-07 1.0635464090309615e-07 6.901495205052899e-07 0.0 1.1258378180730607e-05 0.0 0.0 0.0 0.0 0.0 0.0 0.0 0.0 0.0 1.5320798827591514e-05 7.411857477892062e-07 0.0 1.2407009107101832e-07 0.0 2.332336108854674e-06 4.461464061325729e-07 2.8474186667421302e-06 0.0 0.0 0.0 0.0 0.0 0.0 0.0 0.0 0.0 1.2187162969981986e-07 0.0 0.0 0.0 7.942692819387441e-06 3.7236387292075116e-06 5.26269132263848e-06
6.529247355144029e-05 6.153227221913618e-05 1.4868902552187119e-05 0.00029493600990991207 2.430354913357749e-05 0.00016048651075010808 0.00025987986206723517 1.8163503217794832e-05 3.443927513220241e-05 0.00110068025778447 5.276998788027093e-05 0.0 0.0009426498150727612 0.00020157088544177902 1.8848162201522294e-05 1.0327445636703252e-05 1.202492106635559e-06 0.0 1.1800088258225804e-07 0.0 1.1461725577790456e-07 0.0 0.0 1.3146627887866293e-07 0.0 0.0 7.528229375182151e-08 0.0 0.0 0.0 4.978545454387865e-06 1.2380841656452656e-06 0.00010185891250008131 6.882163087037244e-08 2.391000400164294e-07 4.297653936724778e-07 0.0005446986190952047 2.2888082893956407e-05 7.035281722115568e-07 2.741020699260885e-07 0.0 6.636634490479157e-08 0.0 3.917848737722004e-07 0.0 0.0 3.319670692695826e-05 1.9352364733309186e-07 2.0499075052686787e-07 0.0 2.3297973307312612e-07 0.0 0.0 0.0 0.0 4.0292469606694054e-07 7.799579573889885e-06 5.464519611757805e-06 6.912839323200982e-06 1.0352142308727289e-05 3.478354613675417e-07 1.2295173111990834e-05 0.0 6.414318607785046e-06 2.400190937894607e-07 7.496203366549433e-08 3.887094116633493e-07 3.5761453913250945e-07 1.0179795907768627e-06 1.1122242179717126e-07 0.0004884450054273246 4.380990540124184e-05 0.0 2.0246108326312485e-05 1.8512891088613604e-05 4.504029441001585e-05 1.8250243523604344e-05 2.8760860622567047e-06 4.1736185774509554e-07 2.9322917243876964e-05 7.684293877963204e-08 5.250065857188626e-06 1.4802201422277424e-06 0.0 2.4724811441376155e-07 1.355357247923669e-07 3.288953855335467e-07 0.0 2.1370959413896593e-07 8.96442053797153e-08 0.0 1.0503534855775438e-07 7.600970676805436e-07 8.634226818034953e-08 1.8149609388648472e-07 0.0008407999194971414 4.0320506369952656e-05 0.0 4.532371023783354e-06 5.608161417997221e-05 4.528912192645659e-07 2.62807510878543e-05 7.667132947910496e-06 1.5543956691862588e-05 7.068250936117037e-07 3.008958036500145e-05 9.785637637484079e-05 3.634731476659027e-05 6.424960047729893e-05 6.237223997230274e-05 3.286694577398739e-06 0.00018445155947123234 0.0003573430804018338 0.0001145816885497134 5.702127138672246e-05 2.5693626318421676e-06 0.0 0.0 0.0 0.0 0.0 0.0 0.0 0.0 0.0 0.0 0.0 0.0 0.0 0.0 0.0 4.849635195442429e-07 0.0 0.0 4.134798250792911e-07 1.2557412157134281e-06 0.0 0.0 0.0 4.049411701355405e-05 0.0 4.2651579921159666e-05 1.6151595942949924e-05 1.3034866476644726e-06 0.0 0.0 0.0 2.5923554799760563e-07 5.446608303773767e-07 0.0 0.0 0.0 1.43843007057277e-06 0.0 0.0 0.0 1.1151571151311492e-06 0.0 0.0 9.683535280131997e-08 0.0 7.516285046122845e-07 1.3838549487623248e-06 2.3743391037988863e-06 0.0 2.14323598498041e-07 4.1890322721325134e-05 2.7425175365304024e-07 0.0 5.366648627037545e-07 0.0 0.0 0.0 0.0 0.0 0.0 4.767190595767611e-05 6.675348100784029e-07 0.0 1.1865398143889118e-07 0.0 2.3602649952034415e-05 7.963556859143191e-07 8.479640395524254e-06 1.9296622484656007e-06 0.0 1.7878901218771755e-07 0.0 6.432807039635724e-07 7.42080636904542e-08 0.0 0.0 0.0 0.0 0.0 1.0715340692871275e-07 0.0 9.36715484853768e-05 9.526787766566675e-06 2.9945244988675463e-05
0.000142028360951247 0.0004893272938884362 9.636464141401684e-05 0.0011267971332810935 0.00047737414849745134 8.833082228589037e-05 0.004028736382162065 0.00011421526586876211 0.0008312598666592907 0.0037992904113164755 0.0008083467889275582 0.0009426498150727612 0.0 0.0037739082746198354 4.26688407426825e-05 2.3569543711361833e-05 3.6511065237141666e-06 0.0 1.257282437581242e-07 0.0 2.2436117279046414e-07 0.0 0.0 0.0 4.683281316104779e-07 0.0 0.0 0.0 0.0 1.0863650299828663e-07 6.207255080190247e-05 2.309910623371915e-05 0.0004213458496442501 0.0 4.7912660525681e-07 2.819475727665264e-06 0.00038155787616340293 2.4156264983258857e-05 6.576960011982052e-06 2.889362935037154e-06 1.0279137272723723e-07 4.15064980907191e-07 8.799023970937931e-07 9.111326113006933e-07 7.710455058863358e-08 0.0 0.00012287151438999315 2.7078940884349677e-07 2.773656845907447e-06 2.7360438247337974e-07 3.9088410023616635e-07 0.0 1.3316833287091174e-07 1.9790812201128136e-07 9.951872962398686e-07 1.9894619456064884e-06 1.1838636987193326e-05 5.52549077558333e-05 4.0145560282871214e-05 4.456366008224387e-05 6.126008822871114e-07 3.6611886648194676e-05 1.7836827937328597e-07 4.2669709984605735e-05 9.692153899193556e-07 7.440471110308758e-07 1.4232886723975074e-07 7.784768826603758e-07 5.566640774438365e-06 9.056577684883895e-07 0.0003386677388359428 5.4379502277447846e-05 0.0 0.00010301865055461851 9.175441746019597e-05 0.0001509976757075543 5.255419643556161e-05 7.078631962036186e-06 1.2542634489305241e-06 7.415677080838161e-05 5.27123532515567e-07 6.251283652748022e-06 4.937768691732913e-06 1.4979499540395224e-07 1.076568788779947e-06 1.1135629857249595e-06 1.3782674659902167e-06 0.0 8.583675007234978e-08 0.0 1.390798441097494e-07 0.0 3.2540347885735668e-06 1.0640094757132802e-06 3.9729530394120263e-07 0.0005944527582999715 1.5238181887537308e-05 0.0 6.249169467253283e-06 3.3603219134230615e-05 3.8263176905595454e-06 5.0163595509843966e-05 1.357926178968194e-05 2.568779368193175e-05 4.328444798268844e-06 5.32028236222882e-05 0.0001392817367225751 4.542639138053575e-05 0.00010118433190279386 8.55134717288426e-05 9.60791057318063e-06 0.0002781526840477488 0.0005088998500326376 0.00017442450361672778 9.790278921735382e-05 3.153085664039143e-06 0.0 0.0 0.0 0.0 0.0 0.0 0.0 0.0 0.0 0.0 0.0 0.0 0.0 0.0 0.0 0.0 5.05068880482197e-07 0.0 2.482051471915037e-06 2.730904237157569e-06 0.0 1.2736138275902102e-07 0.0 0.00010125748899980417 3.1065298647174332e-06 6.34191619785227e-05 2.710575767853706e-05 3.509522091206149e-06 0.0 0.0 0.0 0.0 2.1092651002005455e-06 0.0 1.3446043671085185e-07 6.94049689726343e-07 1.8874350773388492e-06 0.0 0.0 2.207299953954924e-07 3.879116004682612e-06 0.0 4.0659961149234083e-07 0.0 0.0 5.724665991013837e-07 2.64853581428029e-06 5.27788243469871e-06 7.524976812256347e-07 0.0 5.795837894778434e-05 8.420619146503553e-07 0.0 6.89696714006009e-07 0.0 0.0 0.0 0.0 0.0 0.0 9.996202862360025e-05 1.0907375007040716e-06 0.0 0.0 1.222314871698247e-07 3.381978445536811e-05 4.5201499571455265e-07 1.158597635519115e-05 1.2028899091491336e-06 7.682137345538602e-07 4.453767421920079e-07 0.0 1.0744259910242991e-07 0.0 0.0 0.0 0.0 8.124145508323913e-08 0.0 0.0 0.0 0.0001188604483887637 2.262884420455331e-05 6.553040613153356e-05
2.353307256822913e-05 0.0006765815996335716 0.000564825461865247 0.0001417990170978806 0.001997611917543363 9.447988228515426e-06 0.001396155635354456 0.0018284077408359531 0.0008740796656970606 0.00030550511590395546 0.0027696824518772495 0.00020157088544177902 0.0037739082746198354 0.0 3.0516388683794816e-05 1.3587439064129149e-05 3.816073880710174e-06 2.1024171758210676e-07 2.0792900962791748e-07 1.936836043050585e-07 1.0138481919056183e-06 0.0 0.0 1.1234434113704995e-07 3.2942614329995995e-06 2.231599280634588e-07 1.323556950255802e-07 0.0 6.588962192538079e-08 0.0 0.00021751563041272874 0.00010299551009961207 0.0011906976311415619 4.3699899905075223e-07 5.2209031515011805e-06 8.361567371642292e-06 0.00048514942252716044 4.7818939860105854e-05 6.85553042101051e-06 1.3116161348683447e-06 4.806583767841687e-07 4.181525449378556e-07 1.731263342256525e-06 1.0963944862565022e-06 2.94629972762307e-07 1.641753440125688e-07 0.00012291233734633018 7.267190333877885e-07 1.3516559734284146e-06 4.1344676521516824e-07 2.595124495039399e-06 9.977218814686213e-08 0.0 0.0 2.4067889278726406e-06 3.4221332908869423e-06 1.0621277006714654e-05 9.756490766178418e-05 4.983506093857025e-05 5.664872539457315e-05 1.340933912348309e-06 4.829452435105878e-05 4.3380300754790944e-07 0.00010628902770526186 1.5132747423737277e-06 3.1875062661606957e-06 1.393016995055017e-06 1.699228882524601e-06 8.187801747682231e-06 3.2537657314376e-06 0.0002139351265792459 2.0874505475529394e-05 0.0 0.00013111050821393948 0.00011834743844009776 0.00014568067517883588 5.766978104177882e-05 5.96324104404535e-06 1.7760928791706677e-05 0.00012328040786753768 9.382456380674692e-07 2.1655769104887062e-05 7.843616815028784e-06 0.0 1.4724331400642894e-06 1.9094926617860847e-06 3.4060496212742947e-06 0.0 4.867261419244559e-07 0.0 1.1015242185709836e-06 1.3695055896944552e-07 1.2175374307035167e-05 3.880665965013128e-06 4.99759167184804e-07 0.00010412763326009713 1.0617239033634856e-05 0.0 7.1604340959568565e-06 5.943949489999681e-06 1.4170466147653504e-07 5.250401014459872e-06 1.9169621664713753e-06 1.6131350531493154e-06 3.705943342236465e-06 7.698509998333332e-06 1.2890253801075192e-05 5.55785618336437e-06 1.4859182919480083e-05 1.1490577872122338e-05 7.119314515181068e-07 4.81354806725333e-05 9.290490496374892e-05 3.12191569101768e-05 3.060938247646648e-05 1.2271214180435242e-07 0.0 0.0 0.0 0.0 0.0 0.0 1.4077129177656643e-07 0.0 0.0 0.0 0.0 0.0 0.0 0.0 0.0 0.0 0.0 0.0 2.419746206727596e-06 1.2615386828299207e-07 0.0 0.0 0.0 3.7178158010320935e-05 3.886757705412442e-07 2.7239287664899833e-05 9.516417418813836e-06 3.677383747219166e-07 0.0 0.0 2.621990232455099e-07 1.1055713611587338e-07 0.0 1.2369548662883073e-06 0.0 0.0 3.593156134764733e-06 0.0 0.0 1.0076886924999285e-07 1.2402394310580869e-07 0.0 0.0 0.0 1.119549766607024e-07 1.1376349882855951e-07 2.085008172698655e-07 3.5877894908400067e-07 0.0 0.0 2.6027023129045666e-05 0.0 0.0 0.0 0.0 0.0 0.0 0.0 0.0 0.0 3.0251823137249336e-05 1.3351831548620427e-07 0.0 1.126482019110871e-07 2.2104762349342736e-07 9.116673660321092e-06 0.0 3.898861965319761e-06 0.0 3.228166026155482e-07 0.0 0.0 1.1037889237592111e-07 0.0 0.0 0.0 0.0 0.0 0.0 0.0 0.0 3.261739082297817e-05 1.0916313814347724e-05 2.4028585547887644e-05
