0.0 0.0011590516018114602 0.00023942839195660676 0.0009997470500883068 5.056489282297786e-05 7.305212631194768e-05 0.00035889673134006624 0.00017876155234165645 1.2016064739808398e-05 0.0006554294854870438 0.00019462938917689563 0.00024437664257599174 0.0001126663359759266 0.0001445359332161797 1.4905372943265019e-05 9.939778249125704e-07 0.0 3.3375335750506556e-07 0.0 1.9264877269079127e-07 0.0 2.187749143738535e-07 0.0 0.0 0.0 0.0 0.0 1.8437826734080942e-07 6.549014715458309e-08 0.0 0.0013348346751570416 3.513133947536546e-05 1.8744334565447038e-05 8.510129528769563e-08 0.0 0.0 9.426206487477249e-06 5.894178930140447e-07 1.1211645270874518e-06 0.0 2.2397774488426816e-07 7.363159263390997e-07 2.30367427747097e-07 4.11162191368641e-07 1.4054826393325068e-07 5.284267609805479e-08 5.829035094807795e-05 1.7293428532504358e-05 2.4960397597446e-06 7.08803533899828e-07 1.051275307201196e-06 1.072983330730291e-06 1.3129673502454331e-07 1.6154200221049196e-07 4.1938604055373755e-06 5.5274998158535414e-06 0.00010856804337989383 0.000722612207174651 2.071497121443068e-05 0.00010385084397779327 1.6442375379451094e-07 1.1597870307842916e-06 0.0 0.00014321865026027783 9.11056274110736e-06 6.034105560705519e-06 6.524913245517836e-07 1.8043929975743732e-06 9.87935628851354e-07 1.8732013999848677e-07 1.4186865526078295e-05 1.3309453882309715e-05 1.6276177959268526e-06 0.0003111288413202032 0.00010600701851458809 6.763966832669132e-05 7.647512829815995e-06 3.460774091324721e-06 9.85728156892895e-07 4.8799008660695545e-05 0.0 1.818501467549881e-06 3.12158296932168e-05 5.245338817832083e-07 1.0484681885858611e-05 9.58235810784536e-06 5.149718868924082e-06 4.039696210823901e-07 1.5828645707932859e-06 3.8745183351025696e-07 9.28621738075942e-07 1.7947542271048812e-07 2.047144419343707e-06 9.644965197882946e-07 1.994395117012269e-06 9.270778117020797e-05 1.0705459713092051e-05 1.666824077655191e-06 2.0616873860541346e-06 0.0007216180250389467 2.431194438367602e-07 3.0201467168841713e-06 1.5378885961346637e-06 1.333820833322737e-06 1.1060385298271533e-07 3.017431945528149e-06 5.075752817683751e-06 2.0900932750253707e-06 1.84266314355165e-05 5.678644189910833e-06 1.0603204031872281e-07 1.2384987107896892e-05 1.8519750833111403e-05 6.263567557813295e-06 2.34736807027096e-06 0.0 0.0 0.0 0.0 0.0 0.0 3.641052636966541e-07 0.0 0.0 3.67773493946446e-07 0.0 0.0 0.0 0.0 5.7231217530356304e-08 0.0 7.528472658555378e-08 7.080022079962444e-07 1.460582991531769e-07 2.950949746900964e-07 1.3911256675539474e-06 4.481241646295385e-07 0.0 0.0 3.4288462890724483e-07 0.0 9.99696530380318e-07 7.775394510713841e-08 4.635799139218723e-07 0.0 0.0 0.0 0.0 0.0 6.94675040632224e-07 0.0 1.0972992408623838e-07 5.483426102716929e-07 0.0 0.0 0.0 2.2316485861414133e-07 0.0 4.986319385108223e-08 0.0 5.9059880135159746e-08 1.235229056174842e-07 2.1647807228324926e-07 7.893447356019266e-07 0.0 0.0 7.357929451865664e-07 2.872873959755727e-07 0.0 0.0 7.23938823483101e-08 0.0 0.0 6.194130405599947e-08 0.0 3.150756296144157e-07 3.3575637480729423e-06 0.0 0.0 0.0 9.533001819172078e-08 1.2924573861734312e-06 5.092255246044356e-07 1.6096031303176099e-07 1.9603811549739227e-07 0.0 7.517224084005885e-08 4.446562184980736e-07 6.496346033628182e-07 0.0 1.877614050259531e-07 0.0 0.0 1.219152569468335e-07 0.0 0.0 0.0 2.556639738738109e-06 2.575948607348873e-07 1.219720553110646e-07
0.0011590516018114602 0.0 0.001353558375305286 0.0005262547522332492 0.0017736192015450041 5.671615779389369e-05 0.0030831500290186406 0.001162505271786198 0.001131736638356445 0.0015055059412465296 0.0026527206314124786 0.00011906352920648736 0.00046264599435144295 0.0005178938435472022 6.183513884107733e-05 6.922618371550826e-06 3.4205539019657754e-07 5.074836722631892e-07 1.8428446863600706e-07 6.884171654029928e-08 5.932608598936551e-08 5.942178923639736e-08 0.0 0.0 0.0 5.762987405714872e-07 0.0 1.7260134615422184e-07 2.1363095060148907e-07 0.0 0.0020352239849484336 0.00017278315887518615 5.130104863465652e-05 1.1727458381782325e-07 0.0 2.214773932409161e-07 1.72133849590163e-05 1.2224498901189345e-06 2.1473854123083848e-06 6.512363540962421e-08 7.247872509687044e-07 1.5737151038451831e-06 2.8967845146969065e-07 1.9136760454012e-06 2.422996715201315e-07 6.707302653677603e-07 0.0003617579157315911 2.7195222105030087e-05 5.805890685496194e-06 1.8073093073843302e-06 1.9885311748403112e-06 1.899052591302627e-07 1.4129633945046603e-07 6.517132217760307e-07 6.643375152703893e-06 6.875113646066737e-06 3.057151491147861e-05 0.00035489242989975625 1.530359921758464e-05 0.0002376312182415473 1.4832112059024634e-07 4.8365395182833535e-06 6.202169928887494e-08 0.0005178777910874223 1.1550328981357755e-05 1.2129755333531924e-05 2.1124444655372066e-06 2.244583602116697e-06 2.902851618279484e-06 1.3518911504750832e-06 3.320575805457193e-05 1.2006092653969798e-06 6.477121215742638e-07 0.0003029919437750861 0.0001831036404325806 0.00023421761762871138 0.00011886315872843373 3.646957827836979e-05 7.693983112403669e-06 0.0001679984563579076 3.048533780581811e-07 5.312742011099604e-06 4.857905111775244e-05 1.1107286186593869e-07 1.5851949563779204e-05 1.5365105262064875e-05 9.630226324429471e-06 3.932184904363954e-07 2.301545731380817e-06 1.8644227402412147e-07 1.702718329728024e-06 6.107746257768049e-07 4.946860731055528e-06 1.201168949945328e-06 2.3450373815978854e-06 7.535440467259866e-05 2.355308521524414e-06 1.0976596703595772e-07 2.8072828565037693e-06 0.0002886771304748629 1.660531895067143e-06 5.009553735402664e-06 6.488196307997921e-06 3.6700626958824488e-06 1.177220703499059e-06 5.425155014856771e-05 1.5435600576916985e-05 2.787735812599838e-06 3.5747062439757136e-05 1.75758509955034e-05 2.776138886013149e-06 3.1865307627502296e-05 3.923591699419897e-05 1.7042332225843346e-05 1.5121353709877678e-05 1.1836199909888302e-06 0.0 0.0 2.2043052986210657e-07 0.0 2.646893266173709e-07 0.0 0.0 0.0 0.0 0.0 0.0 3.9475897327503345e-07 0.0 0.0 0.0 0.0 0.0 0.0 1.749786500342849e-06 5.477484048714876e-06 0.0 0.0 0.0 3.819933868100114e-06 0.0 5.315592706357914e-06 4.788404117975233e-07 3.84738930858304e-07 0.0 0.0 1.1866237049518569e-07 2.0239484261201888e-07 0.0 1.6271294805147384e-06 0.0 3.8448764391822924e-07 5.029484913186914e-07 0.0 0.0 0.0 3.3280861752370675e-07 0.0 0.0 0.0 6.345523593764258e-08 5.430584066586021e-08 1.0403614149906375e-07 1.6344561059992072e-06 0.0 0.0 2.66730616514859e-06 8.151999305541587e-07 0.0 0.0 1.3042666640989712e-07 0.0 3.29084438786055e-07 0.0 6.18306665356251e-08 0.0 1.9172709855893693e-05 1.0012972059689346e-07 0.0 1.299420986453958e-07 0.0 1.0072103293601531e-05 5.855403986269191e-08 1.4670946623722915e-06 6.595022260840796e-07 4.847925004844409e-07 5.840111075337479e-07 3.3316751109974764e-07 3.8150892963183307e-07 0.0 1.3450289875472255e-07 0.0 5.886638478832821e-08 7.736827530566674e-08 8.18812058723975e-08 0.0 0.0 2.6485051294120025e-05 1.815650680136303e-06 3.224918249007792e-06
0.00023942839195660676 0.001353558375305286 0.0 5.98690477865836e-06 0.0008223542761863687 1.7584940059792302e-06 7.59762851218531e-05 0.0033770293304563365 0.00048325151593203855 6.892787680202445e-06 0.0027868603921293723 6.439294803530093e-05 0.0003089774171213077 0.0007102306049144317 2.0415264831029272e-05 4.590582265566757e-06 9.105853954994959e-07 1.094536456611124e-06 3.909584285376638e-07 1.9403670579263694e-06 1.9367625120873107e-06 0.0 7.461655992618222e-08 2.6140480530971226e-07 2.3153360148105709e-07 0.0 0.0 9.110360347657314e-08 1.882045848351233e-07 0.0 0.0027201919073852653 0.0011103762167820916 9.832579859978005e-05 2.274354310624323e-07 7.073735042710259e-08 3.3367807176989185e-07 2.6622126865925446e-05 2.0556790570543382e-06 3.1813712441923765e-06 1.220793445233259e-07 2.5305787098724517e-06 4.972631486182515e-06 3.7356461246483786e-06 1.6478549445639547e-06 1.3124406470439734e-06 2.8827794378136683e-06 7.973330266523037e-05 3.930259878066023e-06 1.612421904014626e-06 4.85979334917775e-06 1.691904569337154e-06 1.983490624639166e-07 1.8470088757895805e-07 4.2865625650313746e-07 7.938660266994663e-07 9.166662046184934e-07 4.311787755845145e-06 8.843425472572157e-05 2.6352233884519974e-06 5.337642582929832e-05 3.2648901208742253e-06 1.1459708527478485e-05 4.942319954238296e-07 0.00022967842680878233 1.3322602862341056e-06 2.554447190813518e-06 2.526603249314462e-07 5.654205790066804e-07 1.1576186075732478e-05 8.470938160835615e-06 3.2778955265800215e-05 1.2912965267266597e-07 0.0 6.156599984336577e-05 4.8552676151722894e-05 6.125025633891701e-05 5.601373477852715e-05 2.7213469979787437e-05 3.862252743706081e-05 0.0008408790000864255 1.9152978040675074e-06 0.0001202592437625164 7.551797372210977e-06 8.538042847827086e-08 2.9373274574071677e-06 3.3834900664140226e-06 3.3644922064774924e-06 0.0 1.7343224877947134e-07 0.0 3.882527447151291e-07 0.0 2.629122802812236e-05 1.772077155082315e-06 3.2991928207300894e-06 3.699961018958925e-05 2.762193279996948e-06 0.0 4.289424994727291e-06 2.8989369935104627e-05 1.3159584030984236e-07 8.930792733839495e-08 0.0 0.0 0.0 5.80953882077757e-07 1.3108110961376833e-06 8.770140500992306e-08 1.099683425669211e-06 1.6021995347044365e-06 4.254566921141781e-07 7.018161012427466e-07 4.338132766292483e-06 2.0437010786691106e-06 2.198779202785618e-06 0.0 5.5943327164772864e-08 0.0 0.0 0.0 0.0 0.0 0.0 0.0 0.0 0.0 0.0 1.8692987779276818e-07 0.0 0.0 0.0 0.0 0.0 0.0 2.3104492256760342e-07 0.0 0.0 0.0 0.0 5.984514286335332e-07 0.0 2.0529562681898987e-06 5.97486266020579e-07 7.481707187281351e-07 1.0751842289462158e-07 0.0 0.0 8.308742619054866e-08 0.0 3.862527552254664e-07 0.0 1.1370179570846726e-07 0.0 0.0 0.0 1.6864098882090192e-07 0.0 0.0 1.067881435838302e-07 0.0 0.0 0.0 1.3844166615637112e-07 0.0 0.0 0.0 1.216158444773039e-07 2.9036433753942846e-07 0.0 0.0 0.0 0.0 0.0 5.667389318084613e-08 0.0 9.063205520371046e-08 2.049097870422439e-06 4.7399866099092367e-07 0.0 0.0 0.0 3.2925677323519052e-06 0.0 4.865440342486873e-07 0.0 2.1021122727448535e-07 7.103731582824717e-08 0.0 7.006962918486532e-08 0.0 0.0 0.0 0.0 0.0 8.871739637356094e-08 0.0 0.0 2.374487824946464e-06 1.2758632428410542e-06 1.59854971502953e-06
0.0009997470500883068 0.0005262547522332492 5.98690477865836e-06 0.0 5.789183237260374e-06 0.0002799246817965331 0.0005413491048997973 2.035511772350741e-06 7.61303735418965e-07 0.0014489401115153188 3.8591312107673445e-06 0.0008960423831312521 0.00020522128143106298 5.29230620130086e-06 5.13342043137152e-06 3.10410806685146e-07 2.603288003868967e-07 0.0 0.0 0.0 6.775603019448381e-08 6.503373794455e-08 0.0 0.0 0.0 0.0 0.0 5.86731403086183e-08 0.0 0.0 9.042939551709432e-05 7.240714154604341e-06 1.425468198965041e-06 0.0 0.0 0.0 4.7389696253165867e-07 1.4418935445627236e-07 1.5493550359799473e-07 0.0 0.0 1.348267323705819e-07 0.0 1.365057194590436e-07 0.0 0.0 3.3993238647790424e-05 6.691347514981643e-06 7.068329880186642e-07 4.665968828844479e-07 1.7645899644005317e-07 4.551500004351771e-07 0.0 5.689679629801689e-08 2.088388167037837e-06 2.269174129831175e-06 2.782273147748134e-05 0.00011067190652083706 5.001626974326419e-06 4.323946729738889e-05 0.0 2.385057824410907e-07 0.0 4.807188201238083e-05 2.410589436614401e-06 2.9260667593200404e-06 3.6166652297047854e-07 3.3623867760006886e-07 4.2367085099111515e-07 0.0 4.440427337035845e-06 2.1082971046837943e-06 6.288378316142139e-07 9.710937129200922e-05 3.7871996708924796e-05 2.8783974793394277e-05 3.1029735791708823e-06 6.690611388930997e-07 2.6726234781019984e-07 9.976728262680557e-07 0.0 1.2723545231227192e-07 1.270863522543888e-05 8.718730148165307e-08 3.097382524110145e-06 3.914029077361293e-06 2.0994234379773654e-06 3.157220732289494e-07 5.282987675511467e-07 6.405121430283191e-08 2.4347144624656213e-07 8.595250279058525e-08 2.4622573685384626e-07 1.8704448822919114e-07 3.19243172471776e-07 5.150041448204333e-05 3.0344976524926e-06 7.352599549478538e-07 4.351144414493818e-07 0.0004958736446991244 0.0 1.3931964578890176e-06 1.6321977336137435e-06 7.118145199375397e-06 4.814152914549472e-07 6.919560598282959e-06 4.404681618777964e-06 6.581860594100728e-07 1.7381929312797998e-05 6.867213666335659e-06 2.5411565630137233e-07 1.173450984187253e-05 1.4406930020331003e-05 3.7941407755598287e-06 8.169495290577521e-07 0.0 0.0 0.0 0.0 0.0 0.0 0.0 0.0 4.1278843492471504e-07 0.0 0.0 0.0 0.0 0.0 0.0 0.0 0.0 0.0 0.0 6.836743535173201e-07 3.2286709139630915e-07 0.0 0.0 0.0 3.434419634962293e-07 0.0 4.153437059887547e-07 1.5804645045617383e-07 0.0 0.0 0.0 0.0 0.0 0.0 6.207312909670322e-07 0.0 0.0 3.8305234607987306e-07 0.0 0.0 0.0 2.325305986197719e-07 0.0 0.0 8.774847587351963e-08 9.057697707117054e-08 6.104366053692308e-08 2.0355135028219066e-07 1.868640789305816e-07 0.0 0.0 8.453232353610992e-08 3.3406278930024874e-07 0.0 0.0 0.0 0.0 0.0 0.0 0.0 0.0 2.6026085123509616e-06 0.0 0.0 0.0 0.0 1.2709304221495676e-06 0.0 1.5214105889203886e-07 0.0 0.0 9.176456154600089e-08 0.0 1.196153174152378e-07 0.0 0.0 0.0 0.0 0.0 0.0 0.0 0.0 3.720796844062708e-06 1.0663714205555983e-07 0.0
5.056489282297786e-05 0.0017736192015450041 0.0008223542761863687 5.789183237260374e-06 0.0 6.224281479861331e-06 0.0004824229404884422 0.0007405792157155101 0.0026987659555045393 0.00023644947540219413 0.0035653211096172205 3.592937305004203e-05 0.00044596673772823436 0.0005359927483494292 2.487793719570687e-05 3.571420279414145e-06 1.2567446492624374e-07 1.5865133716404944e-07 0.0 0.0 3.4435238075955995e-07 0.0 0.0 0.0 0.0 0.0 0.0 0.0 0.0 0.0 0.00011339556445042312 3.2232573463669576e-05 1.1131147858284487e-05 0.0 0.0 1.071032019701698e-07 7.421573851852487e-06 3.756713797050179e-07 9.596738963197844e-07 0.0 9.489279263688634e-08 2.3213660412565194e-07 9.862335056705938e-08 4.2226496604283534e-07 1.644692887369547e-07 1.4382129143094908e-07 0.00011054627702256246 4.038875030579548e-06 8.99819806715716e-07 4.0051724407167757e-07 2.1783489479017097e-07 0.0 0.0 1.2250792284206995e-07 2.7698665372869215e-07 6.264250428357837e-07 2.3872379569728464e-06 1.1220006748834384e-05 1.7694314336215868e-06 5.044767435659922e-05 1.336336083401271e-07 1.2867423669164499e-06 0.0 0.00010956781334266442 1.0517028154948707e-06 1.4673040852214773e-06 2.261390419331366e-07 2.5006782825839955e-07 6.64081452127503e-07 5.088037043387639e-07 2.3282369410158684e-05 0.0 1.395312793406006e-07 3.0915295914210105e-05 2.5345573549069646e-05 6.54345098289896e-05 6.076384379487821e-05 2.367699243905248e-05 2.8740057698137615e-06 1.4965578815130196e-05 2.0081765125782857e-07 3.090215014937371e-06 5.715807036059833e-06 6.842324458274067e-08 2.998658248164134e-06 2.017928275647253e-06 1.513398686614906e-06 6.906139422304913e-08 5.6072160231070924e-08 0.0 3.2506520447521053e-07 5.217280968594074e-08 1.0162762718920181e-06 4.519937951003617e-07 7.016258210908618e-07 7.350252032229368e-05 1.9244485355906925e-06 0.0 1.453300892401521e-06 4.40599091476468e-06 4.723084053609375e-07 3.0471654028280826e-06 6.819350149670271e-06 5.2691499884352e-06 2.651125025894468e-06 5.5005166506461575e-06 1.082993868354953e-05 2.3781303745945807e-06 1.961862795137276e-05 1.8959782618286785e-05 4.0723115732999686e-06 3.070278560751987e-05 4.699583035148461e-05 2.022889886156802e-05 1.8928217278067363e-05 4.598524739116395e-07 5.169670382304395e-07 0.0 1.5353825155054114e-06 0.0 0.0 0.0 0.0 0.0 0.0 0.0 0.0 0.0 0.0 0.0 0.0 0.0 0.0 0.0 1.92459749434383e-06 3.868124187828923e-06 3.7277408459893246e-07 0.0 0.0 4.094283350329162e-06 5.890156864614944e-07 3.482107749432028e-06 1.2788870005751252e-06 2.8407615346611483e-07 0.0 0.0 0.0 3.643464237965947e-07 0.0 1.250861856218198e-06 0.0 3.752140284633444e-07 7.174083427281939e-08 0.0 0.0 0.0 0.0 0.0 0.0 0.0 0.0 2.2989463537810059e-07 1.1547723762137825e-06 8.948810164106813e-07 6.189604148357347e-07 0.0 2.697349212955559e-06 4.222848971796617e-07 1.2673889924304148e-07 0.0 0.0 0.0 0.0 0.0 0.0 0.0 2.3212483968638464e-05 0.0 0.0 0.0 0.0 1.1564077979226918e-05 9.98535517341431e-08 1.946519640640839e-06 2.825999233290362e-07 6.585729681879412e-07 1.6496935906562518e-07 4.2988853628351466e-07 9.449048368959251e-08 0.0 0.0 0.0 0.0 1.1711845231290251e-07 0.0 0.0 0.0 3.5117571585666116e-05 3.024458759203588e-06 3.7907710208676625e-06
7.305212631194768e-05 5.671615779389369e-05 1.7584940059792302e-06 0.0002799246817965331 6.224281479861331e-06 0.0 4.070317502738455e-05 7.012963455246348e-07 3.8986364749072885e-06 0.0005571748916287371 1.9634374537574854e-06 0.00017054871812262183 5.5227417543187164e-05 5.845888473472212e-06 0.0 0.0 0.0 0.0 0.0 0.0 1.367528901304288e-07 4.091316196409309e-06 0.0 0.0 0.0 0.0 0.0 0.0 0.0 0.0 1.2928275109169153e-05 3.5890447084163553e-07 5.215348390683808e-06 0.0 0.0 0.0 5.4049092604534505e-06 9.13671573069217e-08 1.952722540132274e-06 0.0 0.0 1.936547344893013e-07 0.0 0.0 0.0 0.0 5.20023265337681e-07 4.980464863252669e-07 1.261541228627933e-07 0.0 2.6598817834024823e-07 1.720578656764305e-05 6.670659977945427e-07 5.253132132958834e-07 9.476070341774425e-08 3.358087901645289e-06 5.780671829845206e-05 3.8723586113489355e-05 1.2616368090012726e-06 2.2504479999452628e-06 0.0 9.815822142066802e-07 0.0 1.1550954162703793e-06 9.580387034631267e-08 2.5898528407689546e-07 7.125117236982784e-08 8.65165647142191e-08 0.0 0.0 7.753455208689526e-05 0.00020823237430233024 3.4343716440819254e-05 8.960991605967159e-06 1.6920886494873193e-06 7.645453430896143e-07 2.0325086266785403e-07 5.88157505876571e-07 0.0 4.215861226835568e-06 6.122517569876267e-08 1.235167322383973e-06 6.619373625152833e-07 7.980425562314918e-06 1.5364566261254722e-07 4.913537554675398e-06 1.5102421382577003e-07 5.104098498545797e-06 3.725029381983518e-06 2.2104876428797128e-05 1.648720687000687e-06 1.3437431143580899e-07 0.0 0.0 6.519826069870227e-08 0.0002202028764070365 0.00026442051510364774 2.4994354510252986e-05 2.649188287685773e-05 0.00014467172396946188 1.726553337827433e-07 4.107951021173286e-06 2.749604429931086e-06 2.3263256330537004e-06 4.105901119365895e-07 1.1743918132013825e-06 5.024915148417792e-06 1.9537225579159226e-06 9.221696875987819e-06 6.889793995804546e-06 7.727887855088835e-07 9.597885108519968e-06 6.188652414815006e-06 4.646117426804906e-06 1.517140461889232e-06 0.0 1.206913632959507e-07 0.0 0.0 0.0 0.0 0.0 0.0 0.0 0.0 0.0 0.0 0.0 0.0 0.0 0.0 0.0 0.0 0.0 2.4301023984279516e-07 1.0732292470660682e-06 0.0 0.0 0.0 0.0 0.0 0.0 0.0 2.00936782422178e-07 0.0 0.0 0.0 0.0 0.0 0.0 0.0 0.0 0.0 0.0 0.0 0.0 0.0 0.0 2.3166594156732078e-07 0.0 6.192115123455339e-07 0.0 0.0 3.304541425517117e-07 0.0 0.0 1.5527449163589516e-07 0.0 0.0 0.0 0.0 0.0 0.0 0.0 0.0 0.0 6.663322421822088e-07 2.4810213588807923e-07 0.0 0.0 1.1457190528101087e-07 1.224429636167803e-06 0.0 0.0 2.743041930339879e-07 1.744760966330841e-07 0.0 8.801549064619923e-08 0.0 0.0 1.7036147240312294e-06 3.5181987069269024e-07 0.0 2.47014826585579e-07 0.0 0.0 0.0 1.0772006169540534e-06 1.0750467128056675e-07 1.0125123691136177e-06
0.00035889673134006624 0.0030831500290186406 7.59762851218531e-05 0.0005413491048997973 0.0004824229404884422 4.070317502738455e-05 0.0 5.931495893177789e-05 0.0011070529766940781 0.002122953504362771 0.0004579989337052186 0.0006363444264787554 0.002272574685932217 0.0014311842669541045 1.9259243694601143e-05 2.587879929569216e-06 4.6369916284017683e-07 0.0 0.0 2.2461959097481774e-07 0.0 0.0 0.0 0.0 0.0 0.0 0.0 0.0 0.0 0.0 7.01796089111678e-05 2.1585485061900664e-05 9.585643919326785e-06 8.036937820273375e-08 0.0 0.0 3.390191500312977e-06 4.5000425499427534e-07 2.2141120527870407e-07 0.0 1.7865954651385035e-07 2.8916903762067386e-07 0.0 2.9458905250183366e-07 5.731164860139201e-08 8.073614081481424e-08 0.00011363533197673207 7.689926099552201e-06 1.411768478566194e-06 2.996091595924352e-07 4.73826187284937e-07 0.0 4.4250338949449435e-07 1.6505881623330222e-07 1.1961734892694922e-06 1.236224353560814e-06 4.3959031382251116e-06 3.0529476452581326e-05 4.288145731118849e-06 6.161409878602546e-05 0.0 6.319852054024005e-07 0.0 0.00011409602178621872 1.8269336132419847e-06 3.109979852460771e-06 3.118874975985705e-07 6.666132389571162e-07 5.042181912580883e-07 0.0 2.0576166482112466e-05 0.0 8.077983777161185e-08 5.7365837840043685e-05 4.24060627231381e-05 6.517343297100457e-05 3.9465421024348966e-05 1.3792183896672783e-05 2.667036692902066e-06 9.992425806920243e-06 0.0 3.6951197596470944e-06 1.0676821900026739e-05 0.0 3.699559795395912e-06 3.7687836491190315e-06 3.05777990304806e-06 1.9030461398920595e-07 5.629137099379031e-07 6.29235000345383e-08 6.924501462081551e-07 5.243974254282551e-08 1.301781344003968e-06 4.831127249564541e-07 6.890246734163026e-07 0.0001614312668263415 9.77383599664399e-07 0.0 2.1621359280441926e-06 2.2412348849365612e-05 2.3893812120679066e-06 6.702865751207937e-06 1.3216252574039737e-05 1.577110942574313e-05 3.4949998056926684e-06 2.3927451430590337e-05 2.3498572946775345e-05 5.087654271357409e-06 5.334415432884995e-05 4.6950961220621113e-05 5.6620988479132185e-06 8.417874553743152e-05 8.498613505293676e-05 3.401685380925575e-05 3.003762709068396e-05 1.2313051360110042e-07 2.8340947153052427e-07 1.0459439764073998e-07 0.0 0.0 0.0 0.0 0.0 0.0 0.0 0.0 0.0 3.4897439244656353e-07 0.0 0.0 0.0 4.819122182649915e-07 0.0 8.810686771531732e-08 3.801236352425279e-06 7.465259739778281e-06 0.0 0.0 7.620877258924707e-08 6.668710801847237e-06 1.1621162398533223e-07 7.69145259014914e-06 1.3732118710065474e-06 2.0247055328537827e-07 0.0 0.0 0.0 0.0 1.9593266939051443e-07 1.7666871572202187e-06 0.0 1.1603899822315149e-06 3.0677551170460766e-07 0.0 7.004260721205012e-08 7.778530861707884e-08 8.623713150704527e-07 0.0 0.0 1.828943166400692e-07 0.0 1.0206089672312036e-06 7.464544855517178e-07 2.3547572947818806e-06 0.0 0.0 4.756754773108228e-06 1.448871700256041e-06 3.2719238359553777e-07 1.3526682497823495e-07 0.0 0.0 0.0 0.0 0.0 1.4928040574492234e-07 2.7740055365855772e-05 2.5372937213143954e-07 0.0 9.781166743516884e-08 9.305573878285134e-08 1.4379855718682151e-05 3.641204590765926e-07 2.213986629465702e-06 1.700845319959801e-06 1.6000347459948138e-06 1.315154302297291e-06 7.567177359632577e-08 8.25440582445804e-08 1.0039941811185326e-07 0.0 0.0 0.0 1.400428230002826e-07 0.0 0.0 1.1290317814584993e-07 5.034587065089709e-05 4.5824562494393574e-06 4.678833724899399e-06
0.00017876155234165645 0.001162505271786198 0.0033770293304563365 2.035511772350741e-06 0.0007405792157155101 7.012963455246348e-07 5.931495893177789e-05 0.0 0.000493074180643799 4.264874334406202e-06 0.0010607473323618315 8.636669720773322e-05 0.0006133565986816138 0.0013825443637717396 4.050084643417159e-05 1.534091501076203e-05 1.061245995351548e-06 1.4630522561309882e-06 4.4538683571151863e-07 4.035331522247102e-06 1.0172690022417704e-05 9.278718808901892e-07 2.2902521901797056e-06 2.1469839378782508e-06 4.6206717493899126e-07 5.431828572298774e-07 0.0 3.519808557084539e-07 6.754608922789538e-07 0.0 0.0010322580765598686 0.0011591819652593553 0.00033226690951428486 1.0513928358878093e-06 1.4054411950600669e-06 3.506404388873391e-06 9.238796353250653e-05 1.9547212215290884e-05 1.4013166185730087e-05 1.3556080335872588e-06 1.4399496530572459e-05 1.3583721919759763e-05 6.80170895352881e-06 4.650456322145812e-06 1.1870294646020075e-06 3.393399548106436e-06 0.00010469764833776015 3.129332592099397e-06 1.5327102072495279e-06 7.59813336409252e-06 4.479602639234531e-06 2.061586552830453e-06 1.602853627206311e-07 9.732584635900678e-07 3.92457559259131e-07 6.936318634641813e-07 2.008082309414246e-06 3.2101984921409645e-05 2.2605961330663996e-06 4.184602056114801e-05 7.916113482043754e-06 4.3350328949617366e-05 2.2247131700140406e-06 0.00022912387738753992 8.181255275673533e-07 2.5051019249343766e-06 8.576698655414259e-07 3.0122869782872983e-06 2.5730106809846113e-05 2.9770925313136637e-05 6.716144179186015e-05 5.908227796135752e-07 6.093016620320446e-08 3.531859975027715e-05 3.4242744287948996e-05 6.992173539337792e-05 0.0001131393518112113 9.666648614419247e-05 0.0006586115118681644 0.001395142059458388 3.702838946099273e-06 0.0003721914929794887 4.6301981877060244e-06 1.3766096767387002e-07 1.657120347960409e-06 9.887233208948376e-07 5.107730542493228e-06 7.136385778507265e-08 5.99388519727551e-08 0.0 1.0066766776513976e-06 1.0769261683229948e-07 9.935580746078363e-05 6.11468802236952e-06 8.166504898170625e-06 2.0763286706613706e-05 6.9506981639823715e-06 0.0 1.6087619114219506e-05 1.4840770763326253e-05 4.394989126906283e-07 2.301342544371511e-07 1.7812870144501464e-07 3.270887959532548e-07 0.0 7.246616791749874e-08 3.769487080528072e-07 8.658195399743158e-08 1.145176201957595e-06 2.369351904281203e-07 5.112145322578557e-07 1.5019788414976621e-06 2.9921830759299397e-06 7.822396565042773e-07 3.196234890760564e-06 2.482293511174297e-07 5.143198832433013e-07 0.0 4.910155307824522e-07 0.0 0.0 0.0 0.0 0.0 0.0 3.1638222749964045e-07 0.0 0.0 0.0 0.0 1.8479345242710104e-07 2.2322943897887997e-07 0.0 0.0 2.453201833408329e-07 7.240081805626252e-07 2.901941779546454e-07 3.2015967198287173e-07 0.0 1.5296664723009958e-06 1.8117821145708125e-07 2.4338574645399864e-06 1.7565405958583944e-06 1.2848776152842928e-06 2.0013628079627995e-07 0.0 0.0 9.387545990210826e-08 3.70062999453677e-07 1.38756938035751e-06 0.0 0.0 2.6673912603001935e-07 0.0 0.0 6.824113041165148e-08 1.6027154966973013e-07 3.6462094410397433e-07 0.0 0.0 0.0 0.0 1.205464542549199e-07 8.513188059758533e-08 3.2957257500736805e-07 1.544170892510225e-07 1.8934538361571778e-06 6.419773350120462e-07 0.0 0.0 6.643891636909951e-08 1.7294058505924396e-07 0.0 7.56204328719244e-08 0.0 0.0 5.285790450029808e-06 1.991250139261081e-06 0.0 2.378846917650529e-07 1.600213071560393e-07 3.806247315665284e-06 1.0237073195359295e-07 2.3581878463530115e-06 1.486353598186378e-07 4.352330759992251e-07 2.0833052766102456e-07 3.138445580920121e-07 0.0 1.8930896334136846e-07 0.0 0.0 0.0 6.253404674729354e-08 9.639464705853113e-08 0.0 0.0 3.2379539650935916e-06 1.8989514969723493e-06 3.828901077524487e-06
1.2016064739808398e-05 0.001131736638356445 0.00048325151593203855 7.61303735418965e-07 0.0026987659555045393 3.8986364749072885e-06 0.0011070529766940781 0.000493074180643799 0.0 0.00010155122829005281 0.0010962276047956105 4.54572923627668e-05 0.0011562620749356052 0.0012985109803567195 6.285978551975084e-06 1.513930652906183e-06 0.0 0.0 0.0 0.0 2.40004421667789e-07 0.0 0.0 0.0 0.0 0.0 0.0 0.0 0.0 0.0 2.530763403879104e-05 8.546141729347452e-06 1.1679051440853856e-05 0.0 0.0 0.0 5.542766836274355e-06 4.99672499493168e-07 3.369438292408003e-07 0.0 0.0 5.797184638984908e-07 0.0 2.446920171880178e-07 0.0 0.0 2.1951939803705832e-05 6.472056464543861e-07 3.2227903326453113e-07 6.216273268886353e-08 8.684516992512656e-08 4.6820582172886694e-07 0.0 0.0 0.0 1.8083215818187783e-07 8.0152378142527e-07 2.8031590822795274e-06 8.25832948863502e-07 7.229041594140348e-06 0.0 1.291849724568006e-06 0.0 2.1687580177923117e-05 2.1130391230102047e-07 3.456719059811542e-07 5.034476144959842e-08 2.6517591667805676e-07 1.9967331320292436e-07 1.610693480743993e-07 1.0695523572928163e-05 1.430282748608024e-07 0.0 6.068253598421032e-06 4.087215215254975e-06 1.4117619206948449e-05 1.4440605321994625e-05 7.4727985169318455e-06 1.4936701070701865e-06 1.4105780045117013e-05 0.0 7.129116263690997e-07 9.824942441872212e-07 0.0 7.806692283228969e-07 2.2135957784902087e-07 1.689044095380839e-07 0.0 2.709615729488555e-07 0.0 5.69364435427082e-08 0.0 9.57982626981837e-07 6.510009485808874e-08 0.0 5.4266790720426275e-05 3.8844751487651747e-07 0.0 9.706102590568085e-07 1.756132276339656e-06 4.138428499158592e-07 2.404841103227616e-06 2.415269741628891e-06 3.493541617509398e-06 9.74110884470668e-07 3.980445855986843e-06 7.456956806013026e-06 2.3467968919126517e-06 1.000598377203616e-05 1.3254321977170234e-05 3.0470974587960194e-06 1.8416125606837825e-05 3.1686309046872906e-05 1.2656426925734833e-05 8.682221517391874e-06 1.7040664282027975e-07 5.753959977941834e-07 0.0 0.0 0.0 0.0 0.0 0.0 0.0 0.0 0.0 0.0 0.0 0.0 0.0 0.0 0.0 0.0 0.0 1.3200849215017924e-06 1.7740028571855535e-06 0.0 0.0 0.0 2.3402706707790755e-06 0.0 2.5881421727468475e-06 8.867865020261262e-07 2.163313610947324e-07 0.0 0.0 0.0 0.0 0.0 0.0 0.0 1.7983776186964852e-07 2.78977228021688e-07 0.0 0.0 0.0 3.71427593721632e-07 0.0 0.0 0.0 0.0 1.8735395586253454e-07 7.367398047391162e-08 6.717473523551539e-07 0.0 0.0 1.0288560037059704e-06 6.961013533318366e-07 0.0 0.0 0.0 0.0 0.0 0.0 0.0 0.0 1.3487870364181392e-05 3.5640428814961014e-07 0.0 0.0 0.0 6.63421988509357e-06 0.0 4.574329117209253e-07 1.0456766749294385e-06 1.4609118322505862e-07 3.715137998562023e-07 2.4151090433184093e-07 7.553010842076968e-07 0.0 0.0 0.0 0.0 0.0 0.0 0.0 0.0 2.437573057478394e-05 1.4187253771107569e-06 1.7591634167347351e-06
0.0006554294854870438 0.0015055059412465296 6.892787680202445e-06 0.0014489401115153188 0.00023644947540219413 0.0005571748916287371 0.002122953504362771 4.264874334406202e-06 0.00010155122829005281 0.0 1.463260398021933e-05 0.0016729746896087501 0.002689295251865823 0.00015337210187702752 5.706144448572998e-06 8.679413740890309e-07 0.0 0.0 0.0 0.0 0.0 5.812506630023782e-07 0.0 0.0 0.0 7.212213693847987e-08 0.0 0.0 0.0 0.0 4.0203860689345005e-05 9.089715442672559e-06 3.455909835177443e-05 1.6200680266975657e-07 0.0 0.0 2.242285987969726e-05 5.219747606768122e-07 1.17034726690994e-06 0.0 0.0 7.744999143073363e-08 0.0 4.3807953211515245e-07 0.0 6.133561866912436e-08 3.473976052956233e-05 4.9313761269244695e-06 5.742934572735845e-07 6.362677273172605e-08 3.3229651069293544e-07 1.5378868247056005e-06 0.0 6.238812399830183e-08 9.79958612434989e-07 1.0494890360202103e-06 3.114010749532903e-05 4.361655258467034e-05 2.841349818061362e-06 3.0263595722165196e-05 0.0 1.5769999067383863e-06 0.0 4.3630505865172567e-05 1.16381236782185e-06 1.7566507521234747e-06 1.20036426037442e-07 2.2875151070090704e-07 2.2421147624556631e-07 8.044138730611485e-08 0.0002702576099933425 4.9913426971542965e-06 1.7712905228244276e-06 4.8153000141906084e-05 2.5074901046721225e-05 2.2995642405255187e-05 7.021012690675317e-06 1.9242777411585e-06 7.857923394057431e-07 5.346728649100642e-06 1.576859134444994e-07 1.4751033238841412e-06 7.981804614720653e-06 4.137112265928002e-07 2.9649165230303874e-06 2.253781849920613e-06 8.150394831107986e-07 1.0470720592967699e-07 7.23049064359276e-08 5.955042212097184e-07 4.1975093958148595e-07 5.397721395205664e-07 1.5493928094008319e-06 1.829790585298072e-07 1.7720109210424688e-07 0.00036558620090473327 2.772682289315056e-05 1.0922319912318645e-06 4.459023466555382e-06 0.00028120499239634713 4.028573848035271e-06 2.3999286693295638e-05 2.1720114105859664e-05 3.748467299171764e-05 6.081086552435711e-06 4.074698412178548e-05 6.823439116849348e-05 9.865784029091427e-06 0.00011596285502927567 0.00012097410614698249 1.056136178690227e-05 0.0001342951247168939 0.00023117155885195417 7.803911991012486e-05 3.721545287689026e-05 2.2746787074112717e-06 1.4150897237486159e-06 0.0 2.465428231680814e-06 0.0 0.0 0.0 0.0 0.0 0.0 0.0 0.0 0.0 0.0 1.0619083203908026e-06 0.0 7.329761425883631e-07 2.741317602858986e-07 7.071299686130354e-07 8.84266065141859e-06 1.0728282820497829e-05 0.0 5.444234719423772e-07 0.0 9.05637613912033e-06 4.574289592838254e-07 5.628803251557256e-06 3.697476646015299e-07 6.228070167287401e-07 0.0 6.45921606131159e-08 0.0 0.0 9.379934886530169e-07 1.2881631451801754e-06 0.0 1.2443412104784056e-06 1.3993265291191238e-06 0.0 0.0 8.806825465753557e-08 3.925338228641054e-07 0.0 8.587704298434753e-08 0.0 0.0 1.9796820214354814e-06 1.3750055811656493e-06 8.094936624639329e-06 1.1699170400358255e-06 6.975988406176702e-07 5.725930128546442e-06 9.944151887003082e-07 1.3650100930084166e-07 1.4902645654151604e-07 0.0 0.0 0.0 5.848445751473225e-08 0.0 4.936235863367769e-07 4.635500132744352e-05 7.372658167760575e-07 9.496689571277246e-08 0.0 0.0 2.0822987767273585e-05 8.737124749470381e-07 1.6430358485943592e-06 1.3173759200895674e-06 1.6325923219973758e-06 1.3249642307003157e-06 1.5045086981863593e-07 1.1571658635830589e-07 5.916168610890545e-08 4.5984548035065697e-07 0.0 0.0 6.083940862228467e-08 0.0 7.386317012177808e-08 0.0 6.972949275919785e-05 1.9925996354241037e-06 6.577379313749221e-06
0.00019462938917689563 0.0026527206314124786 0.0027868603921293723 3.8591312107673445e-06 0.0035653211096172205 1.9634374537574854e-06 0.0004579989337052186 0.0010607473323618315 0.0010962276047956105 1.463260398021933e-05 0.0 0.00011583584913061916 0.001993173324465685 0.0020383940727501065 1.1754648548203209e-05 2.9007782322376652e-06 4.1083399573670767e-07 1.481183892375492e-07 0.0 9.187928461664172e-08 7.486203698850956e-07 0.0 1.1597128304333993e-07 0.0 2.434401441734678e-07 0.0 0.0 4.809315633273426e-07 2.744086356723793e-07 0.0 0.0003879790895870151 7.783093548440364e-05 0.0005330101535377615 9.034222688217444e-08 0.0 4.846034695484269e-07 0.00012698058880060206 6.850555572366216e-06 6.930245812312807e-06 5.082736528291905e-07 1.677886775026771e-06 1.7870668393403024e-06 1.8282905535028623e-07 9.002897371516307e-07 7.598105179939364e-08 1.535546336855571e-07 3.0359809929206688e-05 2.3634886123158663e-06 6.187040593558557e-08 1.8769764381916262e-07 3.675325386359925e-07 7.387283618556646e-08 0.0 9.764847069294512e-08 3.2477350744960517e-07 1.7559067365578398e-07 1.6013021778906424e-06 1.8822481885560095e-05 9.03478073956963e-07 1.8109100154684018e-05 0.0 3.6279932779344626e-05 1.9570604934415392e-07 4.752492313907439e-05 5.750631380816827e-07 6.918490941834238e-07 1.8931382709168574e-07 3.842832281720012e-07 1.7624663383778048e-06 1.7411313900967283e-06 9.026225118104211e-05 1.1925781640770876e-07 0.0 1.7252057697574305e-05 1.126899766234436e-05 2.333921815772331e-05 2.5305809871315473e-05 1.4396805084739012e-05 1.3311678187964004e-05 0.0004031239322107591 0.0 7.21375558973409e-06 2.761462749819035e-06 0.0 9.04014939836718e-07 8.568749700277356e-07 7.147839859307011e-07 0.0 2.0476700115621998e-07 0.0 1.6510336306647103e-07 6.70308603813941e-08 8.888119130587628e-06 1.1678757496263632e-06 4.1538502738750257e-07 1.8569183656735732e-05 1.6293463471909154e-06 0.0 6.416785788928226e-06 1.1277571005268043e-05 2.792124645857159e-07 3.3041467449782156e-07 1.9488134160088745e-07 4.236029581564236e-07 1.620641590853399e-07 1.917100739993001e-07 7.956727512304704e-07 1.2336118335956725e-07 1.944166829583426e-06 1.5025339490009747e-06 7.594792914775952e-07 2.3637170037912904e-06 3.338126599327495e-06 1.2245384510617427e-06 1.6849337246285237e-06 1.547969993481711e-07 0.0 0.0 2.771224240388637e-07 0.0 0.0 0.0 0.0 0.0 0.0 1.6947639681486624e-07 0.0 0.0 0.0 0.0 0.0 0.0 2.2878272573846942e-07 0.0 9.194985507387636e-08 1.023441390147531e-06 0.0 0.0 0.0 7.710802370579674e-07 8.561655587656739e-08 8.126410142372496e-07 8.528218379370482e-07 1.746375168265077e-07 0.0 0.0 0.0 0.0 1.470667952215891e-07 3.978457908119019e-07 0.0 0.0 0.0 0.0 0.0 0.0 0.0 9.208181117985178e-08 0.0 1.3037632915398218e-07 0.0 0.0 7.656190134122774e-08 0.0 9.880920726602424e-08 1.0345288056101976e-07 6.432173660745079e-07 5.139784018933962e-07 0.0 0.0 5.63155781351061e-08 0.0 0.0 0.0 0.0 0.0 2.0546387981364864e-06 1.4787915415878691e-07 0.0 0.0 0.0 1.1842064568823465e-06 8.155246242858636e-08 0.0 1.1701826929584162e-07 2.3933718680058344e-07 3.865225858535928e-07 0.0 0.0 0.0 0.0 0.0 0.0 1.0469019816277814e-07 0.0 0.0 0.0 3.4206101525181287e-06 5.708842652459519e-07 1.8351469157684989e-06
0.00024437664257599174 0.00011906352920648736 6.439294803530093e-05 0.0008960423831312521 3.592937305004203e-05 0.00017054871812262183 0.0006363444264787554 8.636669720773322e-05 4.54572923627668e-05 0.0016729746896087501 0.00011583584913061916 0.0 0.001855676746294568 0.00015407565376372292 5.1833568425839565e-06 3.583424609086618e-06 0.0 0.0 9.358933827028774e-08 0.0 1.4680921100478775e-07 7.57490744600521e-07 1.0239222461025802e-07 0.0 1.1570418225907578e-06 1.5979473011547105e-06 0.0 8.530419815158809e-07 3.536372033191231e-07 0.0 3.0416174016851542e-05 3.1531924851933244e-05 0.00020389745651595536 0.0 2.5537130256222103e-07 6.091098357195325e-07 0.00031805555449850525 2.6225262963907858e-05 1.4904370206900934e-05 2.186834205747278e-06 7.855229234763278e-07 9.554042556636593e-07 1.4524227448416105e-07 1.3965680096089318e-06 0.0 9.834142097603857e-07 2.891224238472124e-05 1.2508786233574496e-06 2.493041887401691e-07 3.0570651570198614e-07 2.8342996583844e-07 1.3085432829568667e-07 0.0 2.3327246184789784e-06 1.2896917963061993e-07 1.9848193500284655e-07 4.335643831663034e-06 1.7543006422393956e-05 1.7237980795898225e-06 1.2855587241272716e-05 0.0 5.730048818871668e-06 0.0 2.8653756955944057e-05 6.709914999571682e-07 5.727546741876888e-07 5.525541879885043e-08 1.7200036580581156e-07 1.0119190171735995e-06 1.0280299187534035e-06 0.00013702273168919414 1.6868653400282002e-07 1.0051001467433028e-07 1.8241619518784363e-05 9.946108271691218e-06 1.2742851888111501e-05 1.5644278099884854e-05 8.107133226041446e-06 2.556163014410961e-06 4.0746277162877534e-05 7.638468675861605e-08 2.1201776749495105e-06 4.189164920502158e-06 0.0 6.27067958951403e-07 5.802947261558152e-07 4.218177774794563e-07 0.0 1.2693226147670642e-07 2.2826248876506253e-07 1.2327483899209315e-07 0.0 5.1967383047607285e-06 5.750843696317517e-07 6.126832689157726e-07 0.0004101157753831844 1.2688939120387065e-05 8.497619962953605e-08 1.3239673246929226e-05 4.789524673315033e-05 1.0536533432036754e-06 4.504239224104645e-06 4.446361731911082e-06 4.984847757614865e-06 2.3010494445379196e-06 5.456069350287808e-06 1.3213796436446634e-05 2.789567746716697e-06 1.888959154381637e-05 2.476799874472545e-05 2.7114069258567044e-06 3.555930386594584e-05 5.687119098719674e-05 2.0072214179284887e-05 1.8170733619183096e-05 2.3401941307082933e-07 4.705745705281088e-07 0.0 1.2951504600833008e-07 0.0 0.0 2.559513278263698e-07 0.0 0.0 1.0060145318029451e-07 0.0 0.0 7.85337097495786e-07 0.0 0.0 0.0 8.053740797685161e-08 0.0 0.0 2.2102246107505823e-06 5.643594622795728e-06 0.0 0.0 0.0 6.1797009485824494e-06 2.7541785874347044e-07 5.94355289214646e-06 1.1989390176998775e-06 7.700589365268782e-07 0.0 0.0 1.5365823156731437e-07 0.0 0.0 1.231125484433497e-06 0.0 3.0649139700976007e-07 8.143498493934472e-08 0.0 0.0 9.167694236396999e-08 0.0 2.561743538172328e-07 0.0 1.4384299911657558e-07 0.0 3.9059044230839826e-07 3.4179602943097613e-07 1.3274603227223373e-06 1.0186846525767402e-07 1.614103020913753e-07 4.062000740051114e-06 7.16574757360664e-07 8.317868038597455e-08 7.604009772824497e-08 0.0 0.0 0.0 0.0 0.0 0.0 2.2311267057323725e-05 1.0473533069387992e-06 8.458503123033737e-08 1.9968918438817007e-07 2.560774269530158e-07 1.217795342502177e-05 0.0 1.7391703054898664e-06 1.0642362956031738e-06 3.164687715368643e-07 2.8469979889100355e-07 3.2886012262142367e-07 2.644087957385465e-07 0.0 0.0 0.0 0.0 0.0 0.0 7.301886402460175e-08 0.0 3.9444863825581775e-05 3.51934200567516e-06 5.724485620300906e-06
