0.0 0.001574815127898961 0.0003471103621136091 0.0010165486321432903 9.66500765618004e-06 0.00010128740901882485 0.0002386135868554437 1.8922311442125293e-05 3.993906823833436e-06 0.0008617441965643327 5.4720253429839165e-05 0.00019975849336093608 9.87471801231123e-05 2.0781268808858137e-05 3.1562439490029345e-07 1.6865844069121653e-07 0.0 6.135881126248843e-08 0.0 0.0 0.0 0.0 0.0 0.0 0.0 0.0 0.0 0.0 6.535079692519412e-08 0.0 0.0009492178247168765 1.1141659406274729e-06 1.3241620940050169e-06 0.0 0.0 0.0 7.179262666409728e-07 1.909153679310438e-07 4.6271015095760845e-07 0.0 1.06115158788933e-07 1.354578497141301e-07 0.0 0.0 0.0 0.0 7.813037178083101e-06 1.8434429928126147e-06 0.0 1.30301549716983e-07 0.0 2.071828053243406e-07 0.0 1.424132419620787e-07 2.6839472300467146e-06 4.904129513525936e-06 0.00021273535607872562 0.0008945145861376185 2.204982817133242e-05 1.5409589225767314e-05 0.0 2.8468043097007423e-07 0.0 6.309685870279026e-07 1.542545186765113e-06 2.7953951466424914e-06 4.022730424453227e-07 1.0846342022277064e-07 0.0 0.0 5.906016639432259e-06 3.6224164207895983e-06 4.1587629140847e-07 0.00017721653215713672 1.490006728792134e-05 1.9412773373151723e-05 2.0814678149221595e-07 1.1030496369741807e-07 6.338746610004169e-08 2.8855138298288677e-06 0.0 3.1287945777222027e-07 7.572143048366404e-06 3.392793132985988e-07 3.814849818802256e-06 2.099440922239435e-06 8.34581128358889e-07 9.044846918607455e-08 3.622113952732784e-07 2.5777359571430593e-07 2.862434855259842e-07 0.0 1.0893562896718362e-07 7.668261153849707e-08 7.340215185117896e-08 3.5824946576852404e-05 1.01796664489425e-05 1.583141813199762e-07 1.206631907313734e-06 0.000812087948318213 1.2668298665230976e-07 3.6218763345385752e-06 6.623991274291396e-06 1.3087100658437857e-06 4.330653159779569e-06 2.039705726809346e-05 2.032898280657319e-06 8.609484759777507e-06 1.1030220503464125e-05 3.5034438012746646e-06 1.2602714858254895e-06 1.328177957061156e-05 1.1612794774332726e-05 4.137604473382756e-06 1.5978850664422294e-06 0.0 1.3359738469922055e-07 0.0 0.0 0.0 0.0 0.0 0.0 0.0 0.0 0.0 0.0 0.0 0.0 0.0 0.0 0.0 0.0 0.0 1.9213762732169922e-07 1.2605025251912907e-06 0.0 0.0 0.0 5.54559634007105e-07 0.0 5.604644486027207e-07 2.0403806607682003e-07 0.0 0.0 0.0 0.0 0.0 0.0 0.0 0.0 4.372493639176794e-07 0.0 0.0 0.0 0.0 1.6811380062653604e-07 0.0 0.0 0.0 0.0 7.527566586357551e-08 1.0896733773473344e-07 1.9692638417827355e-06 0.0 0.0 5.042767989700206e-07 4.0186846425450145e-07 0.0 0.0 0.0 0.0 0.0 0.0 0.0 0.0 9.471638829768427e-07 3.9276987542005143e-07 0.0 0.0 0.0 3.4330531229442107e-06 0.0 1.055527993512834e-06 0.0 0.0 0.0 0.0 6.444759095606213e-08 0.0 2.2961489634004842e-07 0.0 0.0 0.0 0.0 0.0 0.0 1.339898562652726e-06 3.8271562779538246e-07 5.3766072786789327e-08
0.001574815127898961 0.0 0.001458858774156488 0.000625111993599807 0.002274337249581609 8.610294528108729e-05 0.0037794534993284075 0.00020749616530329587 0.0007431181450081656 0.0008933847758368806 0.0006308523989172674 0.00010208159718290328 0.0007516247873589681 0.00039041675876639746 7.406727733005204e-06 3.4087319895103157e-06 5.612759757333388e-07 3.7466805125057763e-07 6.191925632034016e-08 1.2798537735834333e-07 0.0 0.0 0.0 0.0 2.750775196207115e-07 0.0 0.0 4.0922169781493206e-07 7.332347261954845e-08 1.2838378666276737e-07 0.0019880407140675654 5.908111318147067e-05 1.2307769711480779e-05 0.0 0.0 4.217129321538537e-07 5.201922952205348e-06 8.667608698879857e-07 4.656636250924553e-07 1.614451158937738e-07 4.0063735406767015e-07 2.8424375382593433e-07 1.6433172502938566e-07 7.000429860145739e-07 1.1948868711539693e-07 4.895955704476297e-08 0.00012155268687155863 8.041725249867347e-06 3.510564928632255e-07 4.106115197675647e-07 4.711082773118907e-07 6.582871522339021e-08 0.0 7.37804443627323e-08 9.01893054770031e-06 1.1339625026047116e-05 7.407495799368034e-05 0.0007470434486588839 3.7834117221325654e-05 9.133786448546425e-05 1.147774838785957e-06 3.713288360072394e-06 1.0461129887150958e-07 3.865175654286699e-05 6.897621110867283e-06 1.1676981706377973e-05 2.023965387420028e-06 3.946369884102137e-07 2.9200423266978386e-07 0.0 1.8321272820056347e-05 5.756172684869788e-07 0.0 0.00040653056678579077 0.00010960823655451928 0.0001796533973211138 1.3061325564413418e-05 2.2338860670161185e-06 1.728756410858337e-06 5.771511648061121e-06 3.7695515723896336e-07 3.870507941894995e-06 2.7091527269344456e-05 3.1537411394311845e-06 1.813833851434416e-05 8.859733855074132e-06 3.812962040783522e-06 0.0 1.694659849635555e-06 1.344443199536026e-07 1.1260699651404195e-06 6.667692870659499e-07 2.934308555612035e-07 4.288519685443313e-07 2.3086964486979138e-07 3.728077602881554e-05 7.150057508559484e-06 0.0 1.3515168625234988e-06 0.00038101444634623183 2.113773280232873e-06 2.838115865378146e-06 7.006441259664056e-06 1.7305154423905102e-06 6.7809266280071144e-06 6.041784601880838e-05 1.3669170206727664e-06 2.13909596719372e-05 2.6628761153893847e-05 7.684915181375972e-06 8.943021718993107e-06 3.520512718761983e-05 3.470599063176171e-05 1.2886019484325659e-05 1.4835605660155723e-05 3.2334722328697294e-07 0.0 0.0 0.0 0.0 0.0 0.0 0.0 0.0 0.0 0.0 0.0 0.0 0.0 0.0 0.0 0.0 0.0 0.0 3.7946204351113994e-06 3.463419853950394e-06 0.0 4.6709061347434214e-07 0.0 3.2944168199565017e-06 5.18365616835871e-07 5.997760767385088e-06 6.446291932990804e-07 1.2527479139511562e-07 0.0 0.0 0.0 5.1950933528858614e-08 0.0 0.0 0.0 0.0 5.16676606362507e-07 0.0 0.0 0.0 6.360389078621982e-08 0.0 0.0 3.2877792266087436e-07 0.0 2.2730198870031066e-07 3.8017032254824287e-07 9.596015235717324e-07 0.0 7.827079603354936e-08 7.243413409959669e-06 1.153966607849777e-06 2.728492822928282e-07 0.0 5.8851373791175034e-08 0.0 0.0 0.0 0.0 0.0 1.272158722966158e-05 1.0582400611941713e-07 0.0 0.0 0.0 1.1783044748201928e-05 0.0 5.365201338647657e-06 6.263571740484543e-07 1.4384644664534226e-06 1.4415757781403859e-06 3.019931464039312e-07 8.23494325713163e-08 1.875495563415407e-07 0.0 7.028407365151409e-08 0.0 0.0 0.0 0.0 0.0 8.428083246998368e-06 4.5809742912716315e-06 2.39723845046083e-06
0.0003471103621136091 0.001458858774156488 0.0 3.9766196339574575e-05 0.0012026900676987888 6.0351155822797835e-06 0.00020117345391582284 0.001332625881916963 0.0008838679791485509 1.3822827728336174e-05 0.0024691774355598945 4.589140198812497e-05 0.00022124986912844334 0.0012416578139887292 5.859468558854959e-06 7.2116665276810485e-06 2.825847283880524e-07 1.2395381994398514e-07 3.46632028257691e-07 1.0008086968925864e-06 1.595889863860535e-06 0.0 2.979622607017829e-07 7.697740923456303e-07 1.3254890120848278e-07 0.0 0.0 1.396436391665376e-07 9.156073076331862e-07 0.0 0.002985496708194974 0.000269037862068641 4.5865559895746664e-05 8.737065568823149e-07 2.6334063291055067e-07 4.1165421961861385e-07 1.6178610175614913e-05 2.0203930490213205e-06 2.4440671042403428e-06 4.2519851101817216e-07 1.6624294827377068e-06 6.596692890086052e-07 3.4050206461966672e-06 2.579624520472391e-06 2.291274802287685e-07 1.5820707285687894e-07 3.859754544098498e-05 2.558079129086072e-06 2.371711104643409e-07 3.0653046359976867e-06 1.3278303637732131e-06 5.486122200158324e-07 2.077898504167456e-07 2.6275164996190416e-07 2.7742022806897964e-06 3.3677613230950885e-06 1.9329537779308604e-05 0.0003355608676210828 9.245523198428972e-06 2.9706908779170657e-05 1.016496135488042e-06 1.052183815995546e-05 0.0 2.510074380819239e-05 2.9626085368080625e-06 3.7525199783936894e-06 1.520897230851234e-06 3.228790487670669e-06 9.675140543523859e-06 4.156510865546793e-06 1.662523418726808e-05 8.390024122095482e-07 0.0 0.00012100835667858645 4.5324665688533656e-05 6.914605193572039e-05 1.2840887886748844e-05 3.922545358370863e-05 4.6881397037105376e-05 0.00023270867380459866 2.6618923103758575e-06 9.207630867570269e-05 6.27445302882844e-06 0.0 6.060394661288846e-06 3.1724176973601496e-06 4.431564514688755e-06 0.0 1.571930136290802e-06 3.4192446165103727e-07 3.675371228215969e-06 8.894317200208464e-07 9.327094338806868e-06 9.077326624089764e-07 8.622204114497552e-07 3.622157037144169e-05 1.698480489909949e-05 0.0 2.317658200864924e-06 5.418781588672389e-05 0.0 4.692122362451648e-07 2.374418944489073e-06 6.478590967644922e-07 1.5524987565832818e-06 6.287790047620679e-06 1.9932162891774889e-07 4.0228614280903745e-06 1.5527547826554742e-06 1.119035498536011e-06 1.0022932895355216e-06 5.653638764666342e-06 6.859379211096492e-06 3.8924152577468145e-06 4.923219154707672e-06 2.7450250433478004e-07 6.012662485440338e-07 0.0 0.0 0.0 0.0 0.0 0.0 0.0 0.0 1.4284842257092777e-07 0.0 0.0 1.922497044795247e-07 0.0 4.899414528450612e-07 2.9515160937553985e-07 1.3928267880562064e-06 4.85692715068289e-07 6.035989519377187e-07 1.3363866190841736e-06 1.6624306236606514e-07 8.024621372722943e-07 0.0 7.112856851616932e-07 2.838595344419418e-07 2.7278739981769038e-06 1.050367742267394e-06 1.3991536157257358e-07 0.0 8.652804062995156e-08 2.0792979869221652e-07 0.0 0.0 0.0 0.0 3.9544962189035377e-07 6.556070699074948e-08 0.0 0.0 8.455898543383494e-08 4.1416387966709195e-07 0.0 9.138999238552604e-08 0.0 0.0 4.460229230675631e-07 7.531793039093953e-07 0.0 0.0 1.84979447133243e-07 9.246551812079855e-06 7.675358879939286e-07 0.0 6.127092562233567e-08 0.0 0.0 0.0 8.73228934927741e-08 1.3245354770905663e-07 1.0486669274397556e-07 4.2470286742013454e-06 6.508306725555804e-07 0.0 0.0 3.46709620896041e-07 9.682905398375196e-06 0.0 7.821544003277922e-07 0.0 1.0633650673048396e-06 5.68901074932556e-07 0.0 1.4241374080717568e-07 0.0 0.0 0.0 0.0 0.0 0.0 2.860839291808603e-07 0.0 5.018904519477946e-06 4.448332599936052e-06 3.6115333198105473e-06
0.0010165486321432903 0.000625111993599807 3.9766196339574575e-05 0.0 9.231209845939823e-06 0.00025836335260877275 0.0006137452314992661 1.2591460814086114e-06 3.903972377476834e-06 0.0014572337930196311 7.694069823606516e-06 0.0014621160936890965 0.0005867081476602641 4.944521036094672e-05 3.0501738739570225e-07 4.779142135931639e-07 6.162053701034359e-08 0.0 0.0 0.0 0.0 6.528573468299269e-08 0.0 0.0 5.634526986616046e-08 5.930980749622722e-08 0.0 0.0 0.0 0.0 0.00021650668429039766 3.3026287585521666e-07 1.890730524812612e-06 0.0 0.0 6.632281388334536e-08 7.097762638622972e-07 1.0747267928677191e-07 1.6768511982112869e-07 6.381107942951352e-08 7.785369238563987e-08 0.0 0.0 0.0 0.0 0.0 1.3476701879680093e-05 1.6315689197808276e-06 2.3077042408609865e-07 1.2845000464509447e-07 1.9715238372687722e-07 0.0 0.0 0.0 2.4566698032936045e-06 2.753102377731311e-06 4.8016615292844706e-05 0.00034344259218819953 1.5154482401611732e-05 1.406663499982077e-05 0.0 2.614920463358213e-07 0.0 1.8266803652270216e-06 1.3508004468783488e-06 2.0546555132817967e-06 3.6567441744890533e-07 2.058245340893261e-07 0.0 0.0 3.871974052574042e-06 6.308774811203912e-07 0.0 0.00014508626414370666 1.765557016258892e-05 2.346526590365831e-05 3.289475349329034e-07 1.0600986790005044e-07 0.0 1.4016632510789122e-07 0.0 2.5238111972857705e-07 6.85167939379206e-06 3.17989360236289e-07 4.310930029776229e-06 2.4508702598306296e-06 7.45696217512882e-07 0.0 5.900274907670869e-07 0.0 1.0307174930388145e-07 1.1082370332953921e-07 0.0 7.206948964416216e-08 0.0 1.597271954208071e-05 4.75497437513929e-07 0.0 6.631362278591026e-07 0.00038180691589017 0.0 9.732463791794033e-07 3.5075837809421773e-06 1.0014068269810304e-06 1.528924246087735e-06 9.789116710791334e-06 1.186775353533666e-06 4.319441324820678e-06 1.2033754331852713e-05 1.2864494441868047e-06 1.0379221991759186e-07 1.2046568486897427e-05 6.945109949089682e-06 3.5905268293007636e-06 6.858328648261346e-07 6.176149779318948e-08 0.0 0.0 0.0 0.0 0.0 0.0 0.0 0.0 0.0 0.0 0.0 0.0 0.0 0.0 0.0 4.852634712099999e-07 0.0 0.0 3.6094737118816806e-07 0.0 0.0 0.0 0.0 0.0 0.0 0.0 1.7440216289393444e-07 7.816903163376807e-08 0.0 0.0 0.0 0.0 0.0 0.0 0.0 1.668395823208302e-07 0.0 0.0 0.0 0.0 0.0 0.0 0.0 1.2280075678905754e-07 0.0 0.0 0.0 1.2035929973126758e-06 0.0 0.0 7.586145422797732e-07 0.0 0.0 0.0 0.0 0.0 0.0 0.0 0.0 0.0 1.2022871887768692e-06 0.0 0.0 0.0 0.0 2.587755670857649e-06 0.0 0.0 0.0 0.0 0.0 0.0 0.0 0.0 0.0 0.0 0.0 0.0 0.0 0.0 0.0 1.2982069662911748e-06 9.940567247848718e-08 5.353531494742904e-08
9.66500765618004e-06 0.002274337249581609 0.0012026900676987888 9.231209845939823e-06 0.0 1.0518093947195075e-06 0.0021448990457348218 3.836089778201635e-05 0.0030250286220384784 9.495953461423256e-05 0.0005526198112769034 1.97497607994515e-05 0.00038168862250011475 0.000589657441843628 4.470570012948374e-06 2.618574330826383e-06 2.0864988405921836e-07 5.580436373111667e-08 7.984590189675243e-08 0.0 0.0 0.0 0.0 0.0 1.0869514611796269e-07 0.0 5.5197837240050084e-08 2.8733280516782817e-07 1.0934183704792563e-07 0.0 0.00014015279812789819 3.020757835021955e-05 6.06808002196359e-06 0.0 0.0 2.2383285196795056e-07 4.920462186028548e-06 4.828487003892736e-07 1.0946154505401662e-07 5.80440893134113e-08 0.0 9.181914734072852e-08 0.0 6.428256065033459e-07 0.0 1.7100796652450787e-07 4.273517978086577e-05 1.7037411270634217e-06 0.0 5.8564992253972764e-08 6.971469877252061e-08 0.0 0.0 6.240704286114752e-08 1.416215965250579e-06 2.0440209112469406e-06 7.16299501169777e-06 5.665542414798513e-05 5.3001067110274055e-06 2.7878009387963334e-05 2.694624895748902e-07 2.9342608591060807e-06 0.0 1.78735651637417e-05 1.4692289696252425e-06 3.1556210248314534e-06 4.7211096583491483e-07 5.054227893905041e-08 9.249156089707766e-08 1.9592317507828686e-07 9.984598314116656e-06 5.880202220609184e-07 0.0 6.300872235593333e-05 3.15710658059116e-05 6.49086317342504e-05 7.627698527906617e-06 3.0899522116874126e-06 0.0 1.7779690996859184e-06 3.284754249696978e-07 2.1823896949689855e-06 5.089903551751802e-06 1.3300719661984467e-07 3.981331205648162e-06 2.1456483113717486e-06 7.685274982045519e-07 0.0 4.678946134769625e-07 0.0 4.7216453488364457e-07 7.48703715090012e-08 1.2295476656939045e-07 0.0 2.9829198249369686e-07 3.687804589115053e-05 9.53153520007372e-06 0.0 8.91844880707894e-07 1.9034159185535824e-06 0.0 2.658052526797391e-06 1.1349602550308056e-05 2.7854072355375984e-06 5.27012453526132e-06 5.078418503778456e-05 5.276870215006128e-06 2.1822427687890286e-05 1.6428261531008858e-05 6.458440569407438e-06 7.66335378249501e-06 3.97332145489717e-05 3.9125750016743226e-05 2.2861455831585246e-05 1.9679341736341125e-05 3.414875128585772e-07 0.0 0.0 0.0 0.0 0.0 0.0 0.0 0.0 0.0 9.162475382721899e-07 0.0 0.0 0.0 0.0 0.0 0.0 0.0 0.0 1.0917460540299297e-06 5.430466319398991e-06 0.0 8.708991110062499e-07 0.0 1.9132620440525486e-06 2.749748958244266e-07 3.5057379256678304e-06 3.1509413244033845e-07 4.388631722579105e-08 0.0 0.0 0.0 0.0 1.200442810281572e-06 0.0 0.0 6.677449194162891e-07 0.0 0.0 0.0 0.0 0.0 0.0 0.0 2.9937987968615535e-07 0.0 0.0 2.5002858699533486e-06 7.917262894389958e-07 0.0 0.0 5.46093243911692e-06 2.438677532422109e-06 1.91587040628338e-07 5.777484631567908e-08 0.0 0.0 0.0 0.0 0.0 0.0 1.4969589605353549e-05 1.4258240082836623e-06 0.0 0.0 0.0 2.156504711296555e-05 0.0 7.539022242970475e-06 0.0 1.396681122106512e-06 6.123206163803366e-07 4.206591391732225e-07 1.8466475984108314e-07 0.0 0.0 0.0 0.0 0.0 0.0 0.0 0.0 1.4219800857726088e-05 5.2055018397981015e-06 3.616444815280653e-06
0.00010128740901882485 8.610294528108729e-05 6.0351155822797835e-06 0.00025836335260877275 1.0518093947195075e-06 0.0 4.4440872049153356e-05 2.4590582983131833e-06 1.6485744454161603e-06 0.00033902404434978675 1.2100188778378454e-06 0.00014417866419384976 7.625031023391338e-05 2.0131697265778845e-05 2.1763043824122935e-06 3.6454005308261734e-06 7.658765069437004e-07 0.0 0.0 0.0 0.0 2.731688958037971e-06 0.0 0.0 0.0 0.0 0.0 0.0 0.0 0.0 2.3296832585338572e-05 6.337661300879342e-07 7.372024284739942e-06 0.0 0.0 0.0 2.4074041351411007e-05 2.1175477793114217e-06 1.24491571402392e-05 7.944140668214535e-07 0.0 0.0 0.0 3.151118290936299e-07 0.0 1.2233463790607583e-07 4.706168679703049e-06 0.0 0.0 0.0 1.693513315918431e-07 1.2414925401873256e-05 1.3589602833262128e-06 1.1948319142292767e-06 3.909538965218585e-07 3.516444781216781e-07 6.681922143054508e-05 6.989942595220659e-05 5.025014260627208e-06 9.657244371949905e-07 7.090562970327445e-08 7.07451359244931e-07 0.0 3.6192454452534134e-07 7.267618406328117e-08 1.4299503363883236e-07 0.0 8.734283741853205e-08 0.0 0.0 0.00012001159038034567 0.00037714327297955094 1.1114575372350212e-05 1.4850208258837083e-05 1.4064197489566113e-06 4.9321360799628e-06 1.1782790732327304e-06 6.189018303540169e-07 7.072613931051333e-07 1.407434543116593e-06 2.1408222814022165e-07 2.2036251998298198e-07 4.942431373489572e-07 4.911304921156949e-07 2.0993735386388614e-07 8.53167602765838e-07 0.0 4.130540184731858e-06 2.044969472607414e-06 1.0524078334992248e-05 1.430569052480373e-06 3.7615796770668173e-06 0.0 1.6798159185865869e-07 8.331254440362755e-07 0.00011656093353253083 0.0002617834098439461 1.8005739797772824e-05 4.5219019607124865e-05 0.00017873330503056833 1.879727943024247e-07 1.3442623311454222e-06 3.159406325635023e-06 1.5058166447248288e-06 2.694317725706619e-06 8.478913853464402e-06 7.899080237558532e-07 4.374942346281296e-06 8.42092663743111e-06 3.8158488129081265e-06 2.236636061742007e-06 7.951276454703287e-06 1.1018444603116134e-05 4.780635149672499e-06 3.152533924418404e-06 3.67609116541116e-07 4.948557882748776e-07 1.224163497207711e-07 0.0 0.0 0.0 2.064269414040474e-07 0.0 0.0 7.522488738395256e-08 0.0 0.0 1.4579406829509455e-07 0.0 8.13518658538917e-07 0.0 4.793415872217594e-07 3.7496512585347233e-07 2.025879283189977e-07 4.1280843357460675e-07 1.720641401322355e-07 2.618200246394262e-07 1.1325470884168862e-07 0.0 1.2849749963738606e-06 2.7950372771455514e-07 3.846611854118078e-06 3.870831499739573e-06 2.1270027065340983e-06 0.0 0.0 0.0 4.419353468305337e-07 0.0 1.5657474304027534e-07 0.0 0.0 6.60071595231658e-07 0.0 1.0351822060472713e-07 0.0 2.2640923328900705e-06 0.0 0.0 0.0 0.0 6.005285159143442e-07 3.717090107946982e-07 2.8448394527059366e-07 1.0986224608245052e-07 2.2514147576816605e-07 8.673688780971617e-07 5.571816033492458e-07 0.0 0.0 0.0 0.0 0.0 9.064716758459905e-08 7.503905029862117e-08 0.0 2.4967588079210163e-06 1.538747534359381e-05 0.0 7.466917888499184e-08 0.0 1.50810841812526e-06 4.443177964402249e-07 6.882582595657078e-07 6.89945936492773e-08 2.4023471082816864e-07 9.289931984277463e-08 0.0 8.320586069972182e-07 0.0 0.0 0.0 0.0 0.0 0.0 0.0 0.0 5.450188185002878e-06 3.8013103726209165e-06 6.611358990266542e-06
0.0002386135868554437 0.0037794534993284075 0.00020117345391582284 0.0006137452314992661 0.0021448990457348218 4.4440872049153356e-05 0.0 1.6969769930134625e-05 0.0027338666975433973 0.001455325140319092 0.00035872112662790965 0.00026838831388731717 0.002365618059711127 0.0017697563512621593 6.804425086851144e-06 4.118290327212083e-06 1.264874788867817e-07 1.079458906604392e-07 0.0 5.299405320003889e-08 6.737273957971001e-08 0.0 0.0 0.0 1.7446661763171086e-07 2.217122910951067e-07 5.225739234644871e-08 2.758333440285218e-07 1.6125191466943663e-07 0.0 0.00015280641201342242 1.9997006950984654e-05 1.1112198118632026e-05 5.41302939153599e-08 0.0 5.807350141789088e-08 3.8971926923014056e-06 5.825313553730865e-07 2.5941975983899477e-07 1.9222907896343628e-07 7.459623884150667e-08 0.0 0.0 2.798225094877585e-07 0.0 0.0 5.253270909439731e-05 3.0243638854710964e-06 0.0 5.32346797759165e-07 1.846635003806898e-07 7.047253831696024e-08 0.0 3.123308467030054e-07 2.9349444398779175e-06 4.091928057935091e-06 2.0786430467735785e-05 0.0001731905159832625 1.4342305769738282e-05 3.504834537447371e-05 8.972851569198447e-07 1.9367089884969614e-06 7.025189073416915e-08 1.758511987473891e-05 2.8418320637881345e-06 3.2639488036393925e-06 7.671470851619163e-07 1.303478188344918e-07 7.827339891836219e-08 6.258889906382397e-08 1.5261677826744855e-05 3.9449248138202497e-07 0.0 0.00013331970573699257 4.2972995972126395e-05 8.13994545944881e-05 9.34271044749252e-06 2.4674623268446037e-06 0.0 8.721300927775112e-07 1.8188558020749237e-07 1.4821530977880638e-06 1.1272945379869503e-05 2.2650162878518e-07 7.316504692412352e-06 3.1856937928427726e-06 1.1635083933880504e-06 6.884844191398673e-08 1.2043104550995634e-06 5.861069831859981e-08 4.125177056642824e-07 6.466257837567376e-08 0.0 2.2287808220859748e-07 8.850543295996608e-08 8.895904504562963e-05 8.538343902385238e-06 0.0 1.0727260782946564e-06 3.845423641152244e-05 1.1205721093627218e-06 1.1934774865710392e-05 2.6432560961736806e-05 8.485454379458786e-06 1.9225324301993334e-05 0.000109577237767019 7.712776445595928e-06 6.45109017185547e-05 5.583926247476786e-05 2.6265256845971368e-05 1.529649549572013e-05 0.00012775006360622493 0.00012180208878464783 5.058808072760641e-05 3.6877560203710365e-05 3.2411636340152994e-07 1.731523386073763e-07 0.0 0.0 0.0 0.0 0.0 0.0 0.0 0.0 0.0 0.0 4.784491088917423e-07 0.0 1.139226357556013e-06 0.0 0.0 0.0 0.0 5.90442634595843e-06 1.0164098392375152e-05 0.0 0.0 0.0 1.0211376989614945e-05 1.0181045059228106e-06 7.775153409579447e-06 1.5869758279557218e-06 3.4119271516251127e-07 0.0 0.0 0.0 1.1373670186468666e-07 0.0 0.0 0.0 0.0 1.4482574674190917e-06 0.0 0.0 0.0 1.1951925397219011e-06 0.0 4.1853603468429007e-07 8.186921069536545e-07 0.0 1.601801632653146e-07 2.8606755570184096e-06 4.629051420974222e-06 0.0 8.0976672108812e-07 1.4997139101266022e-05 3.729984013999424e-06 9.338474057366663e-07 0.0 0.0 0.0 0.0 0.0 0.0 1.2333987498424883e-07 2.4674475793042566e-05 3.958594157289215e-07 6.46439581180939e-08 0.0 0.0 4.590624290140806e-05 1.321239558144302e-06 9.035625524976063e-06 4.023830353196737e-07 3.969465720623251e-06 1.154455688424401e-06 5.676960973141212e-07 6.830563127726585e-07 0.0 7.393921045819763e-08 0.0 0.0 0.0 8.980345753663602e-08 0.0 0.0 3.710923110246522e-05 9.106547744983106e-06 5.903174625072692e-06
1.8922311442125293e-05 0.00020749616530329587 0.001332625881916963 1.2591460814086114e-06 3.836089778201635e-05 2.4590582983131833e-06 1.6969769930134625e-05 0.0 0.00015062001255711246 4.191537199944416e-06 0.001604921786549729 1.6775597261770322e-05 0.00013830697450305015 0.0016670170558556417 1.092028023504507e-05 1.9267243124766078e-05 5.796163071278871e-07 5.982644555816263e-07 1.4205882783177088e-06 3.5869059152433563e-06 7.985065223562185e-06 0.0 2.716753684006594e-06 5.071160425167224e-06 2.2063130858716053e-07 0.0 3.8630215611452176e-07 3.7421204262416514e-07 9.544256402002345e-07 0.0 0.001155360166878228 0.0019166100070089336 5.0830613933896166e-05 3.92054356214358e-06 2.17286353167865e-06 5.441227786138409e-06 2.5603795107748158e-05 6.715457767782932e-06 8.373609767412533e-06 1.49039878992227e-06 4.381995329423016e-06 4.338439059967123e-06 1.5151028995786637e-05 1.0105651512810771e-05 1.047771451100096e-06 9.514886378317081e-07 3.84857744308163e-05 2.6098726942735493e-06 1.27052573576062e-06 1.9169547201875434e-05 5.961904927677115e-06 1.7841643359701154e-06 9.92058163642129e-07 2.266731924799598e-06 1.1123170132575784e-06 1.0172160232926297e-06 9.28334258134169e-06 0.00015124115733825515 4.626731509746886e-06 1.7716777137257637e-05 4.895397091809841e-06 5.221136881877759e-05 4.1389086816630045e-07 0.00014854346447107402 7.872135243122377e-07 6.830553002652831e-06 9.37714253884221e-06 1.1733626140069563e-05 4.7895685121205246e-05 2.4266546469519244e-05 2.0245188190121598e-05 2.6582539910697202e-06 0.0 7.23242851840382e-05 6.120815695629171e-05 6.319869512641929e-05 4.7173011484070135e-05 0.0007676249168042986 0.00037983404202495796 0.0008329511747785573 1.890824569461041e-05 0.0004366746636944087 4.694136392731457e-06 0.0 2.7277376060248964e-06 3.384674843913923e-06 2.1432214739326423e-05 0.0 1.478269376328581e-06 1.1528605052808097e-07 1.0134205475308002e-05 1.3505274650119195e-06 3.525623621385776e-05 4.220692399199059e-06 5.782365628340253e-06 2.223298403341451e-05 3.0627502349769763e-05 0.0 8.460693970935003e-06 4.500513431907767e-06 8.514438657590406e-07 0.0 3.9202400815793905e-07 0.0 8.746305414784069e-07 2.369678207153001e-06 0.0 3.328551466273766e-07 7.212901618750534e-07 0.0 1.8573113260846655e-07 1.7077623075119509e-06 2.2930855359037688e-06 2.1090274951771073e-06 2.3371642147136352e-06 1.5888852983275824e-07 3.6905585128634614e-07 0.0 0.0 1.6806620784084916e-07 4.1239460946278036e-07 5.712210800020397e-07 1.196152999278796e-07 0.0 9.86788502331461e-08 4.97686255111309e-07 1.5545998723754647e-07 0.0 9.164593449369261e-08 3.2333411008170115e-07 1.0961998517149779e-07 1.0825884730584682e-06 2.5898577151931807e-06 1.6789080600225899e-06 4.4395072053476273e-07 6.899605561114564e-07 1.103396754136704e-07 7.655086704229418e-08 1.5703141843983724e-07 1.639982465881573e-06 0.0 2.106174056770913e-06 1.1244332296819694e-06 2.969452340865162e-07 3.72948250674892e-07 1.0315323392179989e-07 4.791624771366464e-07 0.0 0.0 5.281764082969787e-07 0.0 0.0 2.912394586845903e-07 0.0 3.3183476145106107e-07 1.092274405073523e-06 1.0936675460747215e-06 7.704180964267541e-08 0.0 0.0 0.0 0.0 3.547049421821735e-07 0.0 4.100387764494016e-07 0.0 2.0394406785555828e-06 4.335441203435827e-07 1.2767822707230198e-07 0.0 1.6889628608220202e-07 0.0 0.0 0.0 1.158425482888882e-06 9.765630767526269e-07 6.054026552952779e-06 1.3844106390706485e-06 2.957742223862185e-07 0.0 3.287723168273589e-06 2.6422113154964993e-06 5.412722972230883e-07 1.3582146235046355e-06 0.0 2.385700104099263e-07 6.562629771241008e-08 0.0 4.4171425473230967e-07 3.214159914151392e-07 0.0 0.0 0.0 8.24932333138726e-08 5.01329414696605e-07 1.2537157623423586e-06 5.725487586971473e-07 2.592635032801014e-06 3.738815518205522e-06 2.9305463300984962e-06
3.993906823833436e-06 0.0007431181450081656 0.0008838679791485509 3.903972377476834e-06 0.0030250286220384784 1.6485744454161603e-06 0.0027338666975433973 0.00015062001255711246 0.0 0.00016624819411893222 0.0012057879395406621 2.2297313240032654e-05 0.0011178882737356833 0.0008098666907519015 5.7093728702637525e-06 3.7111830658351415e-06 3.736315202859256e-07 0.0 0.0 6.379248386723549e-08 0.0 0.0 0.0 5.890100640879306e-08 5.216599503437573e-08 0.0 0.0 6.813154224092101e-08 0.0 1.1579024462742424e-07 5.565964095983214e-05 1.6139450356414158e-05 3.2484002761167303e-06 0.0 0.0 1.415213908927282e-07 2.831036250822932e-06 3.1017529752652873e-07 1.1746059533072543e-07 1.0969183368264208e-07 5.5725481998011146e-08 0.0 0.0 6.141521335624411e-07 0.0 2.6909623355344893e-07 2.2197647037058922e-05 6.89223347022166e-07 0.0 0.0 7.627673931385995e-08 0.0 0.0 0.0 8.282771981732169e-07 7.578684280646422e-07 2.2192459956837576e-06 1.68993625627192e-05 1.6585748474047198e-06 1.3355087559276861e-05 2.310319078199959e-07 3.551249845710007e-07 1.0264724694354373e-07 1.1684606815455316e-05 5.321319634504248e-07 8.508420264362614e-07 1.7742297617781152e-07 2.1187509047822188e-07 0.0 0.0 8.472926309607658e-06 5.873176555410348e-07 0.0 2.491652917949589e-05 1.7315171816261318e-05 3.898556915104162e-05 8.962197117079981e-06 3.397129282253118e-06 2.9721700094409544e-07 7.357696594158552e-07 2.511513282708635e-07 9.939809200863747e-07 1.8654000894538627e-06 0.0 1.5352884278708123e-06 3.6170087917666664e-07 1.0947061316884858e-07 0.0 1.5812976174496985e-07 5.645961899175429e-08 1.1747717575637408e-07 7.961916939159044e-08 1.2693650862089697e-07 1.528269148877029e-07 6.197733473118405e-08 3.556596187414575e-05 6.293348604450275e-06 0.0 7.471128980757851e-07 4.4052631687213765e-07 8.114677334781735e-07 6.578314513109504e-06 9.83889958944287e-06 3.208464910840124e-06 9.270118094100833e-06 4.450299402920642e-05 1.0424771488172626e-06 2.0749107198619645e-05 1.716721374805746e-05 5.345769282288866e-06 5.834341479428658e-06 3.476369577311844e-05 3.7966109332380946e-05 1.8393770131109412e-05 1.8771572673057257e-05 1.5780029678419487e-07 0.0 0.0 0.0 0.0 0.0 0.0 0.0 0.0 0.0 0.0 0.0 1.2031778248373695e-07 0.0 0.0 0.0 0.0 0.0 0.0 2.645578050690291e-06 1.8693035128251455e-06 0.0 0.0 0.0 2.790646412967687e-06 4.7167094000784676e-07 1.0622559123965657e-06 2.4279900182335515e-07 2.2335305188775512e-07 0.0 0.0 0.0 0.0 0.0 0.0 0.0 5.854921985859995e-07 8.2768118694167e-07 0.0 0.0 0.0 7.268100754963465e-07 7.404765246759368e-08 0.0 1.634507942225044e-07 0.0 9.371254897359484e-07 1.9710779784114124e-06 1.9531720620713556e-06 0.0 8.674531285888855e-07 7.189910717505962e-06 3.594793540318208e-07 0.0 0.0 7.091453482911434e-08 0.0 0.0 0.0 0.0 0.0 1.4126100585280937e-05 3.301536337180413e-07 0.0 0.0 0.0 1.925045913574441e-05 0.0 5.130568648380305e-06 9.241578682075442e-07 3.218168643228738e-06 3.53253925271606e-07 7.22792465988462e-08 3.2162558538083107e-07 0.0 0.0 0.0 0.0 0.0 0.0 0.0 0.0 1.1826422757091092e-05 4.874322407693583e-06 2.8207691790870918e-06
0.0008617441965643327 0.0008933847758368806 1.3822827728336174e-05 0.0014572337930196311 9.495953461423256e-05 0.00033902404434978675 0.001455325140319092 4.191537199944416e-06 0.00016624819411893222 0.0 6.084642226430778e-05 0.0021211740792067175 0.0036555360935552703 0.00045280907639693384 1.1142764224688004e-06 2.7081332357280565e-06 6.009365267521199e-07 0.0 0.0 4.1568404342278355e-07 0.0 0.0 0.0 0.0 4.708537823484114e-07 0.0 0.0 6.834059290997262e-08 0.0 0.0 7.411216798544698e-05 5.072775152172684e-07 2.2973805497127347e-05 0.0 0.0 6.360162869657219e-08 2.3199232732111106e-05 5.795328172514602e-07 1.2474661124301085e-06 0.0 0.0 0.0 1.1652361112775025e-07 3.104768370399943e-07 6.245820658747902e-08 0.0 1.5677757592623224e-05 1.4114248001081707e-06 0.0 0.0 1.4779920332718485e-07 6.52660801861722e-07 7.543597788493546e-08 0.0 2.2869840380462584e-06 2.7777571496319897e-06 3.441145726926748e-05 0.00019585919499902875 9.540241686783835e-06 1.3219952304290531e-05 1.1619527227273873e-07 2.0538018115147136e-06 0.0 1.8595096919754555e-06 1.4417920497156924e-06 2.292986547255914e-06 1.6566011988824626e-07 1.7022637009970774e-07 0.0 0.0 6.353173125750519e-05 2.0703381333299598e-05 6.24081274788039e-07 0.00010793970796442928 1.48503498715759e-05 2.134164006233081e-05 9.789948873316158e-07 1.1897268372271856e-07 4.5356924425394245e-07 3.739186273710956e-06 0.0 2.064915620942521e-06 5.925092633990204e-06 0.0 3.7540402162352864e-06 2.4729883500835684e-06 4.542054495587484e-07 2.0459384866168627e-07 6.14138516573012e-07 9.423607653083483e-08 4.901979876404718e-07 1.1963042826978064e-07 0.0 1.1195426412543926e-07 2.026440706181781e-07 0.0001701370985937897 7.638063219676688e-05 2.6588573466840318e-06 8.363064863652987e-06 0.00033691155756636364 2.804263027028185e-06 1.6713653996677537e-05 3.787470815796276e-05 5.569462146962769e-05 2.054229065919487e-05 0.00010751874280601484 1.5303197400572917e-05 6.585205546437447e-05 6.819479198626176e-05 3.510577483723706e-05 1.4419508237136543e-05 0.00010833333159100698 0.00012481149428128505 5.2817622762615056e-05 1.9113589505015256e-05 1.33298369045602e-07 2.106274986469493e-07 0.0 0.0 0.0 0.0 0.0 0.0 0.0 0.0 0.0 0.0 0.0 0.0 7.48497904444561e-08 0.0 9.160800251008164e-08 0.0 4.300490140318182e-07 6.5149402540568814e-06 4.800912338528638e-06 0.0 2.459795097460464e-07 0.0 1.2427606992537743e-06 3.806134352880397e-07 2.389244610892808e-06 1.1150970621657938e-06 0.0 0.0 0.0 0.0 1.8233983546747482e-07 0.0 0.0 0.0 3.894404350710836e-07 6.460044647798748e-07 0.0 0.0 0.0 4.6574775210766953e-07 0.0 5.323113303666767e-08 6.079202198159657e-07 0.0 1.9344237297171528e-06 2.5036760212323356e-06 5.060743991306856e-06 0.0 0.0 4.3980976787235784e-06 1.659996062025038e-07 1.6503118488029908e-07 1.3855648777219436e-07 0.0 0.0 0.0 0.0 0.0 0.0 9.758515749786349e-06 9.242127411682107e-07 0.0 0.0 0.0 2.0217327019743793e-05 0.0 2.1727780118484125e-06 8.856961357989216e-07 2.063828484365359e-06 2.568963346292766e-07 1.0776492348862865e-07 6.766786819282042e-08 6.388662235781161e-08 0.0 7.781050030273914e-08 0.0 7.554929968597314e-08 0.0 0.0 0.0 2.004290316449673e-05 3.773926345108826e-06 3.869929039568556e-06
5.4720253429839165e-05 0.0006308523989172674 0.0024691774355598945 7.694069823606516e-06 0.0005526198112769034 1.2100188778378454e-06 0.00035872112662790965 0.001604921786549729 0.0012057879395406621 6.084642226430778e-05 0.0 6.55910212294221e-05 0.0008462981837094167 0.0023219807183945907 2.501914969624473e-05 3.9739826800000724e-05 1.2232561572450527e-06 2.3247472589035583e-07 4.5947835089301623e-07 8.652478085011006e-08 6.407517098728399e-07 3.235751806791057e-07 3.5933506926134857e-07 8.955978405441864e-08 1.3857095823125469e-06 1.2471505262289622e-07 1.4842234975638306e-07 2.220934285054308e-07 3.064287436515307e-07 5.3166470858355884e-08 0.000928348920628836 0.0004523359415095554 0.00045185925770974155 4.61655923339665e-07 2.1200964529977307e-07 2.715248401639785e-06 8.60722849920892e-05 4.636505895394035e-06 5.967363216642221e-06 8.010132737920468e-07 1.1707505869933327e-06 1.6197936417544418e-07 5.699097792311059e-07 6.501311949240497e-06 8.215607033361122e-07 1.8233085625572942e-06 7.479596004534706e-05 2.6990154586440846e-06 1.253498354783167e-07 2.1601381266096552e-06 6.474578129269351e-07 0.0 2.0298668829670783e-07 1.1417690352230376e-06 1.8589355015126055e-06 3.1913559415244864e-06 1.0166333993842043e-05 0.00013893059410410952 7.5073770510057295e-06 3.9320641871565545e-05 6.864570578422239e-06 2.188811986278986e-05 3.54687136869554e-07 6.0722163457386196e-05 1.684245292618125e-06 2.9476087833436075e-06 1.2716338485271565e-06 7.759176709974593e-07 4.139334808974203e-06 2.4518292228522336e-06 5.2759114727605225e-05 3.540919208267256e-07 2.2606988082328543e-07 0.00010354873887104444 7.874413580796895e-05 0.00014653002309024914 4.790274692056972e-05 8.255120393960216e-05 0.00011059537245060063 0.0004662456067106534 5.9783026327875655e-06 0.0001706743498686142 7.05703640630526e-06 1.6960475971828342e-07 6.1216455738385796e-06 1.5900275893918523e-06 2.512664212189485e-06 0.0 7.143427709048978e-07 0.0 3.0075118707709995e-06 1.483135531224527e-06 4.4203164862955016e-06 1.8260825611165618e-06 2.0158210151701697e-06 5.479586061037357e-05 3.264339778670153e-05 0.0 4.689814285212948e-06 1.190717078330275e-05 0.0 9.320439374783807e-07 4.379886721076257e-06 3.783944537592823e-07 5.792949422261125e-07 7.232433681203621e-06 0.0 3.842157409416121e-06 4.28139110998269e-06 1.180486862850698e-06 2.225586973761235e-06 5.684634514644499e-06 1.2611711420919362e-05 4.3300385233513824e-06 9.040128891070947e-06 1.923884821976888e-07 3.3476155972087115e-07 0.0 0.0 0.0 0.0 0.0 0.0 7.612728334718455e-08 5.640596993024663e-07 1.1722953620868281e-07 0.0 0.0 0.0 5.71123019897533e-07 8.646126255817902e-07 5.918100668000245e-08 1.581065580393703e-07 1.9571663839096147e-07 1.803495694766164e-06 2.7381874427505206e-06 0.0 5.3304976928199865e-08 0.0 1.1958426781159993e-06 1.5935993449814366e-06 4.889664438041403e-06 1.494156328267522e-06 2.7435977536832307e-07 2.6593076506957213e-07 1.2454046177801814e-07 0.0 0.0 2.1466189108195745e-07 5.699226701786612e-08 0.0 1.829507182097843e-07 1.0383558190416918e-06 0.0 0.0 0.0 4.810134147041099e-07 1.0626214522542536e-07 8.994154378634888e-08 0.0 0.0 1.152836501447431e-06 1.0544528193398784e-06 0.0 1.1932179132656916e-07 8.629158904180137e-07 4.945199850179349e-06 1.5505404092700384e-07 1.2699008754774749e-07 9.826096621369887e-08 0.0 0.0 0.0 0.0 0.0 0.0 7.980423509447389e-06 8.2702131859865e-07 1.5115423294790896e-07 2.463481216992824e-07 2.2533582779356845e-07 1.1677799481419957e-05 9.318749425888975e-08 3.954606004337353e-06 1.6302030967225137e-06 3.8799274708720287e-07 5.880368568162311e-07 6.067065198169246e-08 0.0 0.0 0.0 0.0 0.0 0.0 2.8066202627347075e-07 9.116809324483826e-07 0.0 7.3673962419442454e-06 5.613803114079466e-06 2.185488150281816e-06
0.00019975849336093608 0.00010208159718290328 4.589140198812497e-05 0.0014621160936890965 1.97497607994515e-05 0.00014417866419384976 0.00026838831388731717 1.6775597261770322e-05 2.2297313240032654e-05 0.0021211740792067175 6.55910212294221e-05 0.0 0.0014389042524002066 0.00034246882330088495 8.037423965427342e-06 1.6096784372345476e-05 7.802374472794763e-07 1.513295202002986e-07 6.679021198296186e-08 0.0 2.3644443639081077e-07 0.0 0.0 0.0 0.0 0.0 0.0 0.0 0.0 1.8911569287111913e-07 3.123692872122717e-05 5.420364207340315e-06 4.980741924223827e-05 0.0 0.0 7.725282210650448e-07 0.00027091429912068235 3.1382475441379134e-07 6.910923714286896e-07 0.0 2.3677404952339674e-07 0.0 0.0 1.695817348066691e-06 6.160256376967168e-08 2.262446099618537e-07 1.8726299650425922e-05 6.659979293132881e-07 0.0 2.637182833442564e-07 5.691712909251803e-08 2.883156238509998e-07 0.0 0.0 6.693253545256272e-07 7.95370426958244e-07 9.521520919325536e-06 6.443147150279553e-05 2.6314973575787426e-06 7.262285653460337e-06 4.628845590572529e-07 4.177467955574796e-06 0.0 6.303083867800266e-06 8.675381693302676e-07 8.846609778930512e-07 1.354005121623411e-07 9.65698418224983e-08 2.3568921454836516e-07 1.1089023247266938e-07 0.0002881174487113477 5.609970314332356e-06 7.68654506141864e-08 3.979049781554821e-05 1.0679989213989666e-05 2.6455464634236257e-05 1.2619252383225247e-05 5.583579013258532e-06 1.3484187973964374e-06 2.9327240902294385e-05 8.474119922448192e-07 2.8174893762948023e-06 2.0370214082508627e-06 5.5359798907572234e-08 1.3280872541809705e-06 8.150549384485826e-07 1.8668979434738815e-07 1.1397130723207208e-07 1.4131163887710452e-07 1.02041056308582e-07 0.0 8.671066732604513e-08 1.9796526416003567e-07 5.993097039878243e-07 6.297892678280693e-07 0.0005623648607181143 9.666448163264058e-05 7.480231422059387e-07 1.1132407691751751e-05 4.3884173288345494e-05 2.1459572347804616e-06 8.831389679165947e-06 2.0080571209660773e-05 5.194461592735385e-06 1.9187484234295796e-05 8.397421767686722e-05 1.0134845789911027e-05 4.666246396515634e-05 4.904884643501859e-05 2.6828799124370837e-05 1.8311576595039494e-05 8.812652695290749e-05 0.0001032949814475714 5.002072919889966e-05 4.6765846949349185e-05 8.48414824000594e-07 6.123651914001398e-07 1.2613799097528295e-07 0.0 0.0 0.0 0.0 0.0 0.0 0.0 0.0 0.0 2.1990729666716778e-07 0.0 0.0 0.0 0.0 7.42577136683963e-07 0.0 3.542727823026443e-06 9.615154934275875e-06 0.0 0.0 0.0 7.4245675400222605e-06 2.746698713099667e-06 1.0210351912331287e-05 2.8026187693807975e-06 5.345498310620005e-07 0.0 0.0 9.379554198054906e-08 3.163331846362383e-07 5.712969637255031e-07 1.2140242977447463e-07 0.0 1.2403872189777081e-06 2.6653812724965267e-06 0.0 0.0 0.0 5.99333678186841e-07 1.8876094979939087e-07 2.159701345745247e-07 4.191904107921825e-07 8.054972293796899e-08 3.727360800014071e-06 5.159747001949944e-06 3.7084002806874834e-06 0.0 9.571198729345905e-07 1.993449406899893e-05 2.5872862477432832e-06 6.263516324227237e-07 3.74237167624247e-07 0.0 0.0 0.0 0.0 0.0 0.0 3.910493154638345e-05 7.673532217853519e-07 0.0 0.0 0.0 5.35031224631242e-05 6.161966477228296e-07 1.1972201514299047e-05 1.1025734720424147e-06 6.540448703029342e-06 1.9529924580802065e-06 9.242555973950068e-07 9.759871526795881e-07 2.8771052474837904e-07 0.0 0.0 0.0 5.772534705269094e-08 0.0 1.8515664086293397e-07 1.1926792593421744e-07 5.618783262982565e-05 1.771962915321445e-05 1.0021610639748394e-05
