0.0 0.0014478487970294056 0.0005264928392222451 0.001124813993028301 3.3451762262987975e-05 0.00015405976875971405 0.00044539318261302657 0.00011836292610687787 1.073234186037025e-06 0.0006972903640436315 4.8604947646960914e-05 6.185272018422739e-05 9.669816171300527e-05 8.138384596573841e-05 2.2780866835348208e-06 3.2309850466084117e-06 3.001042282093802e-07 7.384792474641257e-08 0.0 1.0475564261979118e-06 8.938589009477088e-07 0.0 0.0 0.0 1.4364680572252802e-07 9.933595248347645e-08 0.0 0.0 3.156524968021354e-07 0.0 0.0005423297564117978 3.470978305017234e-06 6.563582068899154e-05 1.4379742118698093e-07 0.0 0.0 1.2729049805998641e-05 3.089327630615268e-07 5.521291653886043e-07 2.708045795132517e-07 1.274248571462479e-07 6.409352144058159e-07 8.742405431362172e-08 2.4085909605412107e-07 9.726272966659562e-08 0.0 1.1662522523363046e-05 2.58310718798484e-06 1.9533967306780843e-07 5.337804111760614e-07 2.0902142473577478e-07 0.0 0.0 0.0 8.804124419059649e-06 7.621952653650979e-06 0.000201587531183839 0.0008818077969258432 0.00012809796741040727 7.000801622267717e-06 1.799248153879676e-07 6.101960960094822e-07 0.0 1.004604321774945e-05 7.3114811319095495e-06 2.334362022924659e-06 3.0384745658905e-07 0.0 6.662196028146687e-07 1.167380312474415e-06 1.1004836090941654e-05 3.991569717239887e-06 1.1891229119055472e-07 0.0002828896369252645 6.213243448048709e-05 1.4722580355563708e-05 5.465543912196666e-06 2.363174482822301e-06 4.0444291557401477e-07 8.314078721459479e-05 2.7258307887541513e-07 1.3172059808358378e-05 1.2241587688468042e-05 0.0 3.3328680060283524e-06 2.7358773955991634e-06 5.886980883800599e-07 7.949191710809775e-07 8.768690858012842e-07 0.0 5.589891662225765e-07 0.0 1.9431999698916124e-06 4.935562465993619e-07 8.141413780681898e-08 1.66600049087808e-05 3.610262805674565e-06 0.0 1.0628552159732744e-06 0.00046150293643705857 0.0 1.535746575736407e-07 3.0989562309583076e-07 0.0 1.1353766108236802e-07 5.64372816541242e-07 1.3573287406063214e-06 7.618140550656793e-07 8.889609615283484e-06 1.1173451126439347e-07 0.0 3.761923855594124e-07 5.492267293398632e-07 6.064273454083497e-07 0.0 0.0 0.0 0.0 0.0 0.0 0.0 0.0 0.0 0.0 0.0 0.0 0.0 0.0 0.0 0.0 0.0 0.0 0.0 0.0 0.0 0.0 0.0 0.0 0.0 2.1216644752522645e-07 0.0 2.485414539395043e-07 0.0 0.0 0.0 0.0 0.0 0.0 0.0 0.0 0.0 0.0 0.0 0.0 0.0 0.0 0.0 0.0 0.0 0.0 0.0 0.0 0.0 0.0 0.0 0.0 0.0 0.0 0.0 0.0 0.0 0.0 0.0 0.0 0.0 0.0 4.0125457115970524e-07 0.0 0.0 0.0 0.0 0.0 0.0 0.0 0.0 0.0 0.0 0.0 0.0 0.0 0.0 1.0226856187983398e-07 0.0 8.711931580997594e-08 0.0 0.0 0.0 3.631265363243942e-07 1.6064898455710763e-06 1.1486857749801295e-06
0.0014478487970294056 0.0 0.0014906357328654581 0.0018530828673673442 0.0010477607358421162 0.0002837710162957864 0.0025584383099861783 0.00043590191640011994 0.0003548037637969 0.0005986658836718253 0.0003782108023620131 5.042497179164511e-05 0.0003755352862509013 0.0006887251461655594 9.13944315411969e-06 8.545307432614992e-06 1.460032205857671e-06 8.100018450232433e-07 0.0 9.439728622408062e-07 1.5793825490321544e-06 2.655128235503452e-07 0.0 6.558835543891827e-08 8.882289973445626e-08 8.155685097204063e-08 2.144805699598802e-07 2.7776427444154913e-07 0.0 1.575024336137487e-07 0.0016581683765148367 8.420175011450802e-06 0.0001132107067797673 0.0 0.0 4.758437377276519e-07 3.715251223056255e-05 1.0871527605363335e-06 2.0267052478634714e-06 5.392259055756673e-07 6.801876115544641e-07 5.722282404206269e-07 9.103767678104528e-08 9.509157013238262e-07 1.2039813882343195e-07 1.9046468262282845e-07 6.403639355540863e-05 1.2180988206836421e-05 1.313254217907421e-06 1.0983182529551765e-06 1.7562343135772702e-06 9.76402247059282e-08 0.0 2.3887663942568516e-07 3.167984739294431e-05 3.293481012878307e-05 0.00017654921795774475 0.0006155712201575198 0.00012263024990952708 3.50961620891647e-05 2.959207889437856e-07 3.5654273084822016e-06 6.67151074157477e-08 4.0461272116447896e-05 3.0031088810301396e-05 1.1271771666803821e-05 1.5227713644890029e-06 5.249350768870027e-07 2.0343369253962896e-06 1.5517668746613754e-06 3.547357411076711e-05 0.0 0.0 0.0005784050259035036 0.00018871967946613565 7.512949641600732e-05 6.456059232364208e-05 9.714383826701246e-06 3.433830919363555e-06 0.00019661204472782274 1.298908606439595e-06 2.8531545072391087e-05 5.701701803262873e-05 1.2264454557907914e-07 1.1299540120669083e-05 1.76060347841254e-05 3.444291112345881e-06 3.320027487702174e-07 3.472942505847316e-06 8.52820235466531e-08 1.1060396403015904e-06 2.5763541579243687e-07 3.647906964420866e-06 3.1036902261292034e-07 2.254411871944992e-07 3.0909353746752104e-05 1.2307027489911871e-07 0.0 1.5653321738223703e-06 0.0005414621516411139 1.1491332779293291e-07 1.6506565703077308e-07 1.0959158411721348e-06 0.0 1.0903456073638325e-06 3.408484071509773e-06 5.435476837941251e-06 6.825160976102383e-07 2.4018073981707956e-05 1.1244519821263778e-06 3.9430981932028504e-07 1.141778427015202e-06 3.1899973024973613e-06 3.109247773183256e-06 9.256939364569669e-07 0.0 0.0 0.0 6.800920762951008e-08 0.0 0.0 0.0 0.0 0.0 0.0 0.0 0.0 0.0 0.0 0.0 0.0 0.0 0.0 0.0 0.0 7.158059151269725e-07 0.0 0.0 0.0 6.88161816067914e-07 0.0 8.099907684714326e-07 3.0848948048368795e-07 6.869387391146015e-07 0.0 0.0 0.0 0.0 0.0 0.0 0.0 0.0 0.0 0.0 0.0 0.0 2.2616579367618498e-07 0.0 7.14953779586505e-08 0.0 2.36636560663063e-07 0.0 6.786567397896914e-08 0.0 0.0 0.0 0.0 0.0 0.0 0.0 8.059422169923275e-08 8.437238224137066e-08 0.0 0.0 0.0 0.0 2.574451831943427e-06 1.3348001829037553e-07 0.0 0.0 1.0978094597526263e-07 0.0 0.0 2.2610087277529728e-07 0.0 0.0 0.0 8.26883668917551e-08 0.0 0.0 0.0 4.069073355350602e-07 0.0 3.2983757518921185e-07 0.0 0.0 0.0 2.5805831854055155e-06 3.258301674592448e-06 3.5508117676003994e-06
0.0005264928392222451 0.0014906357328654581 0.0 0.00012097443579927057 0.000147155097705061 3.437820854345845e-05 5.937729828425548e-05 0.001395889800060736 0.00024024840651311254 1.5882339769631187e-05 0.0009553527219616107 5.3136307902133024e-05 0.00029888709412353987 0.0011035725307845408 1.2035237302408839e-05 1.2958957699887181e-05 2.0404611867884003e-06 1.290317961049706e-06 1.5744445606987535e-07 1.7393445514874985e-06 2.866851482499371e-06 0.0 0.0 0.0 8.936284061093913e-08 8.694325504455892e-07 0.0 0.0 3.167404193112301e-07 7.0645437216412e-07 0.0020259056269320364 9.329026909346593e-05 0.0002038919314674392 6.730245183155179e-08 2.6933428520520794e-07 9.622628184241567e-07 4.856852259607019e-05 2.633100178973677e-06 1.972470399054308e-06 3.450378298057627e-07 2.734632457840125e-06 1.8301850861584546e-06 7.014216588006082e-07 1.7197558747324311e-06 5.7976390578699e-07 6.464594087316403e-07 3.0327432005599682e-05 5.439678117634507e-06 1.037586627034851e-06 1.720162722634061e-06 1.2365261691849186e-06 1.5270072789187985e-07 8.911421304706535e-08 1.3467644998294454e-07 7.975367115507167e-06 8.929229974457662e-06 5.8495333815396394e-05 0.0002269480316056524 3.795327009824829e-05 1.1447616280491495e-05 6.676137612131168e-07 5.749685075460131e-06 1.789872057893644e-07 0.00010974868051828293 8.562315775345532e-06 3.0895461668800573e-06 4.319073488602849e-07 1.1276738843902456e-06 3.743601536392961e-06 3.388404836838377e-06 4.2881036389658646e-05 0.0 0.0 0.00018828608376873773 8.111341739926284e-05 4.025264631434897e-05 4.294052947760543e-05 1.8261054239272548e-05 2.14067890510124e-05 0.00054129570808155 1.046793656892813e-06 0.00014811411522200563 1.5452653495042318e-05 1.1484370961359233e-07 2.7435571381875907e-06 3.5869161779563807e-06 2.5075236957705956e-06 8.21637075543438e-08 7.306884829559327e-07 0.0 1.2693751707078047e-06 5.014968471109542e-07 4.895652249868275e-06 1.161956145565077e-06 4.446338351111838e-07 3.134319793325707e-05 3.644408215026174e-06 0.0 2.269802089425088e-06 8.908814153119349e-05 0.0 0.0 1.1684636043694894e-07 0.0 6.45644943723394e-07 3.045548995434631e-07 1.6689723666506052e-07 6.819013182165709e-07 3.3335489832031857e-07 0.0 1.1186228544316438e-06 1.940240669082212e-06 2.036109486495955e-06 1.464436576179581e-06 5.852666649338482e-07 0.0 0.0 0.0 1.5260616695883325e-07 0.0 0.0 0.0 0.0 0.0 0.0 0.0 0.0 0.0 0.0 2.820461565613572e-07 0.0 2.0687583511373367e-07 0.0 0.0 0.0 1.0113683571075645e-07 0.0 0.0 0.0 2.641814220227551e-07 0.0 4.476960914440535e-07 1.8184119730803556e-06 0.0 0.0 0.0 0.0 0.0 0.0 0.0 0.0 0.0 0.0 0.0 2.465066708598316e-07 0.0 9.846735595629084e-08 0.0 5.5674651831529834e-08 0.0 7.167170025376299e-08 0.0 0.0 0.0 0.0 0.0 0.0 0.0 0.0 0.0 0.0 0.0 0.0 0.0 0.0 0.0 1.1050973488086345e-06 7.77267537091925e-08 4.7438639683158625e-07 0.0 1.2106888557194054e-07 5.50126832503309e-07 0.0 0.0 0.0 0.0 0.0 0.0 0.0 0.0 0.0 1.1586699839166096e-07 0.0 8.437757693904833e-08 0.0 2.2477529669347407e-07 0.0 4.21355969190788e-06 3.515815202162673e-06 9.461736602687682e-07
0.001124813993028301 0.0018530828673673442 0.00012097443579927057 0.0 3.9132520356452586e-05 0.00019406433586616832 0.0012939324807178258 8.071888500791564e-06 1.3329007511847766e-05 0.0008778834122643695 6.003896923953288e-06 0.0006978063798451177 0.0007953041311675307 1.9564260804216176e-05 2.5221152579689414e-07 7.329707654321652e-08 0.0 0.0 0.0 0.0 0.0 0.0 0.0 0.0 0.0 0.0 0.0 0.0 0.0 0.0 5.528489927484267e-05 2.71327797873321e-07 5.0643391957761735e-06 0.0 0.0 0.0 6.758396352397617e-06 0.0 0.0 0.0 0.0 0.0 0.0 1.7838985658069834e-07 0.0 0.0 4.460704074726053e-06 9.371193381128231e-07 1.2705710537008167e-07 1.3686464330518897e-07 0.0 0.0 7.853011139742911e-08 0.0 2.320046979663009e-06 4.251480969570767e-06 2.2805017189973023e-05 4.285279389527214e-05 1.6472063105698012e-05 3.0260267164540273e-06 0.0 0.0 0.0 3.2664197460786e-07 2.796586899184067e-06 6.21454139172339e-07 1.9502515540476358e-07 0.0 0.0 0.0 1.0313062036975291e-05 0.0 0.0 6.799849893203667e-05 1.59303980921334e-05 7.0020323912708925e-06 3.254518124487369e-06 6.956167867031263e-08 0.0 5.1004253503338e-06 9.82428916850698e-08 2.2535324655237246e-07 4.670267455655376e-06 0.0 9.24696139132162e-07 5.479865452676438e-07 7.473768979483544e-08 0.0 2.5142032154744926e-07 0.0 4.1503613486676156e-07 7.516249606889086e-08 0.0 0.0 0.0 1.0547192086780427e-05 1.4674485572745115e-07 0.0 0.0 0.0002574580755058046 2.0078984423373432e-07 2.7027832535750097e-07 1.815697499962194e-07 0.0 0.0 1.2941614629914578e-06 2.8209516004705102e-06 0.0 1.352412925888674e-06 1.7387474638085277e-07 0.0 1.2251346074204494e-06 3.605750187698877e-06 5.893326671100882e-07 0.0 0.0 0.0 0.0 0.0 0.0 0.0 0.0 0.0 0.0 0.0 0.0 0.0 0.0 0.0 0.0 0.0 0.0 0.0 0.0 0.0 9.299058157949411e-07 0.0 0.0 0.0 0.0 0.0 0.0 0.0 0.0 0.0 0.0 0.0 0.0 0.0 0.0 0.0 0.0 0.0 0.0 0.0 0.0 0.0 0.0 0.0 0.0 0.0 0.0 0.0 0.0 0.0 0.0 0.0 0.0 0.0 1.7056117539468862e-07 0.0 0.0 0.0 0.0 0.0 0.0 0.0 0.0 0.0 0.0 0.0 0.0 0.0 0.0 0.0 0.0 0.0 0.0 0.0 0.0 0.0 0.0 0.0 0.0 0.0 0.0 0.0 2.1648582069609224e-07 0.0 6.148330123830077e-07
3.3451762262987975e-05 0.0010477607358421162 0.000147155097705061 3.9132520356452586e-05 0.0 4.7498878997375254e-06 0.001311338979118268 0.0001059818457349868 0.0016181935599599137 2.0183816981363867e-05 0.0009807620117275775 4.545196088855007e-06 0.000517740428069847 0.0018126888020290116 5.939838706970388e-06 8.870365162888056e-06 1.6984860030460336e-06 1.6268865465246334e-07 8.875190724220586e-08 5.03751330518963e-07 1.804892118549982e-07 0.0 0.0 7.699931655315515e-08 7.90253563361444e-08 0.0 0.0 0.0 2.889781960063618e-07 0.0 0.00011100003469815109 9.574413374676832e-06 8.724352672356594e-06 0.0 0.0 0.0 4.998842375730687e-06 2.4637538295268087e-07 3.8425540760867395e-07 7.723794958023351e-08 0.0 1.0012410042510695e-07 1.0463687224179262e-07 6.794182629827114e-07 2.3298243698906664e-07 3.450864025366638e-07 6.22404087331734e-05 7.618786928991316e-06 4.845456409268346e-07 1.431350090309063e-06 4.380058265012371e-07 0.0 0.0 0.0 1.6616234781007317e-05 1.7691565548052658e-05 3.067138786141492e-05 4.480473296198807e-05 3.301384788983163e-05 2.6097083671289597e-05 3.6357216241342627e-07 0.0 0.0 3.885640312424095e-05 1.4119290715241366e-05 5.158056987852635e-06 1.0807973991979824e-06 6.351631360809385e-07 1.505952943597742e-06 1.176396876921574e-07 2.5269264238865412e-05 1.3530095212764528e-07 0.0 0.0002099906088811825 6.787216454090402e-05 5.806281528189375e-05 7.997437805479736e-05 1.4321180435429695e-05 6.571758085109766e-07 2.2440199664173794e-05 3.5548413248443646e-06 1.910982531815205e-06 3.280878445037982e-05 1.7442009220437638e-07 6.3092278487677895e-06 8.455657945201693e-06 2.886915584344659e-06 7.40143140411286e-08 1.6363804949707134e-06 0.0 1.4455025646607646e-06 6.724899721300092e-08 3.0018033847880955e-07 1.3047467799849734e-07 1.3441604845473916e-07 5.3286575137232365e-05 7.991993147975153e-08 0.0 2.551337140040902e-06 4.5375086783184675e-05 1.0186934449167353e-06 6.973475389477408e-07 7.76229182152181e-07 0.0 6.660548852587907e-07 1.587102187719232e-06 3.1150021751775366e-06 0.0 2.3786892551018962e-06 1.5649444688688457e-06 5.6287926660243e-07 2.2246491977430295e-06 7.063568892777297e-06 6.0579466507622895e-06 2.434901894029243e-06 0.0 0.0 0.0 0.0 0.0 0.0 0.0 0.0 0.0 0.0 0.0 0.0 0.0 0.0 0.0 0.0 0.0 0.0 0.0 0.0 5.96714932489946e-07 0.0 0.0 0.0 1.7630367830062613e-06 0.0 0.0 1.4307048503979174e-06 9.204634245951116e-07 0.0 0.0 0.0 0.0 0.0 0.0 0.0 0.0 0.0 0.0 0.0 0.0 0.0 0.0 0.0 0.0 2.1184042768361198e-07 1.2814710986067398e-07 0.0 0.0 0.0 0.0 1.711667181748743e-06 0.0 0.0 0.0 0.0 0.0 0.0 0.0 0.0 0.0 6.187438577085524e-06 0.0 0.0 0.0 0.0 6.22952371005504e-07 0.0 0.0 0.0 0.0 0.0 0.0 0.0 0.0 0.0 0.0 0.0 5.983623439382554e-07 0.0 0.0 0.0 1.993265209740844e-06 4.719529358328504e-06 2.7428515926054784e-06
0.00015405976875971405 0.0002837710162957864 3.437820854345845e-05 0.00019406433586616832 4.7498878997375254e-06 0.0 0.00015721195793460204 4.531598303603403e-06 1.092242066874742e-06 0.00047024481845006736 1.4227158874047865e-06 0.00020421613056495364 0.0001478915803784212 5.255451241315911e-06 7.90349867825794e-08 7.58661647908354e-08 0.0 0.0 0.0 0.0 0.0 1.0276421706120895e-06 0.0 0.0 0.0 0.0 0.0 0.0 0.0 0.0 5.755455717422896e-05 0.0 2.6819456340669396e-06 0.0 0.0 0.0 6.785145845544869e-06 0.0 1.1997891390076098e-06 0.0 1.5404458028418984e-07 0.0 0.0 0.0 0.0 0.0 2.9662269362229377e-07 1.4497801238485464e-07 0.0 0.0 4.674818795410101e-07 3.4822700496145797e-07 0.0 0.0 4.4421576707281295e-07 1.8190789866206614e-06 7.783171199117399e-05 1.4522667687056781e-05 3.172979037022491e-06 7.033498608373073e-08 0.0 0.0 0.0 3.183081411229046e-07 0.0 0.0 0.0 0.0 0.0 0.0 4.711341363032231e-05 0.00010611924191945004 3.5740826419602686e-05 5.4508617171387395e-06 1.241562338842837e-06 3.4626983466495556e-07 4.555245264844675e-07 6.425217971237674e-08 1.2119913761637565e-07 1.979279463134053e-06 0.0 2.5732038019803416e-07 6.013859143883212e-07 1.0608385589527146e-05 0.0 1.6471262424843133e-06 0.0 3.0801273441210237e-06 1.3603119944590114e-06 1.4483206517418643e-05 5.836502011661754e-07 2.595204090210092e-06 1.3960950514836306e-07 0.0 0.0 0.00022635258782542744 9.096125453232931e-05 2.5690862887101506e-05 1.3883168188630836e-05 0.00013487122958760536 7.142904582301361e-07 3.415237434892405e-06 8.39450959478771e-06 3.088322843781149e-06 5.673380115120546e-06 3.4489529099367135e-06 5.4282800453190296e-05 2.5178764667124945e-06 9.042972823534283e-06 1.6556315440681112e-05 7.851380835413505e-07 8.072652146990347e-06 3.285121100780282e-05 9.21706100891488e-06 1.5384284653313269e-06 0.0 0.0 0.0 0.0 0.0 0.0 0.0 0.0 0.0 0.0 0.0 0.0 0.0 0.0 0.0 0.0 0.0 0.0 0.0 0.0 2.0239356791561206e-06 0.0 0.0 0.0 0.0 0.0 7.246354037933026e-07 5.211110973678163e-07 0.0 0.0 0.0 0.0 0.0 0.0 0.0 0.0 0.0 0.0 0.0 0.0 0.0 0.0 0.0 0.0 0.0 0.0 7.941089213160592e-08 0.0 4.905278660541118e-08 0.0 0.0 1.712286678932996e-06 1.4032498885890514e-07 0.0 0.0 0.0 0.0 0.0 0.0 0.0 0.0 3.189255153013943e-06 1.0509510303654204e-06 0.0 0.0 0.0 2.3431916141516541e-07 0.0 2.398268332178728e-07 1.1541284438334173e-07 5.292493476647891e-07 1.3360026041391546e-07 0.0 0.0 0.0 0.0 0.0 0.0 0.0 0.0 0.0 0.0 5.2896390902706595e-06 5.716354756736824e-06 4.270944558210877e-06
0.00044539318261302657 0.0025584383099861783 5.937729828425548e-05 0.0012939324807178258 0.001311338979118268 0.00015721195793460204 0.0 1.6518385542794335e-05 0.0006969707119270435 0.002097686166553079 0.00018222185774383369 5.515187657455712e-05 0.002969977826679121 0.001285355229063618 9.117225001397508e-06 1.0542725277525722e-05 1.047110748828547e-06 3.7981024891032993e-07 0.0 5.537056253689293e-07 6.499179287055211e-07 0.0 0.0 0.0 0.0 3.215025981528429e-07 0.0 0.0 0.0 0.0 0.00010782843378929508 5.228050457178284e-06 3.2679313877187016e-06 0.0 0.0 0.0 1.1758992259096594e-05 7.597661237087647e-08 8.52299268313056e-07 8.615295845699858e-08 0.0 1.519723728178916e-07 7.73585055394081e-07 1.117222993660227e-06 1.6389902433939354e-07 3.186849387497159e-07 6.64564940122229e-05 7.205098543822134e-06 6.528767269676632e-07 1.3322104850905224e-06 3.1306479379383546e-07 6.772792474992911e-08 0.0 0.0 2.099302301716381e-05 2.2961274834540694e-05 5.111670482134551e-05 7.946364947609229e-05 5.211859655763133e-05 2.8547121124667967e-05 1.1171091205539782e-07 0.0 1.937540595481404e-07 3.134948014320118e-05 1.8936768816139952e-05 7.92378125995965e-06 1.4086139600767858e-06 9.778997353276268e-08 8.093706661792567e-08 1.036391533758959e-06 3.7874165190732414e-05 5.6659905987016794e-08 0.0 0.0002926521303599285 9.010313294634964e-05 6.431135913391399e-05 7.175391842615844e-05 1.4456372550179734e-05 1.819482326947551e-06 2.1516885868451487e-06 2.034191807183476e-06 1.5477446556329853e-06 3.9275746986515076e-05 1.702568009814033e-07 6.479512453945449e-06 1.011814670865855e-05 3.829728521361572e-06 2.0701315358798116e-07 2.275709076048588e-06 0.0 8.445509741762022e-07 0.0 4.354735985565867e-07 6.153499796705508e-07 2.274797906589398e-07 0.00014252541143278496 1.8652606797165278e-06 0.0 9.241193025692813e-06 0.00012403744263518986 5.3027591735852814e-06 4.070637697788368e-06 0.00011718224023525437 9.976776648161949e-05 7.8196965845938e-06 8.446113107179292e-05 4.305963150602606e-05 4.892577091403759e-05 0.00017072489571219745 8.116037670219205e-05 2.419709941698516e-06 0.00027554852997097626 3.921075334447573e-05 7.568407181735103e-06 6.38696599183882e-06 7.48741518875309e-08 0.0 0.0 0.0 0.0 0.0 0.0 0.0 0.0 0.0 0.0 0.0 0.0 0.0 0.0 0.0 0.0 0.0 0.0 5.449375346446471e-07 2.8036518931470274e-06 0.0 0.0 0.0 2.6962861380136536e-06 0.0 4.29066397930157e-07 2.041564452372966e-06 7.142985194983977e-07 0.0 0.0 0.0 0.0 0.0 0.0 0.0 1.772239013025106e-06 1.5683864765756764e-06 0.0 2.8749128687060275e-07 0.0 0.0 0.0 6.508609381231318e-07 1.2989979367787309e-06 1.2452537997268937e-07 2.320490062247552e-06 1.2618269006357242e-06 1.2950911908029626e-06 2.748820889960944e-07 0.0 1.0719397012207687e-06 1.7242126586821429e-06 5.488154354334096e-07 8.830712061221608e-07 6.084283757732007e-08 0.0 7.180149590323934e-08 0.0 0.0 0.0 1.3131122924081055e-05 0.0 0.0 0.0 7.842716100199286e-08 4.040105823727617e-06 0.0 1.4976984766833263e-06 7.886827262695726e-06 5.250404220739645e-06 6.340674107564575e-06 2.0854093519991996e-06 9.089099554369827e-07 0.0 2.0830005917110008e-07 6.957179627990594e-08 0.0 3.356576416492005e-07 0.0 0.0 0.0 1.1901926668184591e-05 1.1826420429791193e-05 5.891076643953763e-06
0.00011836292610687787 0.00043590191640011994 0.001395889800060736 8.071888500791564e-06 0.0001059818457349868 4.531598303603403e-06 1.6518385542794335e-05 0.0 4.762536912687758e-05 1.5659439328044562e-06 0.0009241806228062415 3.772136134834803e-05 0.00016094236932849017 0.0005787014088410595 4.4740318356950674e-05 4.783810901672048e-05 1.7744572243155596e-05 2.081853165042536e-05 2.897181937670306e-06 5.891018977168704e-05 6.007261406053513e-05 0.0 2.5333601118302905e-07 8.417429144513113e-08 5.081395034350633e-06 2.1428045410331197e-06 7.655437762057799e-07 2.1552886969449703e-06 1.6659788669874905e-06 1.9414972013244177e-06 0.0014317128268328191 0.0007336571659636785 0.000362526539122433 3.6659122224544937e-06 1.717663344870381e-06 8.545910171386598e-06 6.015792507798175e-05 7.679686590305032e-06 6.150298001459996e-06 3.0099455682865677e-06 1.4810197890571684e-05 1.3982987365943095e-05 2.7206212079855935e-05 1.0122641275957208e-05 1.3160097860584048e-05 2.8008307266819634e-05 9.402439479454563e-05 1.944337850726191e-05 6.674149365953198e-06 5.015369508949505e-05 1.225341771758713e-05 6.946929868980532e-07 2.2996932772682162e-07 5.344216471188488e-06 1.2459349199738541e-05 9.897320859073674e-06 2.9162357303024732e-05 9.802349832593189e-05 2.038283351580508e-05 2.728430965703321e-05 4.9070320253611325e-05 1.9851665411940833e-05 2.1949376397764575e-06 0.00014421251029443112 1.1754220019053755e-05 1.661842027698407e-05 2.338112856177632e-06 9.601923155161091e-06 7.088454136616062e-05 6.320299016655917e-05 4.921190851294812e-05 2.741673744905391e-07 1.1738174761990983e-07 0.00018366994767305257 8.603760687722845e-05 9.293636931454335e-05 0.00016790756249813722 0.00012944999135959016 0.001104478586133095 0.0026026491148299588 0.00010682392434075043 0.0020412450865596016 2.9141247431103632e-05 2.0716430749592484e-07 1.3143665703668969e-05 7.990335916343183e-06 3.786796577801309e-05 1.5397232629576108e-07 5.340270788056287e-06 7.464322116638727e-07 1.5139001449137275e-05 5.365407848069997e-06 4.67601190772675e-05 9.471637737485585e-06 7.836084430173604e-06 2.0279759293750084e-05 5.514938482217889e-07 0.0 4.085221383327648e-06 2.459263960532204e-05 1.4240901644183424e-07 0.0 0.0 0.0 4.1856763188175876e-07 0.0 2.685191432965731e-07 0.0 0.0 1.4233961876792315e-07 1.0592476343290134e-06 5.320031117736774e-07 1.8625670776936756e-06 1.0011844933247044e-06 8.520605378533462e-07 0.0 0.0 0.0 0.0 0.0 0.0 0.0 0.0 0.0 0.0 0.0 0.0 0.0 0.0 0.0 0.0 4.940413585443842e-07 2.9536733057166765e-07 0.0 0.0 3.1871204553345154e-07 0.0 0.0 0.0 2.354601026599851e-06 0.0 4.130675085439887e-07 1.257132616954282e-06 0.0 0.0 0.0 3.711792510268324e-07 0.0 0.0 0.0 0.0 0.0 0.0 0.0 0.0 1.6903790337518583e-07 0.0 1.9607919187017214e-07 0.0 0.0 2.994919256557704e-07 0.0 0.0 0.0 0.0 0.0 4.6454369084448147e-07 0.0 0.0 0.0 1.926127131886943e-07 9.55485614814966e-08 0.0 3.994770666359914e-07 8.725409077973363e-08 2.066152284641985e-07 3.130372070261881e-06 0.0 1.0871467402253033e-07 2.382363942189208e-07 1.4279138824078331e-06 7.494068811889099e-07 0.0 4.609851639662473e-07 0.0 0.0 2.427443354282892e-07 9.963252715819543e-08 0.0 0.0 7.306808421863972e-08 2.785937697152379e-07 8.573063927906726e-08 5.970169736481046e-07 0.0 8.927175033079304e-07 0.0 8.404783619651093e-07 4.170468695217263e-06 2.2802702923953435e-06
1.073234186037025e-06 0.0003548037637969 0.00024024840651311254 1.3329007511847766e-05 0.0016181935599599137 1.092242066874742e-06 0.0006969707119270435 4.762536912687758e-05 0.0 3.307022432326888e-05 0.00033549501948975513 1.760097425118153e-06 0.00023214368448720244 0.0006537147603551695 8.218344914905024e-06 7.369789269830192e-06 1.0021572658472714e-06 6.86439981473113e-07 2.864209894117727e-07 2.3350290672331648e-07 6.501674639312793e-07 0.0 0.0 0.0 8.331119729761791e-08 0.0 0.0 0.0 0.0 0.0 1.528144831046446e-05 3.3948221755865336e-06 5.909890505653637e-06 0.0 0.0 0.0 7.323819646549193e-06 6.628764482047114e-07 6.10433129090188e-08 2.53314452931265e-07 1.903723472562104e-07 1.451139462901258e-07 5.468121179657311e-07 3.5596692502002173e-07 1.748969685280064e-07 1.9329452110491334e-07 3.199002125799601e-05 1.973175462601295e-06 5.114560004769973e-07 6.745304678387175e-07 2.25562429284522e-07 0.0 0.0 1.8871049526628177e-07 5.22876082823968e-06 4.3397767382557875e-06 6.990406637356139e-06 6.589875621431304e-06 7.334915741294124e-06 1.1180612527427327e-05 1.2671624500025474e-07 3.308803453655801e-07 1.826124381240557e-07 1.344582054006862e-05 3.6200106635587613e-06 1.4268949422019563e-06 3.655490243575913e-07 7.102779875929456e-08 1.1104191601743925e-06 2.5962448245572617e-07 2.287779824791485e-05 0.0 0.0 4.833642273975497e-05 1.5218699341905531e-05 2.724676783844639e-05 3.0841842460894664e-05 1.1618402863715518e-05 3.5687987390674747e-07 3.268102335834973e-06 1.9941871839660823e-06 3.1405309759069356e-06 8.471290313539673e-06 9.886235810112356e-08 2.0776939182993836e-06 1.8360119626465933e-06 1.1421103799912817e-06 0.0 3.7406732345445297e-07 0.0 1.323348053938623e-07 8.622069823776137e-07 4.874782349390924e-07 4.5397540917740747e-07 7.460246048133225e-07 5.8806599695127716e-05 2.2473636056264786e-06 0.0 4.92248191981532e-06 4.536482791165953e-06 8.489054948869326e-07 0.0 1.6834743626202854e-06 0.0 3.6391013877735593e-06 1.5682469838153327e-06 3.4500344429163844e-06 2.7113972622843646e-06 3.0805755957630775e-06 3.5242111874105633e-06 5.39564191672805e-07 3.1028802840462794e-06 1.4507443448628738e-05 2.9916339410347225e-06 3.3373821162617153e-06 1.9209975602314911e-07 0.0 0.0 0.0 0.0 0.0 0.0 0.0 0.0 0.0 0.0 0.0 0.0 0.0 0.0 0.0 0.0 0.0 0.0 1.8568723249821063e-07 2.035450667552775e-06 0.0 0.0 0.0 1.965597788386585e-06 0.0 4.391316810722485e-07 2.102937349106704e-06 6.101880808935196e-07 0.0 0.0 0.0 0.0 0.0 0.0 0.0 0.0 0.0 0.0 0.0 0.0 0.0 0.0 0.0 0.0 0.0 1.8785618543971804e-07 0.0 0.0 0.0 0.0 0.0 0.0 0.0 0.0 0.0 0.0 0.0 0.0 0.0 0.0 9.023543905526949e-06 0.0 0.0 0.0 0.0 1.9485094175692157e-06 0.0 6.265548348725854e-07 0.0 2.5890527066501465e-07 0.0 0.0 0.0 0.0 0.0 0.0 0.0 0.0 0.0 9.932344008235747e-08 0.0 2.9504089228254032e-06 5.844256705584098e-06 3.4656109156919897e-06
0.0006972903640436315 0.0005986658836718253 1.5882339769631187e-05 0.0008778834122643695 2.0183816981363867e-05 0.00047024481845006736 0.002097686166553079 1.5659439328044562e-06 3.307022432326888e-05 0.0 1.8749303658619295e-06 0.002626165277316916 0.0035706203495846273 6.051760069407754e-05 2.884085484332879e-07 2.5615854734577236e-07 0.0 0.0 0.0 0.0 0.0 0.0 0.0 0.0 0.0 9.241924072984251e-08 0.0 1.7858073223416155e-07 2.93520182228447e-07 0.0 9.6545387967048e-06 1.1292349705269007e-07 4.784585542886913e-05 0.0 0.0 0.0 6.603471449312619e-05 6.751140175099199e-07 4.657839672212993e-07 1.4925889453817979e-07 1.475505312867147e-07 0.0 0.0 7.676776021195559e-08 0.0 8.363251986077961e-08 2.1326979310711022e-06 5.041794905267609e-07 0.0 1.1355347593689706e-07 2.3904402868688406e-07 0.0 0.0 0.0 1.135620756486497e-06 6.624624364406377e-07 6.242821095119126e-06 1.0585793295499365e-05 4.459705118465734e-06 1.0184731138403097e-06 2.3220462716245904e-07 1.1548305228650558e-07 0.0 5.075165889294553e-07 7.316072983126913e-07 2.8522535769239e-07 0.0 0.0 0.0 0.0 0.00014198137733965337 0.0 0.0 1.4624089841409283e-05 4.243170586581843e-06 1.3136331693081956e-06 7.352754369015475e-07 3.541771286006185e-07 0.0 8.059229868676566e-07 0.0 1.4218627313857038e-06 9.826903439855522e-07 0.0 0.0 3.085366891577458e-07 0.0 0.0 0.0 1.0025948050278759e-07 0.0 0.0 0.0 0.0 0.0 0.0001048318847976197 7.156989833265248e-06 1.1702359552197911e-07 1.0602965632733098e-06 0.00011573559877543406 3.8156468138686575e-06 9.50639832621746e-06 4.969061606750614e-05 1.0451694836399588e-05 2.999472033187345e-05 6.157249071036374e-05 0.00022422405331378015 2.0548394961346093e-05 0.00012216371527515912 0.00010629915029949147 1.0542760814796116e-05 0.000280026321396041 0.000357270285466987 0.00010478960423530322 1.8193899115836146e-05 4.897447538411284e-07 0.0 8.180890406212237e-08 0.0 0.0 0.0 0.0 0.0 0.0 0.0 0.0 0.0 0.0 0.0 0.0 0.0 0.0 0.0 0.0 3.1986585250088085e-06 1.6072222835851345e-05 0.0 0.0 0.0 6.93794591369678e-06 6.050550016633278e-07 4.426078107122943e-07 6.603637631947596e-07 0.0 0.0 0.0 0.0 0.0 8.643052864050982e-08 8.802585978317807e-08 0.0 1.59998185857924e-07 1.0481841487474904e-07 0.0 0.0 0.0 6.824104396132485e-07 0.0 2.0974109804947835e-07 0.0 1.1191977684948615e-07 7.44419048372363e-08 3.7600963271061e-07 6.66662372589183e-07 0.0 0.0 1.8373173291493961e-06 1.057848850444578e-07 0.0 0.0 0.0 9.883500517179215e-08 0.0 0.0 0.0 0.0 2.9093201262040204e-05 1.4682599146946114e-07 0.0 8.291553876452984e-08 0.0 6.832175935844967e-06 0.0 3.738516414529681e-06 1.0915045274932108e-06 1.1469050705636705e-06 1.0752804712952675e-06 1.5486550661432548e-07 4.777942826052012e-07 0.0 8.31541256393089e-08 0.0 0.0 0.0 0.0 0.0 0.0 3.6377494207814416e-05 9.527667797917262e-06 8.96596731231697e-06
4.8604947646960914e-05 0.0003782108023620131 0.0009553527219616107 6.003896923953288e-06 0.0009807620117275775 1.4227158874047865e-06 0.00018222185774383369 0.0009241806228062415 0.00033549501948975513 1.8749303658619295e-06 0.0 9.064509654477803e-05 0.0014173211957126189 0.0014386615544825663 2.082209082856381e-05 2.0575765361886744e-05 2.5676951148270513e-06 1.0901361784860875e-06 7.454789615638708e-08 4.214065392906383e-06 4.297817052363555e-06 0.0 4.792052250564618e-07 0.0 1.5559854255706018e-06 1.885073661773785e-06 4.890388492966889e-07 1.3101202562856796e-06 2.1379246738285227e-06 1.0498276218662672e-06 6.516317174674402e-05 5.436859365960299e-06 0.0004226547348481728 3.0514999754553447e-07 4.778798489679352e-07 1.2221578405298147e-06 0.00022275715160484285 1.5779582736944557e-05 1.1297645455969807e-05 1.9732099383688044e-06 4.399395965564338e-06 2.9028817363665882e-06 9.997610128321586e-07 2.322237285734951e-06 9.96856505057986e-07 1.1895879476004134e-06 3.5341684746853084e-05 2.651214725651832e-06 8.254463837595084e-07 4.038234835157838e-06 1.4522299289148421e-06 0.0 2.0377095456852756e-07 3.227072808509038e-07 1.813753083084373e-06 3.221814066824166e-06 5.137156057646117e-06 7.8260664377541e-06 3.0258000420004776e-06 8.026220534066227e-06 2.6929879562552587e-06 2.1880811906183114e-05 6.393006691929195e-07 1.9897950101584436e-05 3.135153197186336e-06 1.6576664122731359e-06 4.5482860109272365e-07 1.0317319719906214e-06 6.0196598520176985e-06 7.610251558671782e-06 0.00012039606789797395 3.0429151349990886e-07 0.0 3.497129704878196e-05 1.5021241601370111e-05 3.007272689671668e-05 3.6383009812684553e-05 1.8782405461925124e-05 8.081743103815795e-06 0.0006068045227301265 3.526294307331608e-06 0.00019275826386906382 5.110135896648102e-06 0.0 1.5284358515483566e-06 2.1868830584699186e-06 2.4815277517246666e-06 0.0 2.0238207804432223e-07 0.0 9.715871469145759e-07 2.970996109701897e-07 9.735657949527208e-06 4.786807498154439e-06 1.2134709163157422e-06 3.473671220909238e-05 2.2804600860337914e-06 0.0 6.533603107587784e-06 3.1252135303466253e-06 0.0 6.952055184368391e-08 0.0 0.0 0.0 1.9681869528843604e-07 1.5908784508890698e-06 0.0 2.425605364607047e-07 1.2511715500921753e-06 3.6598313801198726e-07 2.0544244931217093e-06 3.6523001351181674e-06 1.6379627393725385e-06 1.2491216598265618e-06 4.800221976729651e-07 0.0 0.0 1.8578299851906993e-07 0.0 0.0 0.0 0.0 0.0 0.0 2.5484317092207454e-07 0.0 0.0 0.0 0.0 0.0 0.0 0.0 0.0 0.0 0.0 0.0 0.0 0.0 1.112751635840032e-06 0.0 6.816654799676114e-07 1.172889753448592e-06 8.945270939356615e-07 0.0 0.0 0.0 0.0 0.0 0.0 0.0 0.0 4.57616292269564e-07 0.0 0.0 1.1475016403112832e-07 3.237347489760676e-07 0.0 0.0 0.0 0.0 0.0 0.0 0.0 0.0 0.0 1.1368025117479174e-07 0.0 0.0 0.0 0.0 0.0 0.0 0.0 0.0 0.0 5.179398159713278e-06 1.4902416394440127e-07 0.0 0.0 0.0 5.599386574742095e-07 0.0 1.119353578656992e-06 0.0 0.0 0.0 0.0 0.0 0.0 0.0 0.0 0.0 1.71842552957969e-07 5.303449314555525e-07 0.0 0.0 8.726952718540913e-07 6.466854544883142e-06 1.9132586401394105e-06
6.185272018422739e-05 5.042497179164511e-05 5.3136307902133024e-05 0.0006978063798451177 4.545196088855007e-06 0.00020421613056495364 5.515187657455712e-05 3.772136134834803e-05 1.760097425118153e-06 0.002626165277316916 9.064509654477803e-05 0.0 0.0008166720630901975 0.0001083332723141425 9.385481081716619e-06 8.35431393694782e-06 6.060792596396799e-07 1.1590462789961633e-07 0.0 6.625982011208117e-07 7.571072794952503e-07 0.0 0.0 0.0 0.0 1.759404863716218e-06 3.4247224400485044e-07 4.3388769273902367e-07 8.133984850199504e-07 0.0 3.1956486925598066e-06 1.7947676784163707e-06 6.799074402273694e-05 0.0 8.572536253285763e-08 6.199442461915736e-07 0.0001105393255505743 9.054067795239935e-06 6.796741564568907e-06 2.2801303124718412e-06 9.261753151937869e-07 4.531025768947611e-07 1.213819007212445e-07 5.32481444458749e-07 2.7114940385277736e-07 3.409372698134815e-07 1.5876961934502222e-05 3.770485312218779e-07 8.261618469579176e-08 2.501617073237456e-07 2.0273281500617994e-07 1.1152907199651318e-07 3.7864224703407387e-07 0.0 6.457717497294881e-07 2.397683787669076e-07 1.7585921114710762e-06 2.3069247374463903e-06 1.8765004516969309e-06 3.1664184671777554e-06 1.195213594935966e-06 2.1497146581359996e-06 6.015846923410156e-07 1.6686048251238017e-06 4.334915880670432e-07 2.0994698345625105e-07 1.444910184516313e-07 0.0 7.501185752828836e-07 1.0760676859348473e-06 0.00016210368508526356 6.530257835100096e-07 0.0 9.743081403270094e-06 2.322141119727498e-06 9.634852610397572e-06 7.69264710460915e-06 5.0189341689555e-06 2.1628363260128952e-07 4.1694737008754296e-05 4.940215438239236e-07 8.163570299572504e-06 6.029735791212875e-07 0.0 4.306000696010816e-07 3.9715990327762316e-07 2.5680289497913323e-07 0.0 6.635565792540592e-08 0.0 3.2399307877884174e-07 9.695544765846006e-08 1.4149440402112368e-06 3.05962380572283e-07 1.6720787240693857e-07 0.0003366596900930543 1.0518617136870583e-05 0.0 1.0609187834432164e-05 1.529285416918562e-05 4.600119345359177e-06 3.856186562739316e-06 2.1547109019526756e-05 2.9992071846287083e-06 1.6616397980665355e-05 1.756940586314497e-05 8.679250569228601e-05 1.3081729912981945e-05 3.650511132005507e-05 4.038741403819566e-05 9.94195156313035e-06 5.584947132060353e-05 0.0001547659220804304 5.6483264410298345e-05 3.379226159363426e-05 5.494108770137083e-07 0.0 2.401915594544242e-07 1.020663430168318e-07 8.160454168122359e-08 0.0 1.1882975036743549e-07 0.0 0.0 0.0 6.127377800474372e-07 0.0 1.6275133460282283e-07 0.0 0.0 0.0 0.0 0.0 0.0 5.890845426062757e-06 1.3776993383322488e-05 0.0 0.0 0.0 1.6567985085432414e-05 0.0 4.0938866672414255e-06 9.962279835608276e-06 1.3521628829876245e-06 0.0 1.5740848804469157e-07 0.0 0.0 0.0 0.0 0.0 5.974757480143782e-07 4.289107518650903e-07 0.0 0.0 0.0 4.2215955764052065e-07 0.0 0.0 0.0 0.0 1.664071095035242e-07 1.2334651897323266e-06 7.16592842596691e-07 0.0 0.0 6.193016092701035e-06 7.988910174387971e-07 1.987821987059966e-07 0.0 0.0 0.0 0.0 0.0 0.0 0.0 5.07351401184209e-05 1.431219720319863e-07 1.229033676730449e-07 0.0 1.7432197241625737e-07 1.2655149565057062e-05 8.522855867203568e-08 4.967819374541917e-06 5.763666863225256e-07 1.7051541795403925e-06 2.0278160978092067e-06 4.689193954605487e-07 9.057666761788347e-07 0.0 0.0 0.0 0.0 0.0 0.0 0.0 0.0 4.44963006949713e-05 3.3889521072127775e-05 2.846589430878757e-05
9.669816171300527e-05 0.0003755352862509013 0.00029888709412353987 0.0007953041311675307 0.000517740428069847 0.0001478915803784212 0.002969977826679121 0.00016094236932849017 0.00023214368448720244 0.0035706203495846273 0.0014173211957126189 0.0008166720630901975 0.0 0.0024921003319092 5.552459723032902e-05 5.3560666637343e-05 3.971874438929713e-06 1.739367119961812e-06 1.052797122333793e-07 3.053233107107385e-06 4.4379177820725685e-06 3.0712758254238716e-07 7.475965828925912e-08 8.904759989520661e-08 1.3957944666869137e-06 3.7936630840582565e-06 1.3490147782501923e-06 3.022105868386834e-06 5.068871920770217e-06 6.240766922945751e-07 2.6331155246131637e-05 4.2804882024271385e-06 0.0003692334632923961 1.2760821817979317e-06 1.229665450426292e-07 2.0767236533850727e-06 0.001051127498912041 6.512360301660856e-05 4.1156009465961554e-05 1.4806486455998134e-05 3.627770044503491e-06 2.031675958177012e-06 2.0042809174366194e-06 4.050226761414522e-06 2.228983913989366e-06 2.437969206602893e-06 0.00010237034359649355 3.743196334590003e-06 1.0063442588399052e-06 4.2964550262214224e-06 1.3905373454605472e-06 5.421933548298946e-07 1.654697439993034e-06 1.746956045081462e-06 3.987019300531146e-06 5.667148708601805e-06 1.2786352357111981e-05 1.1283571471294967e-05 1.1487300647776643e-05 2.0169459570291544e-05 6.311533192009526e-06 1.5178426573829734e-05 2.6052855061447736e-06 4.017646406271692e-05 5.365288744369837e-06 2.9781563414982917e-06 5.702735213240158e-07 1.4084140334446448e-06 5.840051861907736e-06 7.71340587035001e-06 0.0006210373151794493 3.2145085322057607e-06 2.358076038328649e-07 7.722954609780103e-05 2.4259741917317854e-05 8.321584262194537e-05 7.367907525723486e-05 3.494434648545116e-05 1.0372968059799159e-06 0.00015632801168088687 4.7256757830803015e-06 3.6210930908674304e-05 1.18885074872029e-05 5.923151209895917e-08 2.7486331680479263e-06 3.704532030550013e-06 3.2345031081763065e-06 9.52910213958422e-08 1.5016068533736668e-06 8.057223782070933e-08 1.5467309255088862e-06 7.09797885736404e-07 7.5506614278238695e-06 1.5316393031486077e-06 1.1399299453833372e-06 0.0009338852047102039 2.132373906034421e-05 0.0 3.1288341033503096e-05 2.6983401789093765e-05 5.9326197232971e-06 7.510659471183761e-06 2.547228228533677e-05 2.3879634057870088e-06 4.067426915151789e-05 3.656941164687159e-05 0.0001187673648482328 2.1909540353512098e-05 0.00011706713583694272 7.534034004633258e-05 3.176715008209512e-05 0.00013329684168654593 0.0003053251225320607 9.187538473330561e-05 7.479067315225911e-05 2.1344584156524747e-06 9.26494104508525e-07 0.0 6.092221953196007e-08 0.0 8.27757639623578e-08 1.6183747805421266e-07 1.833839866220706e-07 0.0 0.0 0.0 0.0 1.5449005868586443e-06 0.0 7.150062393666066e-08 0.0 0.0 0.0 0.0 8.83927134356017e-06 2.6313672934672318e-05 3.3934628211497217e-07 0.0 4.059117278804506e-07 3.7541545313929305e-05 0.0 1.6328911180823844e-05 1.9664959075139683e-05 2.596156612129373e-06 5.672780422400688e-07 0.0 0.0 0.0 3.0933621107711484e-07 2.786408809566642e-07 0.0 3.516558541349805e-07 1.3015324005458765e-06 5.656874596561858e-07 0.0 2.54315834751309e-07 5.236106751247928e-07 2.0822336943391397e-07 0.0 7.990793188195711e-08 0.0 1.9475249274906822e-07 9.104069873103687e-07 3.9867981643535015e-07 0.0 1.8150891100979505e-07 1.1800059051840124e-05 1.1853983649509903e-06 2.0580056346265565e-07 0.0 0.0 0.0 0.0 0.0 0.0 0.0 0.0001007286208857128 4.3954016994451687e-07 0.0 2.62806586053576e-07 2.2404079823565774e-07 2.8970176559972536e-05 0.0 9.253460199133949e-06 2.58392200682738e-06 9.341318946569719e-07 2.964368608767241e-06 8.707758387542428e-07 2.0690584436428622e-07 0.0 0.0 6.480421249125246e-08 9.812194189294192e-08 6.586421798735876e-08 7.569621664104696e-08 1.5595959301938123e-07 0.0 7.46648072479877e-05 8.019868651585632e-05 6.461747182226874e-05
