0.0 0.0020488676944425827 0.0005722117182557877 0.0016884336259205578 3.482073796215531e-05 1.2231772299859965e-05 0.0006939630515089794 0.00014298839320914177 9.489094254864598e-06 0.0008989624723453131 0.00020279664123054657 5.488696878628761e-06 4.1522514186691834e-05 3.0092489277302697e-05 1.0910528498431417e-06 4.4402599174262613e-07 1.0015002106365232e-07 9.845864548342955e-08 0.0 1.4792589428966103e-07 0.0 0.0 0.0 9.218976889660073e-08 2.1052086345765766e-07 1.2864281339192236e-07 0.0 0.0 2.259075795878028e-07 0.0 0.00019393125481920214 3.3648302961183857e-06 2.4143055810756584e-06 0.0 0.0 0.0 3.2309631966055003e-07 0.0 1.5785385650844308e-07 0.0 0.0 9.723051889931619e-08 0.0 2.48581398422238e-07 0.0 1.409246702544985e-07 2.4423472698984637e-05 2.4190175314736733e-06 4.4646168295539467e-07 0.0 1.0106509956318746e-06 0.0 0.0 0.0 2.840819120281506e-06 1.2543441435571337e-06 4.9408452978803784e-05 0.0004279934121082092 1.536685887191589e-05 2.3930703859041743e-05 3.713328861142679e-07 5.758294440474542e-07 0.0 1.0130498678061262e-05 5.156466290626145e-06 3.7661543976136988e-06 1.5542244860377795e-06 8.739877337402971e-08 0.0 0.0 9.297651587533513e-07 0.0 0.0 9.720248257521099e-05 9.697216782859368e-05 2.26622682787533e-05 3.1439112090562883e-06 8.179531984261715e-07 1.6867448473524472e-07 7.938021774034598e-07 1.3470004839487643e-07 1.7450737918008507e-07 9.624485534783668e-06 0.0 2.8347681868450153e-06 2.3532881918998607e-06 2.0308246725084515e-07 5.169390771492652e-07 2.4589901246330676e-06 0.0 4.917177801882645e-07 2.0434125506898606e-07 9.205080697660992e-08 2.822197592047414e-07 9.616545033914285e-08 2.5668238509440153e-05 2.518619507937759e-07 6.652799962800322e-07 0.0 0.0008126119955888536 0.0 4.436271608890466e-06 2.4720379133381116e-07 3.636676974090325e-07 0.0 3.2734163307197e-06 1.8941906613862153e-05 7.241502045549638e-07 7.170551934036412e-06 6.863465642484963e-06 7.755276506371425e-07 1.6430686039469757e-05 1.9206437476669184e-05 7.616079279978698e-06 2.905451667819878e-06 0.0 0.0 0.0 0.0 0.0 0.0 0.0 0.0 0.0 0.0 0.0 0.0 0.0 0.0 0.0 0.0 0.0 0.0 0.0 1.8177897955167196e-07 1.6396166697332889e-06 0.0 3.834201132263839e-07 0.0 6.734132819545613e-07 5.365741991705947e-06 1.400712640438182e-06 0.0 4.582373579061244e-07 0.0 0.0 0.0 7.370000809445098e-07 0.0 0.0 0.0 0.0 7.025679544043027e-07 0.0 0.0 0.0 6.207251579689391e-07 0.0 0.0 0.0 0.0 0.0 1.174273748547059e-07 0.0 3.863727605121616e-07 1.9254113499218503e-06 4.444175434483305e-06 2.892943577533216e-07 0.0 0.0 0.0 0.0 0.0 0.0 0.0 0.0 1.0763948312045836e-06 0.0 0.0 0.0 1.0823151249419383e-07 4.0047784025466695e-06 6.353952078872417e-06 7.232435385268538e-06 0.0 0.0 0.0 0.0 0.0 0.0 0.0 1.0008220534650523e-07 0.0 8.723487673858334e-08 0.0 0.0 0.0 5.807583344567089e-06 4.792560132038587e-07 1.5149676438056697e-06
0.0020488676944425827 0.0 0.0011946883009812006 0.00030095202710256954 0.0007154228973171783 6.236454854867331e-05 0.0010131819924626116 0.0015705995317532367 0.0005330285100913504 0.0005800172573021974 0.0007438236750105813 8.018814301406181e-06 0.0008563186711037164 0.0010828923646110681 1.6698273050195994e-05 6.1529687840103936e-06 1.0739219016475441e-06 3.333883830350619e-07 0.0 2.0035834160054873e-07 1.8368443268252602e-07 9.385573854156913e-08 0.0 0.0 0.0 1.317799232619927e-07 0.0 7.508730234379251e-07 0.0 0.0 0.0014281757717737756 4.591491186189372e-05 6.920297321963146e-06 2.0656641086639067e-07 0.0 0.0 1.7533244591259397e-06 3.109341286665423e-07 1.0136244564565624e-07 0.0 0.0 8.476511234097283e-07 2.3329299950774246e-07 1.4924486007082015e-06 0.0 2.84366540766795e-07 0.00019343861439464122 8.835294454761114e-06 1.9371203832115422e-06 2.141636109407731e-06 3.3309597038428325e-06 1.3231059662321287e-07 4.802730333181062e-07 7.994806954501448e-08 6.545132572286288e-06 3.4414373214485374e-06 5.871110829363871e-05 0.0004460189465964002 3.293405425067118e-05 7.254932065392503e-05 1.2591920528472692e-06 3.396170302299144e-07 0.0 6.53384091873868e-05 1.222568312973217e-05 9.329261602658989e-06 4.61724628812656e-06 1.2131527603550633e-06 5.81707351963245e-07 6.085704425975024e-07 2.645907780051068e-06 3.3380997300624613e-07 8.735907909606234e-08 0.0002458306414615474 0.00031616790190363534 0.00018526472225246227 5.88041858286561e-05 9.179567276371835e-06 5.182080640806785e-06 1.8853710217117495e-05 2.533106761313295e-06 1.8358114449733792e-06 2.6451975368046863e-05 0.0 8.804901772091648e-06 8.763581506281217e-06 7.93836871959494e-07 1.5061001178168347e-06 5.752206128925195e-06 7.980032217114758e-08 1.55782699334677e-06 4.602850475352322e-07 7.631177577644868e-07 6.340972417368793e-07 9.341793142120723e-07 1.2155728517964584e-05 3.234898201396597e-06 1.4728957185219286e-07 3.215061525089797e-07 0.0007438812352198288 0.0 0.0 0.0 0.0 0.0 1.5275035999546707e-06 2.2221108549324516e-06 1.948645776554894e-07 1.4923158525001344e-06 1.7924795258682839e-06 7.584386489904157e-07 3.7792850411355712e-06 3.4646613253385733e-06 2.523159471095986e-06 4.428375913835852e-07 0.0 0.0 0.0 0.0 0.0 0.0 0.0 0.0 0.0 1.1374466433860226e-07 0.0 0.0 0.0 0.0 0.0 0.0 0.0 0.0 0.0 0.0 3.77087014971721e-07 0.0 0.0 0.0 0.0 0.0 5.34695773290574e-07 1.625755268131556e-07 0.0 0.0 0.0 0.0 0.0 0.0 0.0 0.0 0.0 0.0 8.480589042447746e-08 0.0 0.0 2.2797557958891682e-07 0.0 0.0 0.0 9.850428192292765e-08 0.0 0.0 0.0 0.0 2.384313958369024e-07 4.422466018881176e-07 0.0 0.0 2.471718122817023e-07 1.4584902896690846e-07 0.0 0.0 0.0 0.0 0.0 7.775180511202019e-07 5.813251927064118e-07 0.0 0.0 1.1484465907132109e-07 5.883473101482469e-07 1.3889845147598626e-06 6.007136591167823e-07 0.0 0.0 4.095870285219482e-07 0.0 4.346594040529731e-07 8.691031012529596e-08 0.0 0.0 0.0 2.389356729026131e-07 1.170434984409787e-07 0.0 0.0 1.0538536727236766e-06 3.987255080007415e-07 7.469164383773991e-07
0.0005722117182557877 0.0011946883009812006 0.0 2.662493768938764e-05 0.00016836192395583278 3.823008623761239e-07 0.0002011565839463411 0.0020683134266856014 0.00022145715648162352 2.1893083613999813e-05 0.000550454919019001 9.380828910386205e-07 4.6824501010177685e-05 0.0004119781741610661 9.377026869446137e-06 7.082335115104876e-06 3.772527166186e-07 6.73760770615689e-07 0.0 3.16914626723277e-07 5.854322166844014e-07 0.0 2.6583594996709497e-07 1.6900817224701073e-07 0.0 1.58924004658312e-07 0.0 9.50114570121911e-08 0.0 1.5027969309214024e-07 0.001680203553328656 0.00018664255748315254 1.103627738331655e-05 6.395279141429439e-07 7.598425405594845e-07 3.048568468551983e-07 1.149640949207336e-06 1.2277563970341293e-07 3.600315897323534e-07 0.0 1.7709400049705652e-07 3.345827894498435e-07 3.4688379860186954e-07 2.61792345784604e-06 0.0 5.094168197918175e-07 5.9365459277144824e-05 2.7438753466165416e-06 1.666936935420317e-06 1.8022341311151496e-06 2.9772728331245875e-07 1.0104930012240779e-07 1.885590417656687e-07 0.0 1.2210639257952766e-06 4.40683158489883e-07 2.42160606801959e-05 0.00042430157698776283 1.0373135207435622e-05 2.2919332552033344e-05 1.2940123047661686e-06 5.574665044667162e-06 1.8583405753692515e-07 4.065391713556891e-05 2.5516237506330396e-06 3.059873343009657e-06 8.443376415597075e-07 6.606279946245571e-07 2.376795223179903e-06 1.2155860116076875e-06 2.6237334502099807e-06 1.315385996228588e-06 4.2680990451219385e-07 8.240379822963158e-05 0.00010621911388954423 6.491645007938437e-05 3.506684142331179e-05 8.207371817697587e-06 1.7907964541393296e-05 6.691812581394841e-05 3.541295960954225e-06 1.696932251212289e-05 7.043602788429497e-06 0.0 2.7748300387638475e-06 3.0963353646414854e-06 2.503062066478473e-07 2.205407454843122e-07 1.875945778338632e-06 1.0635253552661172e-07 3.6133797873695006e-07 2.7397839647398394e-07 1.5107346364190971e-06 4.1242371580333787e-07 9.168976475618432e-08 3.5868646805764984e-06 1.4407052484588608e-06 2.768870286358425e-07 6.153106428112303e-07 0.00042792915678409993 0.0 0.0 0.0 0.0 0.0 0.0 0.0 0.0 5.651570344143182e-07 0.0 0.0 3.112309971397912e-07 1.0106138171884264e-06 3.523833968869802e-07 1.2660032315415398e-07 0.0 0.0 0.0 0.0 0.0 0.0 0.0 0.0 0.0 0.0 0.0 0.0 4.3041652501095437e-07 0.0 0.0 0.0 0.0 2.5443128074016404e-07 0.0 0.0 2.488290603670047e-07 0.0 4.230287090581393e-07 0.0 0.0 0.0 3.921514806536915e-07 0.0 0.0 0.0 0.0 0.0 0.0 9.961282250623507e-08 0.0 0.0 0.0 3.60643328872521e-07 0.0 0.0 0.0 0.0 1.5169638746353922e-07 0.0 0.0 0.0 0.0 0.0 0.0 0.0 1.0714694821319181e-07 1.5830023743311044e-07 0.0 0.0 0.0 0.0 0.0 0.0 0.0 0.0 0.0 3.304162959358892e-07 1.3217292057419845e-07 0.0 0.0 0.0 7.750844963700805e-07 9.810685993667884e-08 1.7293701763626192e-06 0.0 0.0 0.0 0.0 0.0 0.0 0.0 0.0 0.0 0.0 0.0 0.0 0.0 6.383307123564744e-07 6.3161035928173e-07 9.510734624786037e-08
0.0016884336259205578 0.00030095202710256954 2.662493768938764e-05 0.0 4.408546931989293e-05 0.0004524150422339525 0.00033719632584337594 2.9693910829813067e-06 1.0226435155512066e-05 0.001162514176151241 1.716063772647856e-05 0.00013192301760391002 0.0005735373936637812 0.00011365602461986828 1.411613839263804e-06 3.4027538019628284e-07 3.7078117558440256e-07 9.614848642638577e-08 0.0 0.0 0.0 0.0 0.0 0.0 0.0 0.0 0.0 0.0 0.0 0.0 5.5843064189910854e-05 5.565208533863699e-07 3.6460008964212458e-06 0.0 0.0 0.0 2.393137349432296e-06 0.0 0.0 0.0 0.0 9.99304885448416e-08 0.0 0.0 0.0 0.0 1.3651805998316963e-05 8.845669616549129e-07 1.4746976151119123e-07 9.526566811348358e-08 5.013852297392921e-07 0.0 0.0 0.0 9.136973702784038e-07 0.0 5.105642919159602e-06 3.192720080741112e-05 3.3892510705089745e-06 5.8431857095371425e-06 0.0 0.0 0.0 3.4286249908941474e-06 8.237745360057766e-07 8.355104248306119e-07 2.749275689239793e-07 2.4442072726817064e-07 0.0 0.0 9.800623294533748e-07 0.0 0.0 2.156320989172176e-05 2.3561000866304116e-05 1.066527865593385e-05 1.969073378462951e-06 3.190555220312337e-07 1.7824079773860616e-07 8.920735489573563e-08 1.3966438890919868e-07 0.0 3.2339774938171592e-06 0.0 7.125649862641032e-07 1.091383127001448e-06 9.561786098582309e-08 2.4112760371081356e-07 1.6601892156567486e-07 0.0 0.0 0.0 1.3496046522131592e-07 1.6155075952594471e-07 1.9807679516942404e-07 3.56229669472473e-05 9.236307874653652e-07 0.0 0.0 6.941894831648513e-05 0.0 5.020218077536003e-07 1.4648891350658453e-07 0.0 1.7626013313579664e-07 1.4475755452709409e-06 4.555509913379095e-06 0.0 8.527673564347917e-07 3.445187096924821e-06 5.659125515005561e-07 1.023864569046272e-05 7.4992747618567016e-06 3.0942676441775408e-06 5.253809399110272e-07 0.0 0.0 0.0 0.0 0.0 0.0 0.0 0.0 0.0 0.0 0.0 0.0 0.0 0.0 0.0 0.0 0.0 0.0 0.0 1.205654990453601e-07 0.0 0.0 0.0 0.0 1.0151317048970952e-06 5.460973436483195e-07 0.0 0.0 4.100729120419529e-07 0.0 0.0 0.0 0.0 2.9987907258322176e-07 0.0 0.0 4.971860862840237e-07 0.0 0.0 0.0 0.0 0.0 0.0 0.0 0.0 6.72408928867448e-08 0.0 0.0 0.0 0.0 0.0 0.0 0.0 0.0 0.0 1.086108923528916e-07 0.0 0.0 0.0 0.0 0.0 3.0707163581702915e-07 0.0 0.0 0.0 0.0 1.8767997723760436e-07 4.776253211495909e-07 3.339133618248151e-07 0.0 0.0 0.0 0.0 0.0 0.0 0.0 0.0 0.0 0.0 0.0 0.0 0.0 1.2242849127895346e-06 2.6690994774311695e-07 6.169204813927069e-07
3.482073796215531e-05 0.0007154228973171783 0.00016836192395583278 4.408546931989293e-05 0.0 1.639462884356576e-06 0.0007503844193024583 0.00045252623501146404 0.0016946252837189558 9.424225250029863e-05 0.0004617725481683174 1.204571200889896e-06 0.0005676041492489338 0.0006960739882035758 6.394708981446434e-06 2.196914716316641e-06 1.007319695284038e-07 0.0 0.0 0.0 0.0 0.0 0.0 0.0 9.594352178745684e-08 6.887059458075749e-08 0.0 2.3934041876268404e-07 0.0 0.0 8.0473866388312e-05 1.26432770811482e-05 6.02191316551305e-07 0.0 0.0 0.0 2.1104739966877985e-07 0.0 0.0 0.0 7.82260806514217e-08 3.1966310006097463e-07 0.0 2.0258017090564473e-07 0.0 0.0 3.8381979930396434e-05 7.239072707817377e-07 1.8391867284980295e-07 4.4737967503090623e-07 3.6024555546811713e-07 8.181474687717004e-08 0.0 2.1413584611115293e-07 7.481247497696338e-07 2.6186926163461145e-07 2.8694718078703214e-06 1.0909044954742796e-05 2.8716491388515357e-06 1.0067073771025921e-05 1.0217018826179922e-07 1.0011336974743656e-07 0.0 1.1005049327778506e-05 1.346155435100753e-06 6.411648678297925e-07 1.5160124898483746e-07 1.836782908515891e-07 1.0512640563656111e-07 0.0 0.0 0.0 0.0 2.3333801002358573e-05 3.10975167039085e-05 4.351735413530399e-05 1.3835350159248192e-05 1.6329634215526046e-06 2.2758609965297192e-06 2.6472303263040204e-07 8.988663820265782e-08 2.3060109650623053e-07 2.0266798391316906e-06 0.0 7.465170915780739e-07 7.611282038797099e-07 8.042336259971036e-08 1.8714128515302822e-07 3.866687744003517e-07 0.0 7.748629751439833e-08 2.916897596732921e-07 1.197164408356708e-07 0.0 1.0171034961914899e-07 6.246796361178902e-06 5.54596823013956e-07 1.5491002662364642e-07 0.0 6.678190172092255e-06 0.0 2.36191959683561e-07 1.550223686183928e-07 0.0 1.5045495491019167e-07 0.0 7.401724684052807e-07 0.0 5.717140179808487e-07 8.677023245266288e-07 3.042646114226355e-07 2.3490267675633867e-06 3.073798670768504e-06 2.091513709339019e-06 2.2338685716167805e-07 0.0 0.0 0.0 0.0 0.0 0.0 0.0 0.0 0.0 0.0 0.0 0.0 0.0 0.0 0.0 0.0 0.0 0.0 0.0 1.0645580454353691e-07 1.4159049584343786e-07 0.0 2.143876931266751e-07 0.0 2.4133464491156777e-07 2.8797820092137e-07 2.64749828264724e-07 0.0 0.0 0.0 0.0 0.0 0.0 0.0 0.0 0.0 0.0 0.0 0.0 0.0 0.0 0.0 0.0 0.0 0.0 0.0 0.0 0.0 0.0 0.0 0.0 1.4718432211475749e-07 0.0 0.0 0.0 0.0 0.0 0.0 0.0 0.0 0.0 7.436740388360121e-07 0.0 0.0 0.0 0.0 4.261219715265919e-07 7.438961191364468e-07 4.789543207177541e-07 1.2873369491888227e-07 0.0 0.0 0.0 0.0 0.0 0.0 0.0 0.0 0.0 0.0 0.0 0.0 1.1850364087518315e-06 2.5745997810940357e-07 1.1188452498148575e-06
1.2231772299859965e-05 6.236454854867331e-05 3.823008623761239e-07 0.0004524150422339525 1.639462884356576e-06 0.0 0.00017010766194392019 3.3706420895003707e-07 1.2930265209338392e-06 0.0005213486489731354 2.799713994262948e-06 2.409734031814714e-05 2.449254102218504e-05 1.1351829146540359e-05 2.6443562050023426e-07 9.694351409473718e-08 2.9218292713323774e-07 2.3642809671019756e-07 0.0 0.0 0.0 6.704723273092151e-07 0.0 0.0 0.0 0.0 0.0 1.6914878742968557e-07 0.0 3.9555605168685473e-07 2.35121492062642e-06 0.0 5.811366696450732e-06 0.0 0.0 0.0 1.6170965005003696e-06 0.0 0.0 1.5927150929299226e-07 0.0 3.709423087952662e-07 0.0 0.0 0.0 0.0 1.0437397144595618e-07 0.0 1.3794381367500232e-07 0.0 1.5044503533408802e-07 1.675552562479583e-06 4.8635605762157465e-06 3.3305131711694163e-07 0.0 0.0 1.4177116470901127e-05 8.796809570394155e-06 2.652140037268786e-07 0.0 1.4613191019890904e-06 1.043533266676283e-05 0.0 0.0 1.3968143268971833e-07 0.0 1.9485841186422368e-07 0.0 0.0 0.0 2.318033769239826e-05 0.00030713586411388753 2.500738130232397e-06 4.159057825264644e-07 4.2226894300693605e-07 2.3112572387782866e-07 1.376419774269253e-07 1.756302001193292e-07 4.3987975269324426e-07 3.4844120080254787e-06 2.5420885700835046e-07 3.7272341101460293e-06 0.0 0.0 0.0 6.594459916732931e-07 0.0 1.139069093087199e-06 1.5654119788448938e-07 1.2820422117145495e-06 0.0 0.0 0.0 0.0 3.454748753637627e-07 1.9603514130686465e-05 1.5300478322553673e-05 3.461093544532722e-05 5.627741637462855e-07 0.00036404133803421066 0.0 5.531958705785477e-06 9.797524585083892e-07 0.0 7.849944883422978e-07 9.603758412792648e-06 4.4657059031688205e-05 3.3104900994784716e-06 1.5128216960630566e-05 2.1709471717219202e-05 1.655301835718381e-06 3.632359179885751e-05 4.666131896757603e-05 1.9931824050161352e-05 6.324143656839428e-06 1.5760907778990304e-07 0.0 0.0 0.0 0.0 0.0 0.0 0.0 0.0 0.0 2.607693946903126e-07 0.0 5.70854225543878e-07 0.0 1.4084970637260682e-07 0.0 7.828724338395171e-07 2.3858734882468956e-06 1.1906563837285964e-07 1.2504453108756784e-07 2.368476995714506e-06 0.0 5.615824568618766e-07 0.0 1.0274692216033644e-06 0.0 2.891690452339437e-07 6.032604903144713e-07 8.130625119624356e-07 0.0 0.0 0.0 1.6859835478402046e-06 0.0 0.0 0.0 0.0 1.022720340351965e-06 0.0 0.0 0.0 4.345374563624297e-06 0.0 0.0 0.0 0.0 1.6915954401994036e-06 2.692584433261654e-07 0.0 0.0 2.9054768501253974e-06 2.888803328566022e-06 0.0 0.0 2.526236336712796e-07 0.0 0.0 0.0 0.0 0.0 0.0 1.6120536340019473e-07 5.209241143015077e-06 0.0 0.0 0.0 7.281721006796046e-06 7.286104421152977e-06 7.258498368644748e-06 3.424695792489386e-07 1.5459771172512807e-07 1.3130494169157058e-07 1.5940862946237957e-06 0.0 0.0 0.0 0.0 0.0 0.0 0.0 0.0 0.0 8.381242586916258e-06 2.2236919810533059e-07 1.7182654425310176e-06
0.0006939630515089794 0.0010131819924626116 0.0002011565839463411 0.00033719632584337594 0.0007503844193024583 0.00017010766194392019 0.0 0.0001267845394741877 0.0006795540817508311 0.002381068429305204 0.0002372503742447968 7.39968714721367e-05 0.0025339405530397834 0.0014607309600029859 2.6432542319451456e-05 1.4540399644967559e-05 7.79543154146072e-07 1.4955880666772664e-07 1.0020189517540243e-07 3.0084552841702426e-07 3.0227367582556713e-07 0.0 7.280214109773668e-08 0.0 0.0 0.0 1.245480491154781e-07 3.682908348551367e-07 0.0 1.0129192241136008e-07 0.0002917332475342035 2.201388655990311e-05 1.4237256480758645e-05 0.0 0.0 3.7392655176789264e-07 6.96072681463153e-06 1.3425013731510615e-07 0.0 0.0 2.645587286693669e-07 3.888540043032776e-07 1.0100734558676138e-07 1.3209165193113427e-06 1.8908069805650143e-07 8.144493517642086e-08 0.0001638745423420563 5.6622414080045215e-06 1.716847705885318e-06 4.920014984344162e-07 2.0835076769704964e-06 0.0 2.1904150778035935e-07 5.61530087569999e-07 2.070324097095633e-06 1.960402231328576e-06 2.2780493093282777e-05 9.175679732199932e-05 1.7764550313113602e-05 4.172722397557737e-05 5.227512139626292e-07 5.655854450924209e-07 8.649502970734996e-08 3.9388828669445274e-05 6.374327822642277e-06 5.360911797085536e-06 1.6208188653605594e-06 9.073264865852975e-07 1.266671964317034e-07 3.2882802165029036e-07 7.083512637474663e-06 6.16453654320837e-07 2.1351421934198663e-07 0.00012877275845716877 0.0001553367795345233 0.00017585103686272818 5.669780486710769e-05 1.0224560563284646e-05 2.3498107175730785e-06 8.118224531346033e-07 7.83354284037515e-07 1.0638694894812196e-06 1.249651806285558e-05 0.0 4.31441774300112e-06 4.906502660772032e-06 9.144800983113287e-07 7.470362000872825e-07 3.7918370746651664e-06 4.2429239277012203e-07 1.4450470117776426e-06 1.8290677625252058e-07 7.405541404687626e-07 4.491379837895004e-07 8.193099041211494e-07 7.427223227575163e-05 7.942897972486214e-06 2.3120402623219333e-07 1.049205951980272e-06 0.00010619297972801808 0.0 8.467760522697895e-07 5.562259097261974e-07 0.0 1.3810072188122916e-06 5.057017548451212e-06 1.3159884595268172e-05 1.6492661250774231e-06 9.502610084631504e-06 1.1572191970610127e-05 2.419767242173577e-06 2.882943329398619e-05 3.9321893909692245e-05 1.7317643387349152e-05 3.4423922363906567e-06 4.0730421618678786e-07 0.0 0.0 0.0 0.0 0.0 0.0 0.0 0.0 0.0 0.0 0.0 3.0933421764794577e-07 0.0 0.0 1.7250254659234e-07 0.0 0.0 0.0 5.06779889771241e-07 2.610375538976498e-06 0.0 5.008365382108496e-07 0.0 8.400490861443094e-07 1.1203227235535263e-06 1.9095448361952035e-06 0.0 7.59124265810905e-07 0.0 0.0 0.0 0.0 4.900602206186884e-07 0.0 0.0 7.676311089842449e-07 6.07367522279237e-07 0.0 0.0 9.000027405515679e-08 5.238812469608279e-07 0.0 0.0 0.0 3.829715039911425e-07 7.89233501784611e-08 4.01858009500915e-07 0.0 1.9498286979854277e-07 9.160776692044837e-07 2.5170967651513e-06 3.8423962036394454e-07 3.147931312948339e-07 1.52797588199472e-07 9.401160846688328e-08 0.0 0.0 1.1110190397136263e-07 0.0 0.0 2.445614406881933e-06 6.81316923851546e-07 0.0 0.0 0.0 3.941564202642382e-06 4.579412489752969e-06 5.951528038551819e-06 3.18449317727008e-07 7.160974655189259e-07 1.1033871159314758e-07 0.0 2.2021534025951854e-07 0.0 1.8792855766163993e-07 8.602741194463126e-08 6.053498789023855e-08 0.0 0.0 0.0 0.0 9.703629807180007e-06 2.8993459051644225e-06 1.7232191686197026e-06
0.00014298839320914177 0.0015705995317532367 0.0020683134266856014 2.9693910829813067e-06 0.00045252623501146404 3.3706420895003707e-07 0.0001267845394741877 0.0 0.00030340730084443774 8.264439139022278e-06 0.0007389554963046282 6.6347638093579924e-06 0.00018761998783438664 0.0016667221006514158 8.833902226281405e-05 8.982900379625899e-05 1.7532743660652942e-05 1.1724205049725571e-05 7.132077220829009e-07 7.843088906900716e-06 3.07156988577997e-05 2.643918529663788e-07 5.943819960858116e-06 2.214444747747947e-06 2.215174195996502e-06 4.182581756563234e-07 2.0122127923000697e-06 6.655542621764909e-07 5.164822335477092e-07 4.337329060607542e-07 0.001824878275968957 0.0009195303401663325 0.00025693380152684244 7.500548588774523e-06 9.977304242923431e-06 2.775670914521267e-06 1.2975235807274008e-05 5.2345314856567675e-06 4.828006467347802e-06 1.0210172481709818e-06 5.835425901493662e-06 3.452098857085808e-06 1.759520582171205e-05 3.581117589666278e-05 1.924113658516591e-06 2.7697103834051606e-05 0.0002029153674628759 1.6842770121606408e-05 3.681302999336821e-05 4.8532167677159215e-05 7.39241425937375e-06 2.415747593527772e-07 2.146166125036136e-06 2.7756275063923437e-06 7.123066060656077e-07 1.0405433187493805e-06 1.1085809117354239e-05 6.251330314288e-05 8.363497255957553e-06 2.937173669528556e-05 8.762887348402205e-05 7.406777557183194e-05 1.7389306446431198e-05 0.00022855837728758704 2.7160240321898098e-06 2.9917126690095204e-06 1.2795612674275433e-06 5.097317775145973e-06 3.330572429854489e-05 4.897434020569099e-05 5.35139035139512e-05 1.6190734704204856e-05 3.67587159933544e-07 8.429450399777455e-05 0.0001531469286585677 0.00022494918293836474 0.00020297856282996182 0.00014766814157224177 0.001081652961385751 0.0009104165512363936 8.471895616999696e-05 0.001151051206907966 7.949630329685663e-06 8.531366569818608e-08 4.3346173583877035e-06 2.072438348518016e-06 7.345964893841715e-06 5.224206572671535e-07 2.6279763492189395e-06 7.086033216138815e-08 4.61645027808473e-07 1.948928987640754e-07 3.999199280729106e-05 4.844848158467917e-06 9.208922177302188e-07 4.689641205067555e-05 4.788905915145437e-05 2.946400276984247e-06 1.3768172170211198e-05 3.179210146812435e-05 1.1223974803673486e-07 1.3399687823754276e-06 0.0 0.0 2.414768862018873e-06 1.910646468217054e-06 2.8280377464718653e-06 0.0 1.8080518546785013e-06 3.927920856005854e-06 2.5582321291047457e-06 8.803300990514441e-06 1.5874989860665176e-05 8.001588366480631e-06 5.615103338762973e-06 7.450235564323641e-07 8.30547306293056e-07 9.972709730083411e-08 2.2394550021332924e-07 0.0 0.0 0.0 1.648923628151452e-07 0.0 0.0 0.0 0.0 1.0140472763912893e-06 0.0 1.5601396442780048e-06 4.1227116039016794e-07 1.1850100124563218e-06 3.263394539853522e-07 2.1753647167684824e-07 5.698027744372127e-07 2.0028324274213825e-06 0.0 3.849511734416313e-06 1.4007555533869785e-06 2.0364835031516785e-06 5.113314002105711e-06 6.262544367119536e-06 1.1152994965379055e-06 1.6375881004465253e-06 0.0 2.527736413028255e-07 4.557589813676824e-07 5.930769352821054e-07 5.819649574444442e-07 1.544577834052109e-07 0.0 8.499083221534518e-08 1.1781175363665926e-06 2.3608274850510515e-07 1.374462854352237e-07 1.3040714018642154e-07 4.398568418268908e-06 3.878661359223463e-07 0.0 0.0 0.0 0.0 1.720418373910784e-07 0.0 1.8632794061202277e-06 5.113002661593896e-06 4.685601543956499e-06 0.0 0.0 8.213903395328862e-08 8.095343695271173e-08 1.6144684358014318e-07 1.9983204099932592e-07 0.0 4.2302633698559287e-07 4.658794169073369e-07 6.739443386810416e-06 1.3367457747267783e-06 0.0 2.515243018409895e-07 6.167958477493103e-07 4.261779021219999e-06 5.254500502846046e-06 8.093791105901862e-06 0.0 5.128800536965442e-07 3.203312178546979e-07 1.6193731949649217e-07 4.5851699091622367e-07 3.7515193090097574e-07 0.0 0.0 1.1025719855473008e-07 0.0 2.10392915302117e-07 2.142181258800905e-07 2.311216346483882e-07 7.745008483193428e-06 7.921270828666247e-06 9.25316336692313e-06
9.489094254864598e-06 0.0005330285100913504 0.00022145715648162352 1.0226435155512066e-05 0.0016946252837189558 1.2930265209338392e-06 0.0006795540817508311 0.00030340730084443774 0.0 0.00016271416005334338 0.0006514879996441189 6.491650922146249e-06 0.00037394307319727193 0.0004141497167022316 1.4039676702675317e-05 5.852089735093444e-06 1.8285624391918058e-07 8.964764989689972e-08 0.0 0.0 0.0 0.0 9.78713299050374e-08 0.0 0.0 9.034159692501871e-08 0.0 0.0 0.0 0.0 6.817168783646763e-05 1.9049098104326502e-05 2.6415432464331942e-06 0.0 0.0 0.0 3.053406777737065e-07 0.0 9.268950947340087e-08 0.0 0.0 0.0 1.6548657896821817e-07 5.573050909200062e-07 0.0 1.0194834756465197e-07 5.6996916238777504e-05 1.1532244959095065e-06 3.531559936942307e-07 1.701225910976389e-07 7.647609810706924e-08 0.0 0.0 2.0803105784240048e-07 2.974442000150189e-07 8.651438166620607e-08 2.2937669175985013e-06 5.696363891222864e-06 3.944208368682242e-06 7.71638945986651e-06 1.739234579815996e-07 0.0 1.1119814462518693e-07 1.5859807382377326e-05 9.67137073869572e-07 7.704027040391892e-07 4.6323802227883613e-07 1.7667470273065627e-07 0.0 0.0 1.6127473334400032e-06 1.080478565743025e-07 0.0 2.5598984541612568e-05 3.122264488849051e-05 5.783037223313985e-05 2.5165258975399194e-05 4.596044999216294e-06 6.18204291780842e-07 3.093881763082974e-07 4.12076858097534e-07 7.082377908252029e-07 1.6858284925660677e-06 0.0 8.079330688094531e-07 4.808470349404881e-07 1.0273466964688981e-07 9.570128286376458e-08 3.485509023690656e-07 0.0 9.69953722329348e-08 0.0 0.0 0.0 0.0 1.599947106845021e-05 2.70549445007637e-06 0.0 1.1504885697972997e-07 3.7648591501619717e-06 0.0 5.421643355512864e-07 0.0 0.0 0.0 8.917490701986077e-07 2.741115687798705e-06 1.8573572434772309e-07 1.591478684058837e-06 3.781009370154606e-06 6.707223453529757e-07 6.662134531503985e-06 8.851900899380145e-06 4.572386706380833e-06 8.406809439738533e-07 0.0 0.0 0.0 0.0 0.0 0.0 0.0 0.0 0.0 0.0 0.0 0.0 0.0 0.0 0.0 0.0 0.0 0.0 8.255033695666164e-08 0.0 1.3259150751751239e-06 0.0 4.533633318576481e-07 0.0 3.9234900960393073e-07 5.366767972983147e-07 3.5244426410878884e-07 0.0 1.461065865274501e-07 0.0 0.0 0.0 2.209330159998792e-07 0.0 0.0 0.0 0.0 0.0 0.0 0.0 0.0 0.0 0.0 0.0 2.3096431112979636e-07 0.0 0.0 0.0 0.0 1.5686483803173156e-07 1.19009330002935e-06 1.0499674751222505e-06 0.0 0.0 0.0 0.0 0.0 0.0 0.0 0.0 0.0 8.278271301036156e-07 9.858788749672292e-08 0.0 0.0 0.0 5.783984864698973e-07 8.430634073162972e-07 2.7508670384342482e-06 0.0 0.0 2.72055508210574e-07 0.0 0.0 0.0 0.0 0.0 0.0 0.0 0.0 0.0 0.0 2.4851425838636176e-06 3.4573557172737096e-07 3.6712490129768974e-07
0.0008989624723453131 0.0005800172573021974 2.1893083613999813e-05 0.001162514176151241 9.424225250029863e-05 0.0005213486489731354 0.002381068429305204 8.264439139022278e-06 0.00016271416005334338 0.0 2.385883859874535e-05 0.0007137118429592152 0.005318622201391881 0.0008660923093575294 9.637722833715597e-06 7.1928701336714966e-06 3.2989956748600323e-07 6.874016253780271e-08 0.0 0.0 0.0 0.0 0.0 0.0 0.0 1.3142038255550232e-07 1.559283086485415e-07 5.822852511324373e-07 1.5923716615511302e-07 0.0 6.877795145049377e-05 3.138650079936479e-06 7.849539340482637e-05 3.417902240610301e-07 0.0 0.0 5.189691850086051e-05 1.0026717109770171e-07 0.0 0.0 2.0788303891814117e-07 4.5536540900758656e-07 1.0295468935905183e-07 7.646018046200104e-07 0.0 4.340575525418041e-07 4.573323552040363e-05 1.3730398025069426e-06 4.5995560898843176e-07 3.301440666673745e-07 2.303947980756677e-07 0.0 2.9256417589757823e-07 0.0 1.132982458760865e-06 1.640333610690234e-07 5.7665190309751725e-06 1.9572147576461442e-05 4.1686151371711705e-06 7.225335276956612e-06 3.277291530530228e-07 9.686926822403044e-07 0.0 8.00889017284e-06 1.706820464044347e-06 1.1709490293028536e-06 5.397700997006485e-07 2.3655117293222517e-07 0.0 1.446683598072784e-07 1.6045681445676488e-05 1.9780820946823505e-06 0.0 2.6605160330868055e-05 2.5594432095123065e-05 3.532525926348376e-05 1.4133491860406762e-05 4.0858679261799225e-06 1.9473051003198518e-06 2.2761960577670005e-06 1.8176295568247962e-06 5.270266231443181e-07 3.1047301533440234e-06 0.0 1.1155726362989129e-06 1.3110935193060503e-06 1.4360913756732082e-07 8.631829832246824e-08 5.354527759171944e-07 0.0 0.0 1.3703469490790572e-07 5.212839233636803e-07 4.220665580967361e-07 5.133310509778846e-07 0.00039136751632371034 3.154553451038169e-05 2.1657659694667656e-07 4.776318543325642e-07 7.19842058615703e-05 0.0 9.186418860167159e-06 3.1181307339296282e-06 5.836369171716008e-07 4.522436672923784e-06 4.7741609971865575e-05 8.850426338418774e-05 1.1184453694988793e-05 6.924990945105698e-05 5.636242798843571e-05 1.4958285125696904e-05 0.00018763834078330894 0.00019461180264844792 9.45892092101809e-05 3.005282429483061e-05 3.42835293733471e-07 1.7516062559642907e-07 1.264452519064649e-07 0.0 0.0 0.0 0.0 0.0 0.0 0.0 0.0 0.0 1.2749635159497522e-06 0.0 3.368053096110853e-07 0.0 0.0 0.0 1.4915157692024165e-06 1.9790875020239287e-06 9.049533230451203e-06 0.0 6.609334329087233e-07 0.0 3.0134881352512455e-06 4.199301825054599e-06 7.969449578846683e-06 4.369518644138446e-07 9.649219734234674e-07 0.0 0.0 2.9826845928444897e-07 1.855324129714781e-07 0.0 0.0 0.0 1.0671102197863702e-06 1.3867842138101512e-06 0.0 0.0 0.0 8.148338830935882e-07 0.0 0.0 0.0 0.0 7.229259196102272e-07 4.869536521810018e-07 0.0 3.799269592604658e-06 4.278225015497535e-06 1.5726738018049937e-05 5.004438284225889e-07 2.0470669800312587e-07 2.790215425095747e-07 2.7418092514615633e-07 0.0 0.0 0.0 0.0 0.0 1.5728736381348923e-05 3.5339117630110517e-07 0.0 0.0 0.0 2.0489081611775894e-05 1.8653316210567597e-05 2.5668146757354582e-05 1.8080310730866962e-06 3.795301897938367e-06 1.3057092101361226e-06 7.262647514880685e-07 0.0 0.0 0.0 0.0 0.0 1.0417731305432827e-07 0.0 0.0 0.0 4.519022798893643e-05 6.55841053189611e-06 4.39038527913702e-06
0.00020279664123054657 0.0007438236750105813 0.000550454919019001 1.716063772647856e-05 0.0004617725481683174 2.799713994262948e-06 0.0002372503742447968 0.0007389554963046282 0.0006514879996441189 2.385883859874535e-05 0.0 3.453773558673251e-05 0.0007107780487862358 0.0016249462808402286 6.60208596544247e-05 7.529697815041538e-05 4.522144093349382e-06 1.7772675204686282e-06 2.934943877407537e-07 1.8415755413275936e-06 6.0695828785091306e-06 1.6467668790926368e-07 2.119603480950888e-06 4.911387708571734e-07 6.834052821453237e-07 4.3742362731343754e-07 3.5776094045874555e-06 1.710045676043243e-06 9.095779747840015e-07 1.0720580276738526e-06 0.00040119942655229666 7.406093877155945e-05 0.00016719954861103365 1.4435056438289664e-06 2.741942582704297e-06 1.140852795800884e-06 7.608464095680892e-05 7.158746248773919e-06 4.234767136944186e-06 1.3023198618984942e-06 3.2639736450259277e-06 1.4682504097849516e-06 2.2469764368527855e-06 1.3104609786071374e-05 6.004734807813627e-07 3.7853488013347227e-06 0.0001375530487066926 3.821011670128266e-06 4.89993577360295e-06 6.498988537216939e-06 2.5414836596370313e-06 0.0 1.430213084392157e-06 8.787436673151264e-07 1.035780979779998e-06 2.596379879665986e-07 5.088347083968304e-06 2.6188117103615034e-05 4.829635617954253e-06 1.8655195778556625e-05 1.041544299020883e-05 2.030493115069912e-05 2.661997723843336e-06 5.851155227163323e-05 7.79164948343483e-07 1.7866827156785457e-06 8.183417111635123e-07 9.65923722821523e-07 6.640493530627222e-06 7.697344991896048e-06 7.370792576112705e-05 4.8777322720616065e-06 0.0 4.9399373491760034e-05 6.562803665361061e-05 0.0001509650432900778 0.00010805759375639698 4.719785276963235e-05 7.249026658207402e-05 0.0001036687912486567 1.595668734569343e-05 8.10902637278735e-05 3.551198772814592e-06 0.0 1.64567363318585e-06 7.139231774994637e-07 2.703246140614614e-06 1.0941770850298953e-07 3.4726773890980673e-07 0.0 4.0182135019792297e-07 0.0 1.042908341368525e-05 1.8269024676158027e-06 2.2309471685996976e-07 0.00012519399219998844 4.2593020910867354e-05 7.146939413415647e-07 5.5501207068611944e-06 1.6396578104164356e-05 2.1575823990489606e-07 0.0 9.153769653636564e-07 0.0 1.1698482119321808e-06 1.4972910071095003e-06 4.006084903366134e-06 2.033958443906049e-07 2.3396928857224816e-06 5.160217312039524e-06 1.4417021019630746e-06 8.939768033287085e-06 2.010369431562501e-05 1.0294223909302524e-05 3.604482542586237e-06 2.452132470887792e-07 0.0 9.0695978174051e-08 0.0 0.0 0.0 0.0 1.3033961199321948e-07 1.155619115125405e-07 0.0 0.0 0.0 6.932978469717614e-07 1.1263316864808197e-07 4.1025211134069623e-07 1.3940505828432937e-07 1.5032101667246273e-07 5.399899357169568e-07 6.705286660288895e-07 5.765480941745176e-07 2.2044886720767613e-06 5.152659433659996e-07 1.8317164251200944e-06 1.0797870706552145e-07 1.553083031949541e-06 2.3377769619279628e-06 5.277207666471329e-06 5.158150821539121e-07 2.5610565087639324e-06 0.0 1.231383431732987e-07 1.1259301912386831e-07 4.2982545564772425e-07 7.428760480736716e-07 2.3503332603960747e-07 0.0 0.0 1.12297732032317e-07 0.0 4.26461137966866e-07 0.0 2.5816288310576563e-06 6.43924858098844e-07 0.0 0.0 0.0 1.2984332170375982e-07 1.002026099918769e-06 0.0 1.047755848923815e-06 1.6575455208366868e-06 3.7319209980401684e-06 1.072304819060008e-07 1.197268316315733e-07 0.0 9.861269442375847e-08 0.0 0.0 9.136316950172919e-08 2.4660230721434984e-07 1.1392038140290006e-07 4.278346278721353e-06 1.3590479129548217e-06 5.498932507442282e-07 0.0 2.688138274790496e-07 5.744474562122538e-06 5.484214252537239e-06 8.571658218715677e-06 1.414027746544348e-07 8.593107225478142e-07 3.560129474203572e-07 1.6990954384114406e-07 1.331748856152128e-07 1.3228390481698214e-07 0.0 0.0 0.0 0.0 1.4198477103984374e-07 0.0 0.0 8.671867533606215e-06 5.108848092336884e-06 3.2102712403903126e-06
5.488696878628761e-06 8.018814301406181e-06 9.380828910386205e-07 0.00013192301760391002 1.204571200889896e-06 2.409734031814714e-05 7.39968714721367e-05 6.6347638093579924e-06 6.491650922146249e-06 0.0007137118429592152 3.453773558673251e-05 0.0 0.001164831292481091 0.00019197152037820955 4.845221156093713e-05 6.707500649774423e-05 3.876547555060549e-06 7.201866869726519e-07 0.0 5.216906259839326e-07 2.2535695366215235e-06 0.0 9.416230855193016e-07 4.127249210960911e-07 5.277677129179362e-06 2.4298281203227276e-07 3.7818498905004837e-06 1.99533704556602e-06 6.567101534156245e-07 2.5983494027159254e-06 4.477720613547287e-06 2.6572024234483648e-06 0.0002242870100536232 3.204873034229708e-07 2.0823425740377802e-06 2.7787339071077287e-06 0.00018860860679657658 1.4190538695650368e-05 1.899796736177594e-05 2.0550639953293946e-06 2.010429744502037e-06 1.4804564082466965e-06 7.1170434722885e-07 6.212464612442616e-06 3.27526736195718e-07 1.7271620563589577e-06 6.163831471399611e-05 1.8782733325943502e-06 2.23256696269777e-06 3.6960789618949884e-06 1.402856155408749e-06 0.0 4.897660261181283e-06 6.756077605443859e-07 0.0 0.0 1.1221357616963808e-06 1.1965511437422772e-06 7.074872495005694e-07 1.8381631432537046e-06 5.367420508576407e-06 6.036101969832316e-05 4.0044507690113024e-07 1.4056075039858969e-05 3.072646282783578e-07 2.9288982871243574e-07 1.00014168395656e-06 1.301682597021428e-06 5.504724150187787e-06 6.361203856065349e-06 0.00019628361017160953 8.07180228091937e-06 1.3720767250794937e-07 4.321541568045123e-06 7.59880266097106e-06 4.006473234803654e-05 3.602958511532767e-05 2.1871763314136634e-05 4.358543543672175e-06 6.475689244383216e-05 5.542078606211123e-06 2.588946489570528e-05 2.65186489282694e-07 0.0 2.8754255422398383e-07 0.0 6.67242115588387e-07 0.0 1.6504935088913447e-07 0.0 8.1354628697351e-08 0.0 9.937084890324987e-06 9.392537284766856e-07 1.4592400882235266e-07 0.0006772797701809074 9.065700388000231e-05 1.5252445482788564e-06 8.777093869787229e-06 4.461263062404517e-06 1.1606764217152887e-07 9.290241775998903e-07 3.1823231701626875e-07 0.0 1.3340725607816929e-06 7.145414154794668e-06 1.5278276370446925e-05 1.560830819894765e-06 7.279762968730355e-06 6.432133609285911e-06 2.1344688762348037e-06 2.144162731665472e-05 2.7903170320645344e-05 1.5962981468479992e-05 4.968349891973859e-06 0.0 1.4347577437748188e-07 0.0 1.253917002776455e-07 0.0 0.0 0.0 0.0 0.0 0.0 0.0 0.0 2.664028433586134e-07 0.0 1.1173820803924538e-06 2.009929109406297e-07 0.0 2.337395002340535e-07 2.8798385555895564e-07 0.0 1.1779808426910564e-06 1.4040955513341523e-07 0.0 0.0 2.4421196092374625e-06 2.029232005495915e-06 2.8721539749915837e-06 2.540003702010949e-07 3.92721528821829e-07 0.0 1.5193739642368884e-07 0.0 0.0 1.1289468764964412e-07 0.0 0.0 0.0 0.0 0.0 0.0 0.0 1.041585161764216e-06 5.150979974349941e-07 0.0 0.0 0.0 0.0 0.0 0.0 4.6045224270927024e-07 8.371017899986199e-07 2.3113436237502177e-06 0.0 0.0 0.0 0.0 0.0 0.0 0.0 1.2293166936425206e-07 2.70417652018009e-07 4.583716850998567e-06 7.732813618297777e-07 0.0 0.0 0.0 3.3664070374990782e-06 5.133608568281755e-06 4.990361455308338e-06 3.8293831893581973e-07 0.0 0.0 0.0 0.0 1.3819143568588772e-07 0.0 0.0 1.2812855285589787e-07 1.1240913158746569e-07 1.159357245881914e-07 4.201337183101175e-07 0.0 8.490190792777334e-06 1.1131820104711404e-06 2.253044797435058e-06
