0.0 0.0020141341586508974 0.0010883813208893247 0.0009150478195085706 0.000274283516720025 7.868401746155519e-05 0.0004927814696825501 0.00017749940933214087 4.5147197258908724e-05 0.0013704239562603293 5.664249136475174e-05 0.00029567320267594004 0.0004681291469159324 0.00032960066722839557 2.66330986114573e-06 2.2464295343206854e-06 2.8922245237717926e-07 1.4308712384134754e-07 1.009194357438764e-07 2.375196648678536e-07 0.0 1.0253021701950805e-07 0.0 0.0 4.898464526747201e-07 3.8523253446639884e-07 0.0 0.0 1.943417315306147e-07 0.0 0.0005959255854521388 9.822383974109305e-06 0.00010513328505114634 0.0 1.878171607610787e-07 8.480701966108243e-07 5.922932878062525e-05 6.881227393201905e-06 1.4912473606676389e-05 1.691181405040979e-06 2.6123439317011023e-07 0.0 6.244647019493304e-08 1.7689035108302976e-07 0.0 0.0 1.325354721237023e-05 6.88632998024564e-07 0.0 1.8334947607480123e-07 1.2797085263147605e-07 0.0 1.2128125949587058e-06 3.2094428781027516e-07 4.023523908065909e-06 4.883786191769846e-06 0.00014375127116678164 0.0006046139289333831 9.426733996928352e-06 4.67867495136584e-06 2.711369355546876e-07 4.693289521154011e-06 9.380650463125633e-08 7.465352276930262e-05 2.6601171029681372e-06 4.439222340964426e-06 5.080434085257312e-07 7.431699381195286e-07 1.431335515299669e-07 4.836032375852931e-07 6.971927759134566e-05 1.503334679639967e-06 0.0 6.408401969112759e-05 5.774974853462183e-05 7.96164035018059e-06 2.5764683843993984e-06 2.542548287655891e-07 3.776613800162488e-07 1.7111774041012956e-05 2.380361314606586e-07 6.480455204961575e-07 7.708460503612856e-06 9.72798039179624e-07 9.294131476465631e-07 1.6824656497251923e-06 5.721196838017288e-08 9.166463449890832e-08 2.860487580190332e-07 0.0 0.0 0.0 6.423617470503901e-07 0.0 7.250829693599636e-08 4.631034236202276e-05 3.930788990157624e-06 9.060679544783238e-08 2.1079086491100522e-05 0.0006515016940879071 1.509428179438501e-07 2.907973044981633e-06 7.558530771903758e-07 2.77016503286418e-07 6.009564745398803e-07 1.0802835756663626e-05 1.6363282799250093e-07 1.979145651050967e-06 2.8423886300917677e-06 4.809858317665166e-06 5.91309204414682e-07 5.487701594023066e-06 4.65247066544877e-06 2.3527687653447977e-06 2.6065252481495602e-06 0.0 8.129132724160878e-08 0.0 0.0 0.0 0.0 0.0 0.0 0.0 0.0 1.2662366081381244e-07 0.0 0.0 0.0 0.0 0.0 1.0532399546519152e-07 0.0 0.0 0.0 1.9260387146334338e-07 0.0 8.294845046154451e-08 0.0 1.0540947397316614e-06 0.0 5.578602498188845e-07 3.2505206359100547e-07 0.0 0.0 0.0 6.33763215646265e-08 0.0 0.0 0.0 0.0 0.0 7.470690122366914e-08 0.0 0.0 0.0 2.1197058556211583e-07 0.0 0.0 0.0 0.0 5.189008396200849e-07 4.882403987690081e-07 0.0 0.0 0.0 3.628085382082902e-07 0.0 0.0 0.0 0.0 0.0 0.0 0.0 0.0 0.0 4.893261721747682e-06 1.0702658032112703e-07 0.0 0.0 0.0 1.6378666129704556e-06 0.0 0.0 0.0 0.0 6.802440085782966e-08 0.0 0.0 0.0 0.0 0.0 0.0 0.0 0.0 0.0 0.0 3.55796926008463e-06 9.777990192096662e-08 3.5520441792703096e-07
0.0020141341586508974 0.0 0.0006454067700362809 0.0014284697031461192 0.0012018607978952127 9.170304459100894e-05 0.0019101295018371196 0.00024132362997278845 0.001870036214099668 0.0021565966530583173 0.000872801224267425 0.00030553765944777117 0.0020769921760191486 0.0019460139223607168 1.3749017440335126e-05 4.403866730042155e-06 6.860492702863427e-07 1.392273949323559e-07 7.180609672356308e-08 9.530160539290248e-08 3.427181306553694e-07 2.1483085014992336e-07 0.0 0.0 5.300756790210094e-07 2.1714883338971722e-07 8.359001801044833e-08 0.0 2.845215831671576e-07 8.932662138704812e-08 0.000842389193992608 1.334171665134244e-05 7.740306932967331e-05 0.0 0.0 3.401632758862712e-07 4.7496674168512534e-05 4.477700256818509e-06 9.543444888918907e-06 9.793612634865206e-07 8.230677315991699e-07 7.994898855219411e-08 5.797739416423182e-07 4.848477134294523e-07 0.0 3.2755597480420914e-07 8.638028075056483e-05 2.288669350536231e-06 2.0595991477221186e-07 5.0380581585155766e-08 1.397510468987874e-07 0.0 8.916416449089414e-07 6.962957445523733e-08 9.172477047420033e-06 9.452006590831092e-06 0.0001454368263385287 0.0005378227682189967 3.167813738617433e-05 2.3971913225780476e-05 7.36436888621645e-07 2.654275485670381e-06 1.5664073348536295e-07 0.00014434834275503034 5.912748409512326e-06 1.233337642732662e-05 2.2326819195887535e-06 1.4829782989371112e-06 3.7228148442408974e-07 2.4142583289804e-07 6.586791985984785e-05 1.911613851284836e-06 2.0044526341404518e-07 0.00017987224571419956 0.00015701187544498485 3.686794412483027e-05 1.4377947883432916e-05 3.580809967999062e-07 5.094020957979397e-07 1.3516088120254802e-05 0.0 1.011385570566453e-06 1.7551545876401134e-05 1.795416699217855e-06 1.957343626907561e-06 2.3514114442653475e-06 1.3066484755924018e-07 1.491063747790744e-07 4.2559217791633893e-07 0.0 0.0 1.1049580675285377e-07 4.61642712216814e-07 0.0 0.0 7.277225648357842e-05 1.089506385707273e-05 0.0 2.2909393838399932e-05 0.0007191231532491132 1.7962756571876154e-06 1.4617772509837208e-06 2.607305841531376e-06 2.2046267397316274e-06 7.1262218644908905e-06 2.513064795570861e-05 3.9688757061473435e-07 2.2142371432309967e-05 2.4461367198142388e-05 2.2313685939175107e-05 9.499285760515941e-06 4.173285170487463e-05 2.8556359747604355e-05 1.4656640059292822e-05 2.64248875311321e-05 2.4235518695070445e-07 0.0 0.0 3.51975338457455e-07 0.0 0.0 0.0 7.729654531964964e-08 0.0 8.496116678982135e-08 0.0 0.0 0.0 0.0 9.047731581536282e-08 0.0 0.0 1.2541488318627818e-07 0.0 8.500632088954338e-07 2.192327575137502e-06 0.0 0.0 0.0 6.886871598504281e-06 6.283957815612704e-07 1.0247215068333712e-05 2.0703954316870506e-06 6.549866485822502e-07 7.265040956426114e-08 0.0 0.0 0.0 8.337701198225037e-08 8.644534944197933e-08 0.0 9.382870669264492e-08 4.209762070110913e-07 0.0 0.0 0.0 6.799999230939272e-07 2.0681991882261938e-07 0.0 0.0 0.0 2.646925139981126e-06 1.3978428368193294e-06 0.0 0.0 0.0 2.9253759170118794e-06 1.5174982057479455e-07 1.009305710722968e-07 8.016321786595781e-08 0.0 0.0 0.0 0.0 0.0 0.0 2.0273247776357788e-05 5.161004988761331e-07 0.0 0.0 0.0 7.52698172841496e-06 0.0 5.931519297796291e-07 4.6348575197758415e-07 2.3680216043838745e-06 6.168443531273189e-07 0.0 0.0 0.0 0.0 0.0 0.0 0.0 0.0 0.0 0.0 3.430525528634584e-05 4.190350780400733e-06 1.9729194019034044e-06
0.0010883813208893247 0.0006454067700362809 0.0 6.438114275619595e-05 0.000613713707868818 9.796159458250097e-06 8.462240336419491e-05 0.0012871068820639606 0.0007963440967198221 0.00014728333736072896 0.0009289043013739986 0.0001202231420844494 0.0003987403720742767 0.002294512944914977 2.219714183131048e-05 1.1814538489736284e-05 1.606130492534422e-06 2.66148060335458e-06 3.3866081254608005e-07 2.132989222048334e-06 1.312011989447299e-05 2.0730037851926416e-07 4.6558194325500025e-07 1.392081476200744e-06 6.1034099550140104e-06 3.380416356960586e-06 3.7483102304563616e-07 1.5632170289634558e-06 9.709640082882531e-07 8.632424988726347e-08 0.003789059066381916 0.00032845489651876645 0.0003178386727064836 1.2085695432297883e-06 9.564796212359389e-07 3.148932080110608e-06 7.795533412269127e-05 2.4777725382650597e-05 2.8880986770907876e-05 5.442542092409174e-06 9.210688675728357e-06 5.753828094807873e-07 7.1279514016432855e-06 1.6715579724620415e-06 1.341856583427117e-06 4.844627048762866e-06 8.126595124006172e-05 2.591543584082216e-06 5.80288750511693e-07 4.963594651105467e-06 3.2433641866992496e-07 7.263447026766594e-07 3.840054144149245e-06 4.944047576697494e-07 9.630229482886435e-06 8.681252249159732e-06 0.0001546199109866896 0.0010061769718749931 2.783647373833975e-05 2.1181148058273757e-05 1.0977917188507111e-05 4.823415890411438e-05 2.658895492274738e-06 0.0012353961803200299 7.137049548024105e-06 1.296284853441336e-05 2.4582941684904645e-06 3.4137871298896447e-06 3.753062054654853e-06 1.1316282297490978e-05 9.102976709655038e-05 3.209955874908929e-06 0.0 0.00015664676416315978 0.0002848261282201488 5.0063516393037175e-05 2.1509416665515428e-05 3.1615964297438178e-06 6.39518276572839e-05 0.0003119081740575706 8.929109197239867e-06 0.00011647636748323437 1.8043250768515663e-05 1.446272769527948e-06 1.7224871976234104e-06 2.837448768609709e-06 2.549541554002006e-06 2.747353558044994e-07 3.421210529735579e-07 9.483755715821624e-08 2.1651785812190315e-07 0.0 9.402066614984808e-06 9.42071843871247e-07 5.909384002647974e-07 7.468948107130122e-05 1.3502574758992416e-05 3.7515172393391653e-07 3.572021754735401e-05 0.0008480658494654971 5.935746263891649e-07 9.49352942451424e-08 2.541962002325238e-06 0.0 4.233235005160165e-06 8.002731284031013e-06 3.706680507909698e-07 1.6076149335627838e-05 7.678593740726118e-06 1.0979773135645481e-05 5.997404275092905e-06 2.157099149329822e-05 2.156873903586422e-05 1.197074691181621e-05 2.164129388624716e-05 3.419607682667262e-07 3.802354529445613e-07 4.929766346509687e-07 8.088020039835785e-08 0.0 1.087305782433795e-06 0.0 0.0 0.0 0.0 0.0 0.0 1.7441428962345244e-07 0.0 0.0 0.0 8.404839568774605e-08 0.0 0.0 5.483992677932204e-07 1.4460540929423618e-06 0.0 0.0 0.0 5.511920293113238e-06 1.095108057827833e-06 8.930680907689132e-06 6.231526081380843e-07 5.972314156525809e-07 0.0 0.0 1.135262966717863e-07 0.0 9.151334722890083e-08 0.0 0.0 7.6931571783209e-08 6.143878756693681e-07 0.0 2.400650134505231e-07 0.0 8.804080592194245e-07 2.958585250543993e-07 1.5424253358041325e-07 2.919748334674106e-07 0.0 1.3629542180199047e-06 1.2793318343885552e-06 0.0 7.090268890072424e-08 6.950603976196552e-08 2.7719661779524686e-06 0.0 0.0 1.914885151255292e-07 0.0 6.09900629846615e-08 0.0 0.0 0.0 9.243955732333563e-08 1.5710978758750524e-05 4.157303297838278e-07 9.415080807140938e-08 0.0 0.0 7.071158597206855e-06 1.5481341923202843e-07 6.041169928549006e-07 0.0 5.968025626012028e-07 8.313536163643697e-08 9.590843506151335e-08 7.299490735819567e-08 0.0 0.0 0.0 0.0 0.0 0.0 0.0 0.0 2.2609701936522795e-05 3.3255108363516475e-06 2.7089277918835084e-06
0.0009150478195085706 0.0014284697031461192 6.438114275619595e-05 0.0 0.0002753663496731136 0.00021975936610423109 0.001268701119655503 1.328557537222807e-06 1.46335182186335e-05 0.001000143061443173 1.1943212868758935e-05 0.0004896393864296283 0.0010013358096511201 1.0885047177571845e-05 2.4046516502140894e-07 0.0 0.0 0.0 0.0 0.0 0.0 0.0 0.0 0.0 0.0 0.0 0.0 0.0 0.0 0.0 6.183385012696214e-05 5.927970969375509e-07 6.005682414288284e-07 0.0 0.0 0.0 3.251413462884379e-07 0.0 0.0 0.0 0.0 0.0 0.0 0.0 0.0 0.0 5.390293376560289e-06 1.5841117067618053e-07 7.018510044182907e-08 0.0 0.0 0.0 0.0 0.0 6.295768980726721e-07 1.137702461085086e-06 2.6405372153539368e-05 0.00011432145568625154 3.3890557026588183e-06 1.6209350660091252e-06 0.0 8.812473188618046e-08 0.0 1.2110285307096637e-05 6.257660891537327e-07 1.4240748810294235e-06 6.681219345768128e-08 6.613197808770432e-08 0.0 0.0 3.94016399350014e-07 0.0 0.0 2.1314361369792454e-05 1.5984496762495954e-05 2.277444962353608e-06 1.4848896426194907e-07 0.0 1.34436168362816e-07 3.767673011749203e-07 0.0 0.0 1.891224887742147e-06 9.181251486145247e-08 2.8852956399739327e-07 1.5204106543260768e-07 7.775550034200399e-08 0.0 7.808975454839782e-08 0.0 0.0 0.0 8.332200986209576e-08 0.0 0.0 1.959705636995144e-06 0.0 0.0 2.7777929614836685e-07 0.00027287214340737794 0.0 1.6701076302330093e-06 2.0143978543289234e-06 1.2021098043087194e-05 0.0 1.9332615265145483e-05 4.477285648756055e-06 1.9365012245601376e-06 3.6507136041513168e-06 2.700607517931565e-06 1.0722760501032648e-06 3.3761744942195073e-06 1.3179854632099454e-06 2.2495546859637662e-06 1.6816899952159405e-07 0.0 0.0 0.0 0.0 0.0 0.0 0.0 0.0 0.0 0.0 0.0 0.0 0.0 0.0 0.0 0.0 0.0 0.0 0.0 0.0 0.0 0.0 0.0 0.0 9.908878317853078e-08 0.0 0.0 0.0 0.0 0.0 0.0 0.0 0.0 0.0 0.0 0.0 0.0 0.0 0.0 0.0 0.0 1.3271417099388476e-07 0.0 0.0 6.692542740053545e-08 0.0 1.3113798469135384e-07 0.0 0.0 0.0 0.0 0.0 0.0 0.0 2.3827432916870706e-07 0.0 0.0 0.0 0.0 0.0 0.0 5.505046165635161e-07 0.0 0.0 0.0 0.0 5.697782923638437e-07 0.0 0.0 0.0 0.0 0.0 0.0 0.0 0.0 0.0 0.0 0.0 0.0 0.0 0.0 0.0 8.581443019378466e-07 0.0 0.0
0.000274283516720025 0.0012018607978952127 0.000613713707868818 0.0002753663496731136 0.0 1.3280214751957997e-05 0.0014800975409320358 6.59363875302346e-05 0.0013140393980983086 0.0021811100586186377 0.0003122837029478827 9.428821412560905e-05 0.0015541122544784638 0.001077431727551913 1.0711692350425166e-05 1.278840176484325e-06 1.6148674495612523e-07 0.0 8.541141590602362e-08 0.0 8.41236334663238e-08 0.0 0.0 8.368920703444786e-08 0.0 0.0 0.0 0.0 0.0 0.0 5.7577115680326715e-05 3.499978390343797e-06 6.271352469501032e-06 0.0 0.0 0.0 4.5222830421673415e-06 0.0 5.169874723718628e-07 0.0 0.0 1.1101980741283434e-07 5.567860278872886e-08 0.0 0.0 1.251097591819534e-07 5.315626092068456e-05 8.765190686337472e-07 7.387140289858928e-08 6.150595223240975e-08 7.63571706146644e-08 0.0 1.0042920691156922e-07 0.0 2.3960339177996136e-06 2.4848497717326836e-06 3.1765220450387306e-05 8.887952030478857e-05 1.1449689276836625e-05 1.0009412664444134e-05 6.925338441909108e-07 0.0 0.0 3.860590923460426e-05 1.6937114568377897e-06 4.206068296466143e-06 5.16723322717701e-07 3.150232141136266e-07 6.608150898368799e-08 6.973890417359911e-08 3.789103892195236e-05 1.5284506472599975e-06 0.0 6.73649394763784e-05 5.193860635567049e-05 1.770144634071726e-05 7.918583825077602e-06 2.5641311607618334e-07 7.995272700434348e-08 1.4448261771836402e-06 0.0 1.2091681242952621e-06 6.8351667645639625e-06 4.929042035696469e-07 7.910049310379316e-07 5.566703759547414e-07 0.0 8.399888120377395e-08 1.527964385531347e-07 0.0 9.107780040463762e-08 0.0 0.0 0.0 0.0 4.15735972674384e-05 1.517837782961437e-05 0.0 1.3638219407735804e-05 3.429738446122982e-05 3.424227060479973e-06 3.1754687681568605e-06 2.8269321368711544e-06 5.746912815774715e-07 1.481231133325109e-05 4.7784869346828915e-05 2.5538219616709784e-06 3.983931590494056e-05 1.7208361656796374e-05 2.8729027345496058e-05 1.687919935942093e-05 5.672020520478906e-05 5.184146105886002e-05 2.671401814563125e-05 3.736691865436815e-05 3.016377319231538e-07 5.928526135235976e-07 0.0 0.0 0.0 0.0 0.0 0.0 0.0 0.0 0.0 0.0 1.2966907024361624e-07 0.0 5.367665023017258e-07 0.0 0.0 0.0 0.0 6.719868881727533e-07 2.0725059651302817e-06 0.0 0.0 1.7875978294406525e-07 1.1771461734691156e-05 1.7992020763728613e-06 1.5602145179862517e-05 2.8807716555701946e-07 1.1962176858957365e-07 0.0 0.0 0.0 0.0 0.0 9.181279953257941e-07 0.0 0.0 9.790667489121492e-07 0.0 0.0 0.0 2.78316015548458e-06 1.3979804621617578e-07 2.515949600753351e-07 3.165490342053196e-07 0.0 2.120193506407717e-06 2.020661396537377e-06 3.903401346944377e-07 8.930626682984106e-07 0.0 7.046723159352625e-06 6.914703174335832e-07 3.3013780473491717e-07 6.070531525943703e-07 0.0 0.0 0.0 0.0 0.0 9.259736116130989e-08 2.12779221507942e-05 0.0 0.0 8.10606464518728e-08 0.0 9.393402855021848e-06 0.0 4.963509764233267e-07 3.0952764372376966e-07 4.2656869705873477e-07 1.0085449642920123e-06 0.0 6.824477403760274e-07 0.0 0.0 0.0 0.0 0.0 0.0 0.0 0.0 5.4086297852509025e-05 6.1653534719202375e-06 3.4135156691035273e-06
7.868401746155519e-05 9.170304459100894e-05 9.796159458250097e-06 0.00021975936610423109 1.3280214751957997e-05 0.0 3.576441135075811e-05 1.0322479056090515e-06 4.999655623347263e-06 0.00047461026751393 4.802377263341588e-06 5.909290719692416e-05 5.514697070176073e-05 1.1423203412304223e-05 0.0 8.671267735209681e-08 0.0 0.0 0.0 1.1931602722617828e-07 0.0 1.1924294677457484e-06 0.0 0.0 0.0 0.0 0.0 0.0 0.0 0.0 1.5454928832729027e-05 1.5660250295329123e-07 2.1827670611105775e-06 0.0 0.0 4.37398503621197e-06 3.6481235884966356e-06 5.180723323148501e-07 3.3042557866284474e-06 5.984603374779352e-07 1.1430181399013336e-07 0.0 0.0 0.0 0.0 0.0 0.0 0.0 0.0 0.0 0.0 5.755289400876695e-06 3.8776618180816663e-07 3.23170970503082e-07 0.0 0.0 0.00018623320114758343 2.4157666772387685e-05 6.680276158299254e-08 0.0 5.337774783336975e-07 2.6283157425406955e-06 1.4582244181282378e-07 0.0 0.0 1.027467614297863e-07 0.0 0.0 0.0 0.0 4.611824375322835e-05 8.729149842287891e-05 6.754210766190833e-06 0.0 0.0 4.803085008353081e-07 1.1540983633084114e-07 0.0 0.0 2.5992113094966034e-06 0.0 1.1876922886763184e-06 0.0 7.639749788106086e-07 0.0 6.674240901755994e-08 1.0390103997048269e-07 2.6254511907371205e-06 8.909301385801479e-08 3.9502489483411976e-06 0.0 3.031387261774086e-07 0.0 0.0 2.8501931748520197e-07 0.00014661675541692107 0.00020713372458749707 5.038380774360233e-06 2.238255469288765e-05 0.00013032934942004958 0.0 0.0 0.0 0.0 0.0 0.0 0.0 1.5797776174351342e-07 1.571760638275454e-07 3.4598399443623146e-07 0.0 8.620891235053937e-07 3.0114298150728377e-07 1.3653699554954882e-07 0.0 0.0 0.0 0.0 0.0 0.0 0.0 0.0 0.0 0.0 0.0 0.0 0.0 0.0 0.0 0.0 0.0 1.3239048048714242e-07 0.0 0.0 0.0 0.0 0.0 0.0 9.782559792476168e-08 1.1895797039784277e-07 0.0 0.0 0.0 0.0 0.0 0.0 0.0 0.0 0.0 0.0 0.0 0.0 0.0 0.0 0.0 0.0 2.0173497795898426e-07 0.0 0.0 0.0 0.0 0.0 0.0 0.0 0.0 0.0 8.847921031842204e-08 0.0 0.0 0.0 0.0 0.0 0.0 0.0 0.0 0.0 3.665197008002148e-07 5.012357157431897e-07 0.0 0.0 0.0 6.366111616341003e-07 0.0 0.0 0.0 0.0 0.0 0.0 0.0 0.0 0.0 0.0 0.0 0.0 0.0 0.0 0.0 8.004010274820247e-07 0.0 0.0
0.0004927814696825501 0.0019101295018371196 8.462240336419491e-05 0.001268701119655503 0.0014800975409320358 3.576441135075811e-05 0.0 3.129319159784733e-06 0.00019602384717204468 0.0023698013369044175 6.870593890246638e-05 0.0001576512932409957 0.0008150697013615538 0.00046207988806874317 4.334359752809008e-06 8.641434829894934e-07 0.0 0.0 0.0 0.0 6.858129875346705e-08 0.0 0.0 0.0 0.0 0.0 0.0 0.0 1.8410550656841268e-07 9.518076878742048e-08 3.0152388187881242e-05 2.4082419133213677e-06 2.967041434952059e-06 8.352709311555521e-08 0.0 0.0 4.0235978425308935e-06 4.093193187855442e-07 3.8383211829405233e-07 3.014143279676474e-07 0.0 1.2674202226672476e-07 0.0 7.692841639240404e-08 0.0 1.7592736810988418e-07 2.6877124109103637e-05 4.3808771985777085e-07 0.0 0.0 6.505366901041e-08 0.0 0.0 1.1676162404380753e-07 2.4045214217479323e-06 1.3912372719695115e-06 2.219756159546444e-05 7.901793316082451e-05 7.304502022316314e-06 6.256951986119434e-06 1.3936440863200103e-07 2.0706801714094723e-07 1.0281026938602383e-07 2.048494353424034e-05 7.247077065056806e-07 1.6674086164046537e-06 1.939793474724978e-07 3.6441433488105605e-07 6.937371341822625e-08 0.0 1.814956000617827e-05 1.705796929449193e-06 0.0 3.876091660176134e-05 2.923128848322284e-05 1.0919266744911151e-05 3.75552346526908e-06 0.0 6.510776795710956e-08 3.007026501502239e-07 0.0 7.23315721857677e-08 3.0554081658776022e-06 3.046009640011241e-07 4.284245813179447e-07 5.39432784666768e-07 0.0 9.108669494828348e-08 1.481787641941555e-07 0.0 0.0 0.0 0.0 0.0 0.0 4.024762138294139e-05 6.2223241615132965e-06 0.0 2.8325548432155275e-06 4.21241720571496e-05 9.318756066279524e-06 3.068971576096862e-05 0.0002476579054222263 4.823712294218891e-05 6.579277780622376e-06 5.382837682547048e-05 9.420389283434697e-06 3.971902328997653e-05 2.7127157207893394e-05 6.244494320300237e-05 1.4927364930533078e-05 3.7438978805781824e-05 3.475721036001379e-05 1.560928011296645e-05 2.115991353002336e-05 6.931753031303486e-07 2.5250397557639796e-07 2.0164807323723096e-07 0.0 0.0 0.0 0.0 0.0 0.0 0.0 0.0 0.0 0.0 0.0 0.0 0.0 0.0 0.0 0.0 3.553821435992342e-06 1.7994912405019552e-06 0.0 0.0 0.0 4.577152264349447e-06 1.8757153416554806e-06 9.70572183633646e-06 6.173113509664533e-07 2.29141896494322e-07 0.0 0.0 0.0 0.0 7.090007084096215e-08 0.0 0.0 1.0685596628243914e-06 3.684220333266798e-06 0.0 8.81643514761609e-08 0.0 0.0 0.0 7.193589303837067e-07 3.543222632618242e-07 6.544718968757522e-08 8.30982619289776e-06 6.107159411017171e-06 4.5837435041823136e-07 0.0 0.0 3.850297846015745e-06 6.397371078411706e-07 6.550342138121199e-07 9.775804283683944e-07 0.0 7.687024744886908e-08 8.032765831394041e-08 6.630523876759273e-08 0.0 0.0 1.4838964736459397e-05 6.471470915598969e-07 0.0 0.0 0.0 4.0135435212755665e-06 2.1043861474486817e-07 0.0 8.88654987484017e-07 6.9729263482921044e-06 1.473170315383504e-06 7.389052959720052e-08 3.665001225148761e-07 1.871181102231627e-07 6.740395499194089e-08 0.0 0.0 0.0 0.0 0.0 0.0 2.8617735882943327e-05 1.7164418461160907e-06 6.108100912181177e-07
0.00017749940933214087 0.00024132362997278845 0.0012871068820639606 1.328557537222807e-06 6.59363875302346e-05 1.0322479056090515e-06 3.129319159784733e-06 0.0 0.00010232255782389419 1.1586217943755003e-05 0.0009482164701354493 3.553184347726472e-05 0.00011318750789442399 0.0010929979669567441 0.00011278328037604728 9.036255968797598e-05 7.293660379608561e-06 1.1221967283339384e-05 2.297053766952346e-06 1.3733797412787386e-05 5.16024161169478e-05 2.128009963911514e-07 2.939756181883918e-06 4.67545845344547e-06 2.4195141919906292e-05 1.2390634166022335e-05 2.468073176181769e-07 4.380830593684171e-06 1.5078864909321802e-06 1.586923434350836e-07 0.0013439982490021096 0.002307950258572311 0.0002644481634323342 5.484238832712717e-06 4.375910310487451e-06 1.8174932869483378e-05 4.918076815994914e-05 3.224878369682392e-05 2.2368886586001195e-05 1.4529359448399938e-05 3.2832135451498935e-05 2.268072136916702e-06 2.3280856830454817e-05 2.931727583797879e-05 6.3578572168884e-06 3.560486579993868e-05 0.00023055252492895273 2.7722479795030177e-06 1.998465451576667e-06 1.3307867505161742e-05 9.566158460878826e-07 3.619009746443006e-07 4.1317431746647225e-06 1.2013929784026017e-06 7.211631496915155e-06 7.1687078412032375e-06 8.734275251038596e-05 0.00032463049925230276 3.85433562785441e-05 4.2091749650646064e-05 0.00012952463759139694 0.0001319536123429796 1.8044122759621352e-05 0.0011324174966657289 4.732270058752113e-06 1.2026323856144658e-05 1.6519161848833318e-06 6.036992013918318e-06 9.896987719205316e-06 4.5056012318123914e-05 5.364030324919248e-05 4.485510832262274e-06 0.0 0.00022900365469599694 0.000311835203598775 0.00015111436586389052 0.0002499523986924336 0.00023604786555262594 0.0003580432531126245 0.0006420931528224932 0.0003029627298765854 0.001096357665835109 1.1654508975135854e-05 1.5099583879869131e-06 1.4812326304208548e-06 2.376799301393072e-06 5.919871312688822e-06 3.739103577502607e-07 3.151959088810337e-07 0.0 1.0135531411282561e-07 2.3826910448175828e-07 2.6205870031863896e-05 2.9119472482679075e-06 1.6847578868052296e-06 3.203164198021238e-05 1.1545053029709288e-05 0.0 3.4823171175299184e-05 0.00014380076184813173 2.719506148096541e-07 4.3635986329395723e-07 1.171913425411419e-06 0.0 2.941765920026308e-06 4.684459817359408e-06 0.0 4.199470797298256e-06 2.419572573008438e-06 3.1945214351262244e-06 1.8611674980935172e-06 1.0631397234937049e-05 5.897321532378235e-06 6.398287445058738e-06 1.0950131737400931e-05 7.761719075993945e-07 1.807158851590589e-07 0.0 0.0 0.0 0.0 0.0 0.0 0.0 3.4844419891375627e-07 2.676890537411958e-07 0.0 0.0 0.0 0.0 1.0173230328599092e-07 0.0 0.0 0.0 6.145172581249469e-07 4.0399041819586894e-07 0.0 4.112258207722504e-07 0.0 4.981679653462066e-06 7.190927571637026e-07 4.902102097851402e-06 1.2153320258929884e-06 5.694646853885868e-07 4.162450128948734e-07 0.0 0.0 0.0 1.8355458219341153e-07 0.0 0.0 9.822295994725463e-08 5.555272727564794e-07 0.0 0.0 6.701950034705223e-08 1.7754309168785272e-06 5.953661909792853e-07 2.410542456167419e-07 1.2992136431710866e-07 0.0 8.689467080468949e-07 2.4172883044334406e-07 0.0 0.0 0.0 2.150233872951605e-06 1.8042867028406732e-07 0.0 0.0 0.0 6.575726971332736e-08 9.532599107618866e-08 0.0 0.0 9.282652713480799e-08 6.288312243490977e-06 7.54066743003492e-07 0.0 0.0 2.4850088217213743e-07 4.42632817941721e-06 1.9375732114232462e-07 0.0 5.142883442177529e-07 3.983668486920542e-07 3.664460407170396e-07 0.0 0.0 0.0 0.0 0.0 0.0 0.0 0.0 8.218025570772845e-08 5.328188168740458e-07 1.5393027576337687e-05 4.271294197224656e-06 1.692033594926114e-06
4.5147197258908724e-05 0.001870036214099668 0.0007963440967198221 1.46335182186335e-05 0.0013140393980983086 4.999655623347263e-06 0.00019602384717204468 0.00010232255782389419 0.0 0.0006810922370417647 0.0004995615747861069 0.00024994028111715054 0.0005977040236393756 0.00028317925010257005 5.299367069212015e-06 2.6219786660073962e-06 1.9301308906650568e-07 0.0 0.0 0.0 0.0 0.0 0.0 0.0 0.0 0.0 0.0 1.6297992504510746e-07 0.0 1.403246192056169e-07 2.2878437751149525e-05 1.3787307090254135e-06 9.836217716147863e-06 0.0 0.0 0.0 5.743596980206865e-06 1.207170470385049e-06 1.2569451369076246e-06 3.1564572355937155e-07 0.0 0.0 0.0 2.8575821054831826e-07 0.0 0.0 1.874238376959789e-05 6.331044077736876e-07 0.0 0.0 0.0 0.0 8.591920517411492e-08 0.0 5.867535917911546e-07 4.828002477883071e-07 6.605469004822075e-06 1.1099093027082138e-05 2.902299789505215e-06 2.85870183478108e-06 9.173693982190095e-08 0.0 0.0 7.720839433285409e-06 3.3919793208630957e-07 8.174275791447654e-07 1.3697007293752985e-07 2.279786033679382e-07 0.0 8.875938272697929e-08 2.1565446694238772e-05 1.492854363477108e-06 0.0 1.4237380756438336e-05 1.0627118907996798e-05 6.396915238766142e-06 2.524512651159783e-06 2.362849924570829e-07 1.0493606531738718e-07 9.196863468107317e-07 0.0 0.0 1.382485361134084e-06 0.0 4.2871463147163054e-07 0.0 0.0 0.0 0.0 1.0019776585557042e-07 0.0 0.0 0.0 0.0 0.0 5.992526916643707e-05 5.651235101516951e-06 0.0 7.600486911626392e-06 1.0950283602015997e-05 0.0 9.7027683047987e-07 3.276368419829041e-06 5.62678640187528e-07 9.042399342634596e-06 2.7437815567619995e-05 1.7530179930696745e-06 3.03940286445169e-05 1.5314292029903788e-05 2.7655451680237576e-05 8.921674090436744e-06 4.79597228188356e-05 4.061058073968409e-05 2.382764872959616e-05 2.080884882477639e-05 0.0 4.400357563908337e-07 0.0 0.0 0.0 0.0 0.0 0.0 0.0 0.0 0.0 0.0 2.5595707064426325e-07 0.0 0.0 0.0 0.0 0.0 0.0 7.278246038293374e-07 3.1989501290141667e-06 0.0 0.0 0.0 9.938998558084861e-06 1.1301496559184215e-06 6.6727917542310895e-06 5.174680063802475e-07 1.1629520926601753e-06 0.0 0.0 0.0 9.625479636523485e-08 1.906423845053456e-07 0.0 0.0 2.2612559440143647e-07 1.5315635774799975e-06 1.0342028874316575e-07 0.0 0.0 5.99999002068068e-07 0.0 0.0 1.8624702229092394e-07 9.850684222652287e-08 1.125833149892685e-06 7.95827974464755e-07 0.0 5.093542047396716e-07 0.0 5.891467602196796e-06 2.8778931617409435e-07 0.0 4.586584327675687e-07 0.0 0.0 0.0 0.0 0.0 0.0 1.1827021307221318e-05 4.394247081019075e-07 0.0 0.0 0.0 7.303527538172336e-06 0.0 9.565609983074959e-07 6.747146206304647e-07 8.89462893288416e-07 3.0025486475401604e-07 0.0 0.0 0.0 0.0 0.0 0.0 0.0 0.0 0.0 0.0 4.3527522674349296e-05 3.1451978294327026e-06 2.622399236157911e-06
0.0013704239562603293 0.0021565966530583173 0.00014728333736072896 0.001000143061443173 0.0021811100586186377 0.00047461026751393 0.0023698013369044175 1.1586217943755003e-05 0.0006810922370417647 0.0 0.0001329315194057429 0.0007707710939726858 0.00475302355201295 0.0005115631741202962 1.7882766271712827e-06 0.0 7.198661137253029e-08 0.0 0.0 5.186525926782771e-07 0.0 0.0 0.0 1.829147924099793e-07 7.605075472932166e-08 0.0 0.0 0.0 8.79643843001841e-08 0.0 8.499957257755732e-05 1.1586071080891671e-06 8.854176502652433e-06 0.0 0.0 0.0 4.562133733084646e-05 1.8453942310742669e-06 3.201154832580805e-06 8.162492407491813e-08 0.0 0.0 8.097691998607521e-08 1.861465528184819e-07 0.0 0.0 1.1126983406365162e-05 2.2941620970799687e-07 0.0 1.0710503065338657e-07 9.026467562957695e-08 6.092801268178493e-07 0.0 1.7145188069090964e-07 1.2059426460869309e-06 7.672302788918192e-07 5.538855388119372e-05 0.00014774793874342617 4.662460947133103e-06 2.4250524350397227e-06 6.089017085727614e-08 7.957632089252258e-08 0.0 1.5948491598370878e-05 5.210794026031159e-07 1.6110936650376819e-06 2.8315837431138623e-07 1.5573857752952825e-07 0.0 2.3517946813409585e-07 6.066453205621811e-05 4.607528131250446e-06 4.149801413362357e-07 2.4741699588443243e-05 1.853620490385828e-05 3.828851100584857e-06 8.969269416561157e-07 2.071285640601613e-07 0.0 1.8715042725561894e-06 1.332369255031489e-07 0.0 2.5519093432564437e-06 1.871610681251542e-07 4.419189416400517e-07 3.403791343420265e-07 0.0 4.6552216803462436e-07 5.558525009446104e-08 2.242587463024369e-07 0.0 0.0 0.0 0.0 0.0 0.00015457733411528671 3.42257107823106e-05 8.969127709789316e-07 1.1913995047432223e-05 0.000627270657819829 2.9451431313750868e-06 3.126060006925619e-06 7.249554166880743e-06 5.698145124775348e-06 1.5752910707143657e-05 8.123993744371563e-05 1.474361800097518e-05 7.703483262753966e-05 4.727889950451393e-05 0.00010721536319724676 1.3648698346273333e-05 0.00010923453574664121 0.00011929525937565491 6.0501086956829645e-05 3.6551733226190683e-05 8.16353048533635e-08 2.4377805670109787e-07 0.0 0.0 0.0 0.0 0.0 0.0 0.0 0.0 0.0 0.0 3.3381252027652945e-07 0.0 0.0 0.0 0.0 0.0 0.0 2.621302932206969e-06 4.41676030281174e-06 0.0 0.0 0.0 6.483092448585152e-06 0.0 9.493341793087094e-06 0.0 3.984484144011049e-07 0.0 0.0 0.0 0.0 0.0 0.0 0.0 0.0 6.380727478010191e-07 0.0 0.0 0.0 7.53352527154334e-07 0.0 1.998185410642726e-07 6.886289223114408e-07 0.0 1.1331723373883694e-06 9.932924796627724e-07 2.3953625683918435e-07 0.0 0.0 6.1024497387241065e-06 0.0 9.545010883080487e-08 0.0 0.0 0.0 0.0 0.0 0.0 0.0 1.7436089429460467e-05 2.5812802124697738e-06 0.0 0.0 9.103541413141516e-08 5.743729803867633e-06 0.0 5.051521788075062e-07 1.21806097020369e-06 1.817357034658213e-06 2.049681102765325e-07 0.0 0.0 3.1614923132798296e-07 0.0 0.0 0.0 0.0 0.0 0.0 0.0 6.277912039385209e-05 1.5006824307612034e-06 3.001292504752826e-06
5.664249136475174e-05 0.000872801224267425 0.0009289043013739986 1.1943212868758935e-05 0.0003122837029478827 4.802377263341588e-06 6.870593890246638e-05 0.0009482164701354493 0.0004995615747861069 0.0001329315194057429 0.0 0.0004611597789109971 0.0007685276528907047 0.001188968220788618 5.568413428027056e-05 3.678457864831658e-05 3.211362001652678e-06 2.04623951458458e-06 2.0201480167399242e-07 3.3550473921636764e-06 1.826546906306195e-05 2.4924099623430432e-06 1.3478171623879922e-06 1.5474844218985445e-06 2.7947865547464748e-05 6.62387125542919e-06 1.056439961082299e-06 5.017093193243789e-06 2.453041706099782e-06 0.0 0.0001484399924194512 0.00011184604894740114 0.0005521468484138649 6.82358714911541e-07 3.739980330275947e-06 3.0044693905143898e-05 0.0003001274441741028 9.331331244682917e-05 9.859791654570826e-05 2.8492414866917212e-05 2.2488163485238136e-05 7.219936188266856e-07 5.281533955072482e-06 4.397950801004427e-06 4.91191312247006e-07 1.6007869239505345e-06 0.00010003274910289558 2.7282843652879185e-07 8.093060376506576e-07 1.8081375543548822e-06 6.000400335811079e-07 2.881495674852741e-06 1.983122737632753e-05 1.3365090363069965e-06 2.4547692254026217e-06 2.172695076526289e-06 2.42424960587042e-05 5.1026564446118096e-05 1.2092353758483082e-05 1.5840092405900732e-05 1.3585829533878696e-05 0.00015759910023037036 5.174678023087769e-06 7.476981584639333e-05 9.602110937980262e-07 4.4208108013898145e-06 5.369230028261066e-07 1.7749215041847322e-06 4.302315781699421e-06 2.1210011332572777e-05 0.0004236561697959038 1.7790179039813303e-05 9.849695190556138e-07 7.988212399754123e-05 5.482349955755846e-05 5.836241809421154e-05 3.0256347562567603e-05 6.563074408684743e-06 4.941306873983013e-06 0.00018514489748424015 2.4894809822609127e-06 7.69559550656544e-05 4.504893380477948e-06 3.7950247623920434e-07 4.073472909930459e-07 6.198924949426386e-07 1.2199509349701086e-06 7.812232595565624e-08 3.6480575196435134e-07 2.4317469681911497e-07 1.2701292857293627e-07 0.0 1.9977956810075572e-05 1.8191584769934623e-06 1.0515726621561786e-06 0.00027548282344777445 6.247978272460682e-05 1.596592895104847e-06 0.00016202736828917804 2.3910846090088887e-05 2.4834186933931666e-06 2.3467989545793027e-06 3.882964469478268e-06 3.793662342383973e-07 1.2489017073415444e-05 2.2048848684199648e-05 1.3080104382974568e-06 2.9114212446207205e-05 1.2041376853766089e-05 1.9011893592443017e-05 1.804876576285109e-05 5.1106427044414426e-05 4.136292717733981e-05 3.437385698653007e-05 4.939961976683229e-05 2.106119348741486e-06 7.984716031816813e-07 1.2447526268092227e-07 2.0458753699098547e-07 0.0 0.0 9.847134407996704e-08 1.6219057431055017e-07 0.0 0.0 0.0 0.0 9.858111223759463e-07 0.0 8.671127343184011e-07 0.0 7.390590069479933e-07 1.0478291453759276e-07 2.968044734902283e-07 1.0730443363176836e-06 8.425885608154698e-06 0.0 3.021983511220775e-07 0.0 1.4732651937549566e-05 2.7423738197400084e-06 2.217030312892041e-05 2.042144977726141e-06 2.069354615740716e-06 0.0 1.9865068634031213e-07 5.514603341350075e-07 0.0 1.6246508187800653e-07 2.865599370457248e-07 1.1428165835973794e-07 8.996189701809143e-07 1.1071022356085374e-06 1.5059500470305531e-07 0.0 1.7330601576608635e-07 3.072982783771499e-06 5.514665991863159e-07 0.0 9.128914870940546e-08 0.0 3.2298182997599033e-06 3.123226774662299e-06 4.264196620060772e-07 2.1384739715055932e-07 2.0210916615118148e-07 7.725087372440307e-06 8.523784140194097e-07 1.800050304870627e-07 3.935759193694742e-07 0.0 7.745936805821585e-08 0.0 0.0 0.0 5.884796191429075e-07 5.088023403783226e-05 2.0456800729409213e-06 0.0 0.0 2.3961347245330287e-07 1.2604128136537581e-05 0.0 8.598957610535327e-07 1.8319250109854206e-06 2.011891445097999e-06 2.0238483355341014e-06 1.2207154084206384e-07 0.0 0.0 0.0 0.0 0.0 0.0 0.0 0.0 0.0 6.687128382677788e-05 1.5528228080960136e-05 8.2981441158505e-06
0.00029567320267594004 0.00030553765944777117 0.0001202231420844494 0.0004896393864296283 9.428821412560905e-05 5.909290719692416e-05 0.0001576512932409957 3.553184347726472e-05 0.00024994028111715054 0.0007707710939726858 0.0004611597789109971 0.0 0.0008644604446882235 0.000675144918565017 2.7452472192136707e-05 1.8139648746454957e-05 1.1515600171781624e-06 5.180678964756024e-07 0.0 3.83044796841625e-07 1.911948248398422e-06 5.155848668613309e-07 3.088875223956514e-07 3.681774356629334e-07 5.38137714531892e-06 5.256660603850885e-07 5.858913012256711e-07 1.9504689849635926e-07 1.0336746109884849e-06 1.71527181348652e-07 8.307700558165705e-05 9.587296486760432e-06 3.938236342963867e-05 0.0 2.453653611831861e-07 2.399576175522869e-06 7.612071632863108e-05 1.4164350333784721e-05 8.5390807345573e-05 8.887840864117262e-06 4.092214576551752e-06 1.8762836321124847e-07 8.561437498697744e-07 1.209004455546118e-06 1.7264822539271785e-07 5.086870053567651e-07 3.088951097957912e-05 2.940518237344755e-07 2.7400423689264165e-07 4.4889677400940275e-07 1.7246888258272712e-07 1.019283576630438e-06 1.2518228938370385e-05 4.748274612487595e-07 2.66151366636258e-07 4.648399633965312e-07 8.839404220486896e-06 2.0602886143320936e-05 3.795189122811998e-06 5.291976166461599e-06 9.467813218105304e-07 6.27609702829787e-06 3.5476151995679824e-07 1.2184903240018702e-05 2.94747415918339e-07 1.248635843944333e-06 0.0 6.003037316485422e-07 1.2012942238164662e-06 2.827177194124431e-06 0.00011173560082020392 9.424137075998147e-06 1.180205335143844e-07 1.929008633053115e-05 1.3626587128128763e-05 2.0405749324314754e-05 1.0982918865924252e-05 3.916905322062379e-06 1.313045573146448e-07 2.3448122090608887e-05 1.3241679827566782e-07 2.100630975157831e-06 1.137594360368578e-06 6.047834091063936e-08 1.5988260029050174e-07 6.513195357032659e-08 4.1082119334810323e-07 0.0 1.106911894661031e-07 1.9566662982628676e-07 0.0 0.0 4.929422134530137e-06 7.993771374635412e-07 3.1114232922389373e-07 0.0006231182598285136 3.354631017768326e-05 6.231262331866819e-07 5.077779594450517e-05 7.95088210525209e-05 3.986711884217079e-06 2.676623701102582e-06 1.1158574476001058e-05 7.278838868773432e-06 2.0971444518111827e-05 7.117512826384769e-05 7.818484253611969e-06 9.535285934893497e-05 4.3260701901843074e-05 0.0001180717482223856 2.7729534894460235e-05 0.00015153550528234768 0.00012746958707671112 6.437981440526251e-05 7.483990162062025e-05 9.482685455277399e-07 8.084839497364985e-08 1.0358731866947197e-07 0.0 0.0 0.0 0.0 0.0 0.0 0.0 0.0 0.0 2.1024982862761333e-06 0.0 0.0 0.0 0.0 7.996967694060231e-07 0.0 3.441808354997892e-06 8.065938986541356e-06 1.0611918824576816e-07 0.0 0.0 2.098246676692915e-05 1.7350908745790769e-06 2.4580022839800592e-05 2.638935033089877e-06 1.7293158177351853e-07 0.0 7.94683059203295e-08 0.0 0.0 0.0 8.946047969588836e-08 0.0 1.176832108047586e-06 1.5072331021003333e-06 0.0 2.2910281995167218e-07 0.0 1.6261066143475535e-06 1.4574444878357943e-07 4.595543579698211e-07 1.1426600716404229e-07 6.914459889131739e-08 4.332643220211108e-06 3.5047170956620396e-06 6.231515220434232e-07 7.970996198243059e-08 0.0 9.210339033275502e-06 1.9723884902516068e-07 2.9292886473403343e-07 5.258397440702659e-07 0.0 0.0 0.0 0.0 0.0 0.0 5.137087123029945e-05 4.998885147794659e-06 2.733508995073838e-07 0.0 1.3366611581550066e-07 2.117721740738339e-05 0.0 1.8141142818284822e-06 8.297634423058611e-07 1.7954492649088263e-06 2.096970921894144e-06 9.128129453011917e-08 9.948370320292259e-07 9.22148614868113e-08 0.0 0.0 1.7105821710655218e-07 0.0 0.0 7.623738580611733e-08 0.0 0.00014953148003217268 7.943877334877002e-06 2.7612546779665573e-06
