0.0 0.0013086290458789573 0.000460128929713543 0.0007664871461533702 3.223029147198634e-05 2.419251417737754e-05 0.00022921242315334812 4.8476584539819246e-05 4.1004280467458354e-07 0.001234679268919667 0.0001426027324742256 0.00022004444627420032 0.000189121193610999 2.651304593079178e-05 1.5792728627870474e-07 0.0 1.907677798513322e-07 0.0 0.0 0.0 0.0 0.0 0.0 0.0 8.604248849474881e-08 0.0 0.0 0.0 0.0 1.138390361865445e-07 0.0005734428328526776 6.62095083899795e-07 7.199441455316925e-07 0.0 0.0 0.0 3.611086510769398e-07 0.0 0.0 0.0 0.0 0.0 0.0 7.745039648349107e-08 9.276488460687773e-08 7.26595562391461e-08 1.103057499647755e-05 9.432448293228716e-07 5.244855782667946e-07 0.0 6.937791993372405e-07 3.2517489978157893e-07 0.0 0.0 3.1687556270625725e-07 1.3326780748908394e-06 0.00012523962348232802 0.0007594536634914106 1.868028547612003e-05 2.9184904714636947e-05 9.818659391887502e-08 1.2093333136288262e-07 0.0 1.6557518282634384e-05 1.4720905175287663e-06 5.641721437543969e-07 3.0492757429147024e-07 3.89958478795095e-07 0.0 0.0 1.3528115665636621e-06 2.53515666624967e-06 7.882056748100175e-07 0.00011873583579910575 1.7993507707529235e-05 2.7529448732377e-05 1.5937415083835305e-06 6.98366496948612e-08 6.626876552859701e-07 1.8094775962840322e-05 9.617107223258297e-08 2.6024568365573496e-06 6.5552583548247205e-06 0.0 6.421608703673238e-07 1.221144176262743e-06 6.370830347346461e-08 0.0 2.5084075507677017e-07 9.873620040396337e-08 1.9626649828688752e-07 1.5286651413332296e-07 1.1420119256773887e-07 4.1830834578379614e-07 7.626074096215655e-08 1.68208571622246e-05 7.147894574528052e-06 1.4442150574146355e-07 6.690093766631055e-07 0.0007029379970366979 3.493915907302822e-07 7.214269642327587e-07 2.6551318052897283e-06 3.1921883464866437e-06 0.0 5.609102377612818e-06 4.1607722172213533e-07 4.62540231490324e-06 1.299173795663654e-05 1.4895906160474082e-06 1.0190607335016011e-06 6.8017918840843505e-06 5.238684521196736e-06 8.395581383181096e-06 1.8650129069650746e-06 0.0 0.0 0.0 0.0 0.0 0.0 0.0 0.0 0.0 0.0 0.0 0.0 0.0 0.0 0.0 0.0 0.0 0.0 0.0 1.1363964771003214e-07 1.5021736497535407e-07 0.0 0.0 0.0 7.718106591453158e-07 3.934654585038582e-07 8.543082233255401e-07 0.0 0.0 0.0 0.0 0.0 0.0 0.0 0.0 0.0 0.0 0.0 0.0 0.0 8.719579928465549e-08 1.1013529400190037e-07 0.0 0.0 0.0 2.0684254480878007e-07 0.0 5.013236679162404e-07 1.1539045308561703e-06 0.0 3.1126031825108787e-07 1.6200089734219594e-06 1.340020648496622e-07 0.0 0.0 0.0 0.0 0.0 0.0 0.0 0.0 2.9962814613324397e-06 0.0 0.0 0.0 0.0 2.1681407053826304e-06 1.127043942750761e-07 4.0648502619730377e-07 0.0 0.0 0.0 0.0 0.0 0.0 0.0 0.0 0.0 0.0 0.0 0.0 0.0 1.1988245335474766e-06 1.0221405026286544e-06 6.899001605768346e-07
0.0013086290458789573 0.0 0.0015795807786342037 0.0005087010648832943 0.0013252100748500641 1.57975787462173e-05 0.0012534699010607721 0.000661888347211499 0.00019978552990417868 0.0007437320173684797 0.0012321102745195545 0.00013086355437795998 0.0016974954571177955 0.000813163694392835 1.6408022670622483e-05 9.293076454298035e-07 5.391362564616675e-07 9.358075431565022e-08 0.0 2.4798129416235156e-07 0.0 0.0 0.0 2.5327151587130545e-07 1.2685069277724757e-07 2.721056006434637e-07 0.0 1.0242397694611327e-07 1.213310049542974e-07 1.9272335590136219e-07 0.0010709046941335962 6.447284182107145e-06 1.526506838034456e-05 9.342990271635429e-08 0.0 0.0 4.344676999590616e-07 0.0 1.1238958314055952e-07 0.0 7.787681264484193e-08 1.7116624087784074e-07 1.6150186343649415e-07 1.8565535383218627e-07 6.946403344560562e-08 4.133148455957657e-07 0.0001008981229108719 6.7474174736660476e-06 1.1904460247598412e-06 6.767551241179273e-07 3.733753984540834e-06 3.5173005532615515e-07 0.0 8.434223032123348e-08 4.001073798336126e-06 6.17570621450231e-06 0.00014105327057193818 0.00082061138869064 5.726968283154976e-05 0.00014534063771168198 9.938471222375688e-07 6.812398090995847e-07 0.0 8.855280534658063e-05 9.413551311327992e-06 3.3420330400446614e-06 2.1177043249532035e-06 2.501067570061702e-06 5.833688648700498e-07 4.2990630376148077e-07 2.305596192768515e-06 0.0 0.0 0.0003403124869090199 0.00016417620456328906 0.0001966213824889468 3.18290351992227e-05 1.5581551063565595e-06 5.263389091065265e-06 0.00014034085336622046 1.6535954001277205e-06 1.2588567235626878e-05 3.5872006065279604e-05 2.5486010281629e-07 7.768821107277192e-06 1.079436481083031e-05 1.3400948440480749e-06 0.0 1.6732064611119042e-06 0.0 2.5383430476922727e-06 2.7712671797258827e-07 3.065558546703684e-07 5.300689466050561e-07 1.683283451660863e-07 5.13909003234691e-06 5.662292566565714e-07 0.0 3.1680566474827455e-07 0.00046862533142032247 6.875654805112833e-07 5.620392519768592e-07 4.026458607187539e-06 2.7126610354917845e-06 8.762250894019459e-07 8.979586672544509e-06 8.90934157493211e-07 1.4515426837806891e-05 1.4635753772662629e-05 3.554222872424856e-06 3.2977958416519825e-06 1.4164876805655213e-05 1.635537254407675e-05 1.5652769894349094e-05 5.90667398900537e-06 0.0 0.0 0.0 0.0 0.0 0.0 0.0 0.0 0.0 0.0 0.0 0.0 0.0 0.0 0.0 0.0 0.0 0.0 0.0 0.0 5.794887613656905e-07 0.0 0.0 2.96887576845731e-07 9.226622805084647e-07 1.1196798866944362e-07 1.0181807695169135e-07 1.1962681881345105e-07 5.529732827046037e-07 0.0 0.0 0.0 0.0 0.0 2.091645031149701e-07 0.0 0.0 0.0 0.0 0.0 0.0 0.0 0.0 3.434226802615059e-07 0.0 0.0 7.641430131420461e-07 3.676906995922984e-07 3.880603547840889e-07 2.1069581455878833e-07 1.4898241645993606e-07 2.528121908465798e-06 0.0 0.0 0.0 7.721202624130345e-08 7.959030564086716e-08 0.0 0.0 0.0 0.0 7.885670494595112e-06 0.0 0.0 7.03080443922368e-08 8.518986029394484e-08 4.771905246119951e-06 9.829394990014984e-07 3.9186698874893445e-06 2.6940043381656374e-07 0.0 1.1543987044539807e-07 0.0 0.0 0.0 0.0 0.0 0.0 1.365907939258768e-07 6.403981398594599e-08 0.0 0.0 6.5303851471677445e-06 1.4291398498067644e-06 1.858886331639061e-06
0.000460128929713543 0.0015795807786342037 0.0 3.3315868922850942e-06 0.0007652449410989681 1.578881820398907e-06 5.636927329694216e-05 0.003634681330349222 0.00029725386115096416 8.954801231786785e-06 0.00228841087629426 9.389938567423662e-06 8.618265468783691e-05 0.0004528931658919381 1.9092116785829677e-05 4.743675551760984e-06 7.753321535760563e-07 1.9905623226437293e-07 8.795532583282202e-08 6.662503988904941e-07 6.72260685419639e-07 4.6706596704067515e-07 4.5501317582337847e-07 0.0 0.0 0.0 3.674135682567575e-07 5.847269816419731e-08 1.0342148204309591e-07 6.127257755168505e-08 0.003224977359060204 0.0001726415898870101 2.3542357157154853e-05 1.1275086786608212e-07 2.7219697001837377e-07 1.4569806202318821e-07 1.6936485299261479e-06 5.211979137452173e-07 2.268265861515512e-07 0.0 1.6056787114385808e-06 3.5072331067905186e-06 3.192727631023872e-06 3.2995324555905416e-06 2.377813913367812e-06 5.174472362127334e-06 3.678733073179272e-05 3.3878535788978703e-06 1.332486956109593e-06 3.788395044359384e-06 1.995467774575295e-06 6.010117825154682e-07 1.6376588422455202e-07 1.4817749375337552e-06 7.559616530068555e-07 2.045071745905418e-06 6.921870221639137e-05 0.0006661171470177534 2.068212741484977e-05 5.5661714379964e-05 9.343703523197676e-06 8.447328750291288e-06 6.467397107119561e-07 0.00012680837038017665 2.331648700898117e-06 1.8070515507053362e-06 1.5912889230963528e-06 2.50061630068009e-06 5.608173115431403e-06 5.899568384372532e-06 2.3759991207423888e-06 1.222652763974207e-07 0.0 0.00015516173795460594 7.713364574960049e-05 7.761305533742838e-05 2.441424363561867e-05 7.630500154078179e-06 0.00014492767482188936 0.000975020698071967 4.175348045019658e-05 0.00029762559903059253 1.1717683012231779e-05 0.0 2.6922877888579535e-06 3.50396286434876e-06 4.1598574035602195e-06 0.0 7.266153732491655e-07 2.223711237021301e-07 1.1862010009534554e-06 7.206105373263732e-07 1.2455148804934351e-05 1.8050614008192624e-06 1.8684119117066994e-06 1.5561514016731094e-06 0.0 0.0 6.14410884535463e-08 0.0002320500376568458 8.352018178744597e-08 0.0 4.887860154731201e-07 2.0600887236043305e-07 0.0 9.611151056616118e-07 0.0 1.482736191685047e-06 8.58557748847294e-07 0.0 8.409148091346439e-07 9.525531078382624e-07 1.5317902420720224e-06 1.4420078266486353e-06 1.3445293867613732e-06 0.0 0.0 0.0 0.0 0.0 0.0 0.0 0.0 0.0 0.0 0.0 0.0 0.0 0.0 0.0 0.0 0.0 0.0 0.0 0.0 0.0 0.0 0.0 0.0 3.484947563465803e-07 9.016558532644094e-08 5.079322467615073e-07 7.520183379158694e-07 7.278001574289925e-08 0.0 0.0 0.0 0.0 0.0 6.955858601875998e-07 0.0 0.0 0.0 1.7919129880738286e-07 0.0 0.0 1.9347043653056978e-07 4.980276840481249e-07 6.243721434851664e-08 0.0 0.0 0.0 9.510158382417508e-08 0.0 0.0 0.0 1.212804930597994e-06 0.0 0.0 0.0 0.0 0.0 0.0 0.0 0.0 1.0243189908247187e-07 1.6521031201008498e-06 0.0 0.0 0.0 1.107716798776018e-07 4.5577193553522613e-07 3.1187647950848113e-07 8.070920037544007e-07 0.0 0.0 0.0 0.0 0.0 0.0 0.0 0.0 0.0 0.0 0.0 0.0 0.0 8.838745464890784e-07 9.148280600029586e-07 2.115246200790745e-06
0.0007664871461533702 0.0005087010648832943 3.3315868922850942e-06 0.0 1.5375375809791213e-05 9.700345853643593e-05 0.0005235266834446669 3.184053128933976e-07 1.3354152392044247e-06 0.0016557221281080282 4.717318515827069e-07 0.0006395301431002968 0.0008627843371693238 4.148009670994748e-05 0.0 6.546641089618335e-08 0.0 0.0 0.0 0.0 0.0 0.0 0.0 0.0 0.0 0.0 0.0 0.0 0.0 0.0 4.060711044476545e-05 0.0 0.0 0.0 0.0 0.0 0.0 0.0 7.871720456539288e-08 0.0 0.0 0.0 0.0 0.0 0.0 0.0 2.0242467113100185e-06 1.869957175158074e-07 0.0 0.0 1.6144237569530013e-07 0.0 0.0 0.0 0.0 9.885469040724297e-08 2.0945283897732268e-05 0.00011460199809521766 2.3862790415586267e-06 3.850462809106465e-06 0.0 0.0 0.0 6.392923287868563e-07 2.2941031148286524e-07 8.065186087930044e-08 0.0 7.493932199737619e-08 0.0 0.0 0.0 0.0 0.0 1.6837869117016628e-05 3.154332710288009e-06 4.6275448831620955e-06 0.0 8.871956373506254e-08 0.0 0.0 0.0 0.0 2.014932325688118e-06 0.0 2.3252213326468409e-07 1.9709472012888204e-07 0.0 0.0 0.0 0.0 1.1574962818374168e-07 0.0 6.752359000005447e-08 0.0 0.0 2.3667762479324078e-07 1.0485382195051241e-06 0.0 0.0 0.00030672925152776156 0.0 6.936882216557019e-07 3.734428574312276e-06 2.899777582137484e-06 0.0 7.837877575494554e-06 4.815447856312009e-07 6.679493771645421e-06 1.2562510242332331e-05 1.4002744536562946e-07 1.4877774288131264e-07 8.543128651678325e-06 1.9155107330508717e-05 4.357330229162366e-06 2.779068332483942e-07 0.0 0.0 0.0 0.0 0.0 0.0 0.0 0.0 0.0 0.0 0.0 0.0 0.0 0.0 0.0 0.0 0.0 0.0 0.0 3.416820721539191e-07 0.0 0.0 0.0 0.0 0.0 0.0 0.0 0.0 0.0 0.0 0.0 0.0 0.0 0.0 0.0 0.0 0.0 0.0 0.0 1.368630263358701e-07 0.0 0.0 0.0 0.0 0.0 0.0 0.0 6.749309253347798e-07 0.0 0.0 0.0 5.596330189109104e-07 0.0 0.0 0.0 0.0 0.0 0.0 0.0 0.0 0.0 1.331939308091362e-06 0.0 0.0 0.0 0.0 8.730104674189394e-07 0.0 7.553836239266981e-07 0.0 0.0 8.961405899215146e-08 0.0 0.0 0.0 0.0 0.0 0.0 0.0 0.0 0.0 0.0 8.858023067929242e-07 4.5373958758438425e-07 0.0
3.223029147198634e-05 0.0013252100748500641 0.0007652449410989681 1.5375375809791213e-05 0.0 1.3901805706410892e-06 0.0017067328796318336 0.0009475271535042438 0.003346861294751582 0.0003059315672154036 0.0022411845524960908 1.2620710128821695e-05 0.0012133896292122093 0.0025934635446109725 1.3157723131369485e-05 9.168080368949898e-07 6.193557926781965e-07 1.4616463503032885e-07 8.914578129132362e-08 0.0 0.0 0.0 8.305264885570471e-08 0.0 0.0 3.3845222378069685e-07 0.0 0.0 0.0 0.0 0.00010823250687578981 4.3784069019233115e-06 5.535330478400338e-06 0.0 0.0 0.0 5.245914899477222e-07 0.0 0.0 0.0 1.8574955884643358e-07 4.178228887427033e-07 0.0 3.713307281607829e-07 1.0010446810269712e-07 0.0 5.591540800888638e-05 4.138834580362642e-06 2.836568367737802e-07 7.160198413612433e-08 2.52908859115621e-06 5.117684199233712e-07 0.0 1.0928173346053608e-07 2.1747657463831163e-06 3.3103945430929745e-06 2.968528932252068e-05 8.98573383604648e-05 1.5584094328626682e-05 5.249074661217626e-05 7.699403894981498e-07 6.17104052304856e-07 1.565554933396276e-07 3.519483181822057e-05 4.1527563392604054e-06 2.197670198335633e-06 1.1145617397453427e-06 1.423780805917397e-06 4.6846675632285857e-07 2.1506860212278496e-07 2.0289797740236645e-06 3.4817270715990325e-07 0.0 7.564453730257659e-05 6.502894745911743e-05 8.46094144381012e-05 2.7275146527808298e-05 6.138195378806748e-07 1.0480343970100358e-06 2.0227493138920013e-05 1.6139267973671261e-06 1.6003171414028082e-05 1.3165002763712235e-05 9.802326329977189e-08 3.560019719167387e-06 4.106874144560439e-06 7.43485044044799e-07 0.0 1.0204784373172634e-06 0.0 5.993346949357592e-07 1.4508549220783488e-07 7.412832142338791e-07 5.759523605196012e-07 4.2899760272366527e-07 1.904269675591353e-05 0.0 0.0 8.457783112578038e-08 5.615260012568147e-06 7.428885171072523e-07 1.1985364237639178e-06 7.3015494294979825e-06 4.10366730679359e-06 1.1931540934277754e-06 1.4132471505485546e-05 2.234011101098637e-06 1.9729256097523237e-05 9.1992571256183e-06 7.159862246913958e-06 3.7916300012968598e-06 3.3454550338771084e-05 2.3112773310823852e-05 3.0470793692269434e-05 1.550179936370525e-05 0.0 0.0 0.0 0.0 0.0 0.0 0.0 0.0 0.0 0.0 0.0 0.0 0.0 0.0 0.0 0.0 0.0 0.0 0.0 6.84650597743203e-07 4.134250272861233e-07 0.0 0.0 0.0 6.02621620205058e-06 5.805048470721827e-07 3.3521958114419763e-06 7.894628339946406e-07 3.802232655383973e-07 0.0 2.610411897226364e-07 0.0 0.0 0.0 5.072996288657034e-07 0.0 0.0 1.6276800398462202e-07 0.0 0.0 0.0 5.825625723400507e-07 0.0 9.764393861192852e-08 0.0 9.669733158600739e-08 3.856851261793763e-07 1.0604225274045996e-06 0.0 0.0 0.0 8.801576047894954e-06 0.0 0.0 0.0 0.0 0.0 0.0 0.0 0.0 1.315205273538425e-07 2.4672361159814813e-05 9.620806794736059e-08 0.0 0.0 0.0 1.121238976921824e-05 1.8388028112135476e-06 6.108209805815514e-06 4.24853271697792e-07 1.7553126077610413e-07 0.0 0.0 0.0 0.0 0.0 0.0 0.0 1.432362857338006e-07 0.0 0.0 0.0 1.1032960293256952e-05 3.6955704734062224e-06 4.5042265970619095e-06
2.419251417737754e-05 1.57975787462173e-05 1.578881820398907e-06 9.700345853643593e-05 1.3901805706410892e-06 0.0 5.804644243162449e-06 8.46159395807415e-07 1.4167743217747775e-06 0.00020008393792987324 9.024394717133264e-07 7.683954999208574e-05 4.8780612444087676e-05 5.1948464307655635e-06 0.0 8.909767472513502e-08 0.0 0.0 0.0 0.0 0.0 1.9897593843330237e-06 0.0 0.0 0.0 0.0 0.0 0.0 0.0 0.0 1.2615548801816002e-05 0.0 9.383480509169205e-06 0.0 0.0 0.0 4.553795630446657e-06 5.039669251232127e-07 7.315613516526605e-07 1.3428680938031092e-07 0.0 0.0 0.0 0.0 0.0 0.0 1.8857987998073654e-07 0.0 1.033123264790355e-07 0.0 1.6382473753282028e-07 3.3420469589513694e-06 1.740494339971251e-06 9.918544511702164e-08 0.0 0.0 8.970188433646982e-05 0.00011806896535512498 9.827383341127944e-07 0.0 1.8267934483092142e-07 3.1607477374396795e-06 0.0 0.0 0.0 0.0 0.0 0.0 0.0 0.0 5.148284699924059e-05 9.798455694970486e-05 1.8216337073858344e-05 3.214232363954967e-06 0.0 2.5267040446627023e-07 0.0 0.0 7.62567170023655e-07 3.3897511512280717e-06 0.0 1.4760401990162412e-06 1.448396908252051e-07 7.211304523505411e-07 0.0 6.713911702693966e-07 0.0 7.493908201622611e-06 2.0081816007666566e-06 8.567414937160568e-06 1.806129967920726e-07 8.683888221606541e-07 0.0 7.357965500239113e-08 1.988362219593728e-07 0.00018055091277480902 0.00010871615736636848 9.455583822203183e-06 1.9966572596272604e-05 0.00036057052752989807 0.0 0.0 1.1787060917270125e-07 2.195117709171493e-06 0.0 1.2535596108088002e-06 1.2942932609473222e-07 3.8907194980882907e-07 6.48640957236318e-07 1.3049802008278111e-07 2.8217857495616247e-07 1.527221183028062e-06 9.069457825825365e-07 1.0978276776083653e-06 1.2168707077940556e-07 0.0 0.0 0.0 1.245535490736626e-07 0.0 0.0 0.0 0.0 0.0 0.0 0.0 0.0 0.0 0.0 2.54945977450383e-07 0.0 0.0 1.0181708392624255e-07 8.676006854459448e-07 0.0 0.0 0.0 0.0 0.0 1.1581444626487274e-06 3.1942122757884023e-07 1.778980017716331e-06 3.4373408200864816e-07 2.7271342048708675e-07 0.0 0.0 0.0 0.0 0.0 0.0 0.0 0.0 0.0 0.0 0.0 0.0 2.947005817316554e-07 0.0 0.0 0.0 0.0 1.7653392960542076e-07 0.0 1.2385710722553813e-07 0.0 0.0 1.4279562296734355e-06 0.0 0.0 0.0 0.0 0.0 0.0 0.0 0.0 0.0 2.077551098189532e-06 1.193668833685993e-06 0.0 0.0 0.0 0.0 0.0 7.152978015237708e-07 0.0 0.0 0.0 0.0 0.0 0.0 0.0 0.0 0.0 0.0 0.0 0.0 0.0 2.309146854563411e-06 3.8062345038083612e-06 4.126073662697773e-06
0.00022921242315334812 0.0012534699010607721 5.636927329694216e-05 0.0005235266834446669 0.0017067328796318336 5.804644243162449e-06 0.0 2.7674670026331773e-05 0.0003487596829469767 0.0009396031981381994 7.587272449909729e-05 0.00011192162183970694 0.004651115995401307 0.0009650849682839138 3.5466404886899854e-06 2.751331586991399e-07 3.976288501015413e-07 0.0 1.0012993368865199e-07 1.285836435552622e-07 0.0 1.094915928387257e-07 0.0 0.0 0.0 0.0 1.4363963060388988e-07 0.0 0.0 0.0 5.3183754810004595e-05 1.8803102102313878e-06 2.057886877242986e-06 0.0 0.0 0.0 2.466313974344215e-07 0.0 0.0 0.0 0.0 8.416638206466682e-08 0.0 1.551729260744305e-07 1.7090988584141296e-07 1.5507603989147133e-07 2.5368611845023605e-05 1.285050351090507e-06 0.0 9.593781055464892e-08 1.0097078957275985e-06 0.0 0.0 0.0 6.103067931075002e-07 1.188042020484345e-06 1.9698383714188526e-05 8.699445480178209e-05 8.629587002680621e-06 2.774271342653664e-05 3.0108297144690726e-07 0.0 0.0 1.3881441330804407e-05 2.0436278758691784e-06 4.865284659009039e-07 5.441401392824464e-07 8.417821561793225e-07 2.1104823929058404e-07 3.810341921871578e-07 1.5034040744863583e-06 0.0 0.0 4.782939454723432e-05 3.160911033302892e-05 4.210068004758469e-05 7.849099529902837e-06 2.50010999562138e-07 1.5563033566340147e-07 2.98815496033649e-06 3.199435589649336e-07 2.7934103287180404e-06 6.412831930995727e-06 0.0 1.5587846017390076e-06 1.623522319527211e-06 2.980520757223614e-07 0.0 3.7462875324787656e-07 0.0 1.9568370820138353e-07 5.713926910829397e-08 5.281081571714197e-07 0.0 1.797387868381804e-07 1.2732335766450836e-05 0.0 0.0 0.0 3.0557495328989894e-05 1.3956133246028008e-06 9.405168835955371e-07 5.032393337218004e-06 4.359674883616871e-06 6.243258905664824e-07 2.9726927828481817e-05 2.4822731511394174e-06 1.675188708722129e-05 2.5781517310361278e-05 3.7266752136623463e-06 1.5267496173096365e-06 8.942234080971026e-05 5.519467729341346e-05 3.0298600442405164e-05 1.0881523614400192e-05 0.0 2.6652602235233205e-07 0.0 1.5324792417460894e-06 0.0 0.0 5.011198770269048e-07 0.0 0.0 0.0 0.0 0.0 0.0 0.0 0.0 0.0 0.0 0.0 0.0 0.0 2.201638543184738e-06 0.0 0.0 0.0 2.720934581489476e-06 1.0979624201281576e-07 7.903856084097895e-07 0.0 0.0 2.747757247056356e-07 0.0 0.0 0.0 0.0 0.0 2.499094847772256e-07 0.0 0.0 0.0 0.0 0.0 1.8909896748369698e-07 0.0 0.0 0.0 0.0 3.1443568814482477e-07 5.637315107787033e-07 3.8266577161726926e-07 0.0 0.0 5.18515699046525e-06 0.0 0.0 0.0 0.0 0.0 0.0 0.0 0.0 7.559852759789219e-07 9.170735001815072e-06 0.0 0.0 0.0 0.0 4.920681212589071e-06 1.2898889062076689e-06 3.5832062399986486e-06 8.134867787037231e-08 3.0387865254346955e-07 0.0 0.0 0.0 8.357942678908572e-08 0.0 0.0 0.0 0.0 0.0 0.0 0.0 6.602490529004737e-06 1.1154338643457925e-06 1.5387760381844583e-06
4.8476584539819246e-05 0.000661888347211499 0.003634681330349222 3.184053128933976e-07 0.0009475271535042438 8.46159395807415e-07 2.7674670026331773e-05 0.0 0.00025243485346746635 2.46046708463587e-06 0.0021512172847730354 1.886821785937365e-05 0.00015581741306829405 0.00035542290450710456 5.5788852553608685e-05 1.8476028449605174e-05 2.6559712979705672e-06 9.374385322881521e-08 8.895963922261814e-07 1.5015173371671654e-06 6.688033349160859e-07 1.2143450468674588e-06 1.9284556423326688e-07 3.174694195087079e-07 4.5295605740439586e-07 4.5002817703655177e-07 1.731354848198125e-06 3.43709030183297e-07 5.097231074736137e-07 0.0 0.000979179726762689 0.0005037860235752924 0.00010073965113770598 1.7930932539878636e-07 1.194857176207012e-06 1.1851235738582646e-06 2.418233173855954e-05 6.994879095543786e-06 6.858018866229597e-06 5.196480106582734e-07 1.9443684338057936e-06 9.3585373042517e-06 6.557166276686822e-06 1.329820110686445e-05 4.167289553578295e-06 8.916394091321094e-06 8.959049779730154e-05 4.546208976702357e-06 1.3464976183690681e-06 6.1028338970439405e-06 2.5910054381022986e-06 6.130541215882349e-06 2.3456127240623442e-07 3.65028520837079e-06 7.8648842486771e-07 1.661252326972951e-06 1.9749156013060066e-05 0.0001327593351909489 8.860365024664607e-06 4.804194709319332e-05 3.577824344386981e-05 4.851094243144579e-05 3.594128008330557e-06 0.00019014421274806155 3.335631297366773e-06 2.249516376994787e-06 1.4220308357865512e-06 3.4787410385575423e-06 1.2186646866060714e-05 9.624266881576402e-06 1.3930240030214018e-05 3.5347413902281296e-07 0.0 5.325500351430367e-05 0.00011124167114314422 0.00012460314250237255 6.844248594467417e-05 0.00015628482367585042 0.0008006626854880164 0.000817655370301236 0.000216018646715936 0.001492709730762594 1.163192207403582e-05 0.0 2.2096136409005874e-06 3.7630822574370516e-06 7.606925266510678e-06 2.1469415429325705e-07 1.1707228953369468e-06 2.6467828886604687e-07 1.3896350190099171e-06 1.6146022367270076e-06 2.755290291770119e-05 2.934150462931499e-06 6.167790604527655e-06 1.3043457061139086e-05 1.3534057047233231e-06 0.0 1.6022189004386377e-06 1.044978974108584e-05 0.0 0.0 5.006010101962663e-07 2.4298213924607085e-07 0.0 8.15137606277118e-07 9.762246719500125e-08 1.0899417094433586e-06 5.680405736929242e-07 7.968595274873854e-07 8.214282845753607e-07 4.554524378722717e-06 2.312011975722888e-06 5.247732467057094e-06 4.59099056267971e-06 1.4701235327196902e-07 1.1360687787022022e-07 0.0 0.0 0.0 0.0 0.0 0.0 0.0 0.0 0.0 1.286041881484372e-07 4.183165492773652e-07 2.2258279259335978e-07 0.0 4.943880913074762e-07 0.0 9.51700253448328e-08 0.0 0.0 1.6560581694425568e-07 0.0 5.670326473455367e-07 0.0 2.7745087789002496e-06 8.397055910119668e-07 4.614748244165108e-06 2.100864952467376e-06 5.491014047610457e-07 1.328900970192758e-07 1.3443148215459177e-07 0.0 0.0 0.0 1.2667529138213294e-07 0.0 0.0 0.0 0.0 0.0 1.003724525704925e-07 7.34611732743236e-07 1.2452497200796805e-07 0.0 0.0 8.175585140524772e-08 9.549495430531153e-08 0.0 0.0 4.7100496798776714e-07 0.0 4.112458715562855e-06 1.0375923206548092e-07 0.0 0.0 0.0 9.49418722311522e-08 0.0 0.0 0.0 2.4150651446270065e-07 6.376271359969822e-06 5.97821114513011e-07 0.0 1.3410045160441067e-07 5.963219660601192e-07 1.2427495412894623e-06 1.1496993770215554e-07 2.9447119230129097e-06 0.0 0.0 0.0 0.0 0.0 0.0 0.0 0.0 0.0 1.0433505442241882e-07 1.137827206099788e-07 1.596425446533057e-07 0.0 1.635428849129509e-06 3.683234085154351e-06 5.601463623133301e-06
4.1004280467458354e-07 0.00019978552990417868 0.00029725386115096416 1.3354152392044247e-06 0.003346861294751582 1.4167743217747775e-06 0.0003487596829469767 0.00025243485346746635 0.0 2.372048150528554e-05 0.0005049373581783543 7.83452074123365e-06 0.0005453763992534739 0.0009511165889983993 8.899463939758815e-06 1.0628434131127276e-06 3.1787757503541607e-07 0.0 0.0 0.0 0.0 0.0 1.085438272831142e-07 0.0 0.0 9.147843117151288e-08 0.0 0.0 0.0 1.6813528446840638e-07 1.8524232481241558e-05 1.2773565609338915e-06 3.6059721980018995e-06 0.0 1.268943196953002e-07 0.0 1.3377688639888165e-06 0.0 0.0 0.0 1.3392126567897434e-07 5.05420223384408e-07 5.916709768998202e-07 3.553477353052326e-07 1.5418716626178445e-07 2.142124376480215e-07 2.7024941568308765e-05 1.3912076182451754e-06 2.243744808266737e-07 1.6368770553768745e-07 3.7054588498047885e-07 1.293660041719441e-07 0.0 9.916049811102338e-08 1.0714940991422752e-06 6.580567142061218e-07 1.1319239594388166e-05 1.2567009977166349e-05 4.527502109523811e-06 1.5027536163366851e-05 8.231735102512846e-07 6.336458481645126e-07 1.3008723855544152e-07 1.1619014690634056e-05 1.2628727937665459e-06 1.1075159704126047e-06 4.3757353048733904e-07 4.837820719674527e-07 2.645975283130153e-07 4.248445716914985e-07 4.167288571586463e-06 0.0 0.0 1.4862878542289234e-05 2.683982836223718e-05 3.721904514180827e-05 1.568227753522541e-05 1.9293770596130372e-07 9.389132743822347e-07 9.198852291210032e-06 1.764976968651964e-06 1.7276077681761697e-05 5.380536987349912e-06 0.0 1.4559266506045162e-06 1.992918766517034e-06 1.0757376554777205e-06 0.0 7.024600236891608e-08 0.0 3.6975279417214135e-07 3.6697546197915047e-07 7.331607515414214e-07 2.3984244654998774e-07 5.478839665943757e-07 1.0300190904078535e-05 2.648965393092792e-07 0.0 0.0 8.333416715700635e-07 3.53710302541781e-07 1.156855140473177e-06 2.8657651695814e-06 1.6298519244230493e-06 1.5467601172638114e-06 6.703140493570526e-06 1.0467011003575254e-06 1.1370051537042347e-05 6.134741873518404e-06 5.71907732558877e-06 1.5723488990592264e-06 1.7867371882738993e-05 1.746628727097462e-05 2.0417577077312806e-05 1.1838965209985267e-05 0.0 0.0 0.0 0.0 0.0 0.0 0.0 0.0 0.0 0.0 0.0 0.0 0.0 0.0 0.0 0.0 0.0 0.0 0.0 1.0036956176307475e-07 4.96484522500617e-07 0.0 0.0 0.0 3.3190815407531026e-06 0.0 2.5179534547561927e-06 0.0 1.0362086831288502e-06 0.0 0.0 0.0 0.0 0.0 4.224424265803141e-07 0.0 0.0 0.0 0.0 9.619505931398067e-08 0.0 7.120948862074444e-07 0.0 0.0 0.0 0.0 0.0 2.006043368718927e-07 0.0 0.0 0.0 6.7457038206825895e-06 0.0 0.0 0.0 0.0 0.0 0.0 0.0 0.0 0.0 1.4158657393483351e-05 0.0 0.0 7.14337545914736e-08 0.0 6.954969336552939e-06 1.2629184012186884e-06 6.825727653650382e-06 0.0 0.0 8.192298862190473e-08 0.0 0.0 0.0 0.0 0.0 0.0 0.0 1.0094508621237802e-07 0.0 0.0 1.0493974987697122e-05 2.0469974374062454e-06 4.502848437726344e-06
0.001234679268919667 0.0007437320173684797 8.954801231786785e-06 0.0016557221281080282 0.0003059315672154036 0.00020008393792987324 0.0009396031981381994 2.46046708463587e-06 2.372048150528554e-05 0.0 7.99271199022709e-06 0.00272097825244269 0.002331794059036495 0.0002229937576318024 1.6444426514648518e-06 3.0694677568873105e-07 1.3498796258250936e-07 0.0 0.0 0.0 0.0 0.0 0.0 0.0 0.0 0.0 0.0 0.0 0.0 0.0 4.786437584368723e-05 7.492293652578943e-07 9.38535856303253e-06 0.0 0.0 1.7674907408572142e-07 1.377658939008544e-06 3.925779364921434e-07 7.749956227682502e-08 0.0 2.5244379605884344e-07 0.0 0.0 1.362388767404216e-07 0.0 0.0 6.8611316369024e-06 3.5190045297636923e-07 0.0 0.0 2.873729586756866e-07 0.0 0.0 0.0 8.664167453377488e-08 5.692588835152659e-07 4.6334866956214155e-05 0.00014279675205934613 5.185927385125273e-06 1.20192948414487e-05 0.0 1.915457866031018e-06 0.0 6.400377587870957e-06 7.708288824680815e-07 2.036575480849974e-07 4.7127269868239235e-07 1.4902177336855872e-07 0.0 0.0 2.8652273100356907e-05 1.1028547144725265e-06 2.9523884014258663e-07 2.6615480461391692e-05 1.0488418607583835e-05 1.5236381370182363e-05 2.7828531110620192e-06 0.0 4.966672667672451e-07 2.4508572408420893e-06 0.0 2.691511982209234e-06 3.147582845988603e-06 0.0 4.175388062290204e-07 6.131494277573688e-07 0.0 2.415056317734128e-07 7.660954115106396e-08 1.098965486167654e-07 2.0729327354320357e-07 0.0 0.0 0.0 9.580201984132715e-08 0.00011942800212650895 3.366200684914766e-05 1.9547939873209136e-07 5.834756305528634e-06 0.0005873704587599479 6.911866305626237e-07 8.341130592555359e-07 2.941645395880217e-05 1.493455240491743e-05 1.5570553306719623e-06 6.40597890735093e-05 3.309229580804468e-06 8.333269654700154e-05 3.2904528200813866e-05 2.165466144151745e-05 4.826308404624997e-06 8.722505811748884e-05 8.763468152338187e-05 7.306855936824297e-05 2.047774242597222e-05 0.0 0.0 0.0 0.0 0.0 0.0 0.0 0.0 0.0 0.0 0.0 0.0 6.178579296415802e-07 2.3912383816712176e-07 0.0 0.0 0.0 0.0 0.0 4.16433348232132e-07 2.038638226413167e-06 0.0 0.0 0.0 2.872127262959839e-06 0.0 1.5419136013926342e-06 2.1031992132555155e-07 0.0 0.0 0.0 0.0 0.0 0.0 0.0 0.0 0.0 0.0 0.0 0.0 0.0 0.0 0.0 0.0 9.431073835671352e-08 1.3346996871332181e-07 3.412104512674135e-07 2.6471450671088953e-07 7.696207732238229e-07 0.0 1.0811497269260558e-07 6.031671569408485e-06 0.0 0.0 0.0 0.0 0.0 0.0 0.0 0.0 0.0 2.9361200229865727e-05 0.0 0.0 0.0 8.408087705671308e-08 1.2563550077897476e-05 2.42015860386008e-06 6.614976323452196e-06 0.0 5.521454415223646e-07 0.0 0.0 0.0 0.0 0.0 0.0 0.0 9.082503697659592e-08 0.0 0.0 0.0 2.593711656984494e-05 3.163197845680043e-06 2.677474519296256e-06
0.0001426027324742256 0.0012321102745195545 0.00228841087629426 4.717318515827069e-07 0.0022411845524960908 9.024394717133264e-07 7.587272449909729e-05 0.0021512172847730354 0.0005049373581783543 7.99271199022709e-06 0.0 9.903531720708878e-05 0.0012751040496473114 0.002198783104210959 2.5539780259523815e-05 7.986385127184846e-06 6.008429626723561e-07 8.672551898250588e-08 0.0 1.1193240525752656e-07 0.0 7.645540815434044e-07 3.916008987530231e-07 1.27221940858107e-07 5.823392960846856e-07 0.0 0.0 1.4086664013883373e-07 0.0 4.057865100293528e-07 0.00022858799418674003 1.604036238519296e-05 0.00022706828661491767 3.0619207083079946e-07 7.120476071624633e-07 1.1570784387957741e-06 3.062817393737879e-05 4.575987525954738e-06 2.7469053084565576e-06 1.374044116736036e-06 0.0 1.690531412008602e-06 7.883461879110288e-08 6.816680844252482e-07 7.530686057650341e-07 5.454147095132734e-07 4.2447045740818524e-05 1.729020543275521e-06 7.338714046870805e-08 4.512519374652461e-07 1.0062061349192497e-06 1.7240061233513683e-06 0.0 1.0894745902722208e-06 6.265145296893566e-07 1.5555378167650746e-06 1.7429691618566324e-05 8.028096112970126e-05 8.55527790428436e-06 2.9896275227397113e-05 1.5759688409296035e-06 6.720362509104239e-05 4.242037447853174e-07 2.1998514515558907e-05 1.8652310801729938e-06 1.2735667399932568e-06 1.2624024307122752e-06 1.0542264568475922e-06 8.184488606699137e-07 8.160122189579979e-07 2.907553798923161e-05 3.8356185571507636e-07 1.0391245589223791e-07 4.1314180594617695e-05 4.312207519082825e-05 6.715559078400564e-05 2.3187348997935474e-05 3.774155914528169e-06 2.7167822213011677e-05 0.0005566866039161519 5.2221041021639265e-06 0.00019539667156387693 6.9350154887006216e-06 1.1010703691107259e-07 2.0062620770572282e-06 2.021395371137048e-06 5.094379988336338e-07 0.0 5.930263407845269e-07 2.1111621739936565e-07 5.29081939993791e-07 9.419928780050465e-08 2.0083765702799216e-06 5.953828232754886e-07 6.528505465846047e-07 1.5816566391341508e-05 0.0 9.312032151586827e-08 3.714952007591522e-07 2.593725493139081e-05 4.472200886386869e-07 0.0 8.774220657275618e-07 1.2274396597007972e-06 1.109038405312272e-07 2.139315990174715e-06 1.7957848494669625e-07 3.996752951519912e-06 1.9473981985846897e-06 2.0630883059263885e-06 7.6346054536871e-07 8.250830220574657e-06 7.467672965776802e-06 9.94863103124708e-06 7.890474371056874e-06 0.0 1.4088725093370537e-07 0.0 0.0 0.0 0.0 0.0 0.0 0.0 0.0 0.0 0.0 0.0 0.0 0.0 0.0 1.1941606571235747e-07 0.0 0.0 1.749052906339994e-07 6.16061381100375e-07 0.0 9.954685121232137e-08 0.0 4.647346974658598e-06 1.3029000993864955e-06 4.283500646204924e-06 1.1680480433702773e-06 3.5756719131786946e-07 0.0 0.0 0.0 0.0 1.0574456577812792e-07 7.993962551309284e-07 0.0 0.0 0.0 0.0 0.0 0.0 8.913245157971526e-07 5.4358716202764e-07 7.057426899826455e-08 0.0 7.056155275571126e-08 2.432709551810598e-07 2.7090325646361626e-07 0.0 1.165430224165219e-07 3.609761373475993e-07 6.738246811927444e-06 3.237609418785822e-07 0.0 0.0 0.0 0.0 1.7518107586837634e-07 0.0 0.0 3.236219734838241e-07 1.539400945789333e-05 2.8794712599020977e-07 0.0 0.0 0.0 3.8104131990315724e-06 2.373489199269156e-06 4.906735190769508e-06 1.1152355461300419e-07 0.0 0.0 0.0 0.0 0.0 0.0 0.0 0.0 0.0 0.0 0.0 0.0 5.652746618442758e-06 2.500866394139382e-06 6.921292351443052e-06
0.00022004444627420032 0.00013086355437795998 9.389938567423662e-06 0.0006395301431002968 1.2620710128821695e-05 7.683954999208574e-05 0.00011192162183970694 1.886821785937365e-05 7.83452074123365e-06 0.00272097825244269 9.903531720708878e-05 0.0 0.0008737488586506754 0.0003921451780758558 1.5035970496735133e-05 4.853875828244895e-06 3.6055284369960424e-07 0.0 7.374785144619357e-08 0.0 0.0 1.3248354578034832e-06 0.0 0.0 6.86367991122519e-08 1.772526681849567e-06 0.0 5.735758023641488e-07 0.0 9.4991236629576e-08 1.010291864203301e-05 1.1375910370640117e-06 5.825343967876459e-05 0.0 4.978062614402642e-07 6.968849029789327e-07 6.473558691006091e-05 1.0695219969420534e-05 1.2704341209484545e-05 2.6263313750708447e-06 0.0 2.7062490039668846e-07 0.0 1.9544201684075028e-07 0.0 0.0 1.8386509108690423e-05 7.000464477516985e-07 0.0 0.0 2.695683875208121e-07 1.518460039467754e-07 0.0 1.4742581982978617e-06 4.4329086899226603e-07 2.1334698838531123e-07 7.10928215915166e-06 1.7565653948752865e-05 2.7962657844298152e-06 6.2134246476847624e-06 1.4203382018417593e-07 1.552517036659768e-05 3.7483413849473834e-07 4.112801623800766e-06 6.054440192030023e-07 1.3510356177837128e-07 2.1315048519940867e-07 6.67025455253319e-08 6.362176130559762e-07 1.8783151393525343e-07 9.09254266416075e-05 6.570377211417877e-07 7.893966984997474e-08 5.219994667854214e-06 5.146145434026501e-06 1.65294279869812e-05 4.9214153673370195e-06 7.601261700333807e-07 1.227900749000737e-06 4.073187106171243e-05 3.361151163196038e-07 1.4371836080605506e-05 1.8326024982311506e-06 0.0 3.4791521566101733e-07 4.085872445220882e-07 3.780997688849674e-07 8.639248583100292e-08 1.7449293681636578e-07 1.2946898091098953e-07 7.556626309769758e-08 0.0 1.9799883669920874e-07 2.9114654916704097e-07 1.2602958210082838e-07 0.0006124863387377468 4.2807202466666585e-06 0.0 6.426040879675884e-06 0.00011042381800947467 1.6400505550726831e-06 1.974938832584701e-06 3.8491466316610124e-05 1.589911251446618e-05 2.4554669146269082e-06 7.956829581105838e-05 4.796087528736851e-06 0.00014303167526746126 3.0134698337156263e-05 2.9952689223818423e-05 1.2858459228074236e-05 0.000161117894815488 0.00012378979105097027 0.0001290439287307775 6.192669909912568e-05 7.536288045215767e-08 0.0 0.0 0.0 0.0 0.0 0.0 0.0 0.0 0.0 0.0 0.0 3.1976543778345077e-07 2.2954937366336014e-07 0.0 0.0 0.0 0.0 0.0 2.0550738457851092e-06 7.07017420200906e-06 0.0 1.1790539375081272e-06 0.0 1.5496422925320106e-05 2.307590866437189e-06 8.639983565369444e-06 1.8970183764713823e-06 9.641385923129476e-07 0.0 9.242396793667256e-08 0.0 0.0 0.0 0.0 0.0 2.2393901158331418e-07 3.7461119324785616e-07 0.0 1.4574843048067694e-07 0.0 1.9694178869295164e-07 2.0413448717446236e-07 0.0 0.0 5.9395967988709e-07 1.2487818398827238e-06 2.011034209805478e-06 4.061724769540873e-07 2.0743489552263325e-07 9.105552921688928e-07 3.201171186288491e-05 7.350577390899693e-08 9.722918498279357e-08 1.173315397909867e-07 0.0 0.0 1.987712670614022e-07 0.0 0.0 0.0 8.113062227528343e-05 4.867007502994707e-07 0.0 0.0 2.516103939340908e-07 5.017916025267756e-05 4.63449934932162e-06 3.06509602855046e-05 5.095474192044806e-07 7.980058319310695e-07 2.2972384271791446e-07 0.0 0.0 0.0 0.0 0.0 1.3403205421821732e-07 0.0 0.0 0.0 0.0 5.9392022003482915e-05 9.716278931523276e-06 1.3784118144929265e-05
0.000189121193610999 0.0016974954571177955 8.618265468783691e-05 0.0008627843371693238 0.0012133896292122093 4.8780612444087676e-05 0.004651115995401307 0.00015581741306829405 0.0005453763992534739 0.002331794059036495 0.0012751040496473114 0.0008737488586506754 0.0 0.0035873669964598663 4.857533393091126e-05 1.7458005642853136e-05 1.3610863428095494e-06 0.0 0.0 3.248147735857466e-07 0.0 7.817603327981161e-07 0.0 0.0 2.4495382823736993e-06 6.341944892081924e-07 4.4131632615616307e-07 1.587353342570251e-06 9.209317350587593e-07 4.942233318350884e-07 2.8459126605278175e-05 1.9644186327106907e-06 0.0007948893725328328 1.9766045776070608e-07 1.2288428156936331e-06 9.525245980776258e-06 0.0003605245088990183 0.00012020911953601387 9.873163642589962e-05 2.0468799128443744e-05 6.750082102987403e-07 1.2581263583101883e-06 1.681408123100716e-07 8.43999648208294e-07 7.812214509878756e-07 1.5569591396068174e-07 7.451803364290534e-05 2.4134247658880564e-06 1.8624478615458145e-07 1.9590636657424716e-07 1.4417434612069205e-06 3.7423108848335463e-06 3.4960399556370563e-06 1.5861238225939532e-06 6.577199130747212e-07 2.0878649087576165e-06 1.714650710883048e-05 3.617347256522209e-05 1.1180890544085751e-05 2.975690441459273e-05 1.4408329947905287e-06 0.00013440505403458612 2.9382780283777113e-06 1.821099345496429e-05 2.7492300030995395e-06 1.1088366390914907e-06 1.1268237283238633e-06 4.5815344226749867e-07 8.909984283069836e-07 9.033626874731194e-07 0.00029563612633822347 1.8138244035438828e-06 9.225074568073735e-08 2.8789179588106588e-05 3.296292105421517e-05 7.586570426155224e-05 2.6347548673596317e-05 2.9396662614047745e-06 5.826155397658113e-06 0.0004172500608815904 1.652994437676502e-06 6.663703708187519e-05 1.2354150365671334e-05 0.0 1.401768725250871e-06 2.6552854373602806e-06 2.8323461338654664e-07 1.8579843224894096e-07 3.5557787998661894e-07 7.843541704385844e-08 4.4863223702864356e-07 5.467393668443786e-07 2.090201591424489e-06 7.992618215523868e-07 8.742028482434504e-07 0.0012020593898142394 7.81969201909261e-06 0.0 2.9077254461303987e-05 7.169186387907532e-05 6.255117152163075e-06 3.418850101447302e-06 4.834907459951374e-05 2.2503144412055808e-05 6.2941865413006035e-06 0.00011464004520879007 1.0376257585800758e-05 0.0001819399011080626 4.941069604516039e-05 5.227940164033114e-05 2.9379816875165425e-05 0.0002494466301704286 0.0002057551439590695 0.00022822588528319566 0.00013918225721491265 0.0 0.0 0.0 8.230693639489333e-07 1.0856414017035113e-07 0.0 0.0 0.0 0.0 0.0 0.0 0.0 0.0 0.0 0.0 2.7193940128417514e-07 0.0 1.207671651044422e-07 0.0 3.6630166331798293e-06 8.214772754858795e-06 1.2056614365274734e-07 1.5054521784409885e-07 1.5226219194600316e-07 4.488380841426751e-05 6.361834402918773e-06 2.938043035525411e-05 9.453791670557988e-06 1.5558879740887625e-06 4.186785346375101e-07 7.716287148158553e-08 0.0 1.059411958506157e-07 1.0826671029127416e-06 1.6943680761663825e-06 0.0 2.1620015462174576e-07 4.1765461506358814e-07 1.2816708041308705e-07 2.8590427403684226e-07 0.0 2.0529053485284226e-06 0.0 9.125525973550071e-08 3.375146588031681e-07 1.0511976519932966e-07 3.618763154686596e-06 5.544587687823617e-06 4.471370606775472e-07 1.3034901771754325e-06 2.468091749187629e-06 7.129786464732548e-05 5.789938650660255e-07 7.724476298026706e-08 3.138367889798172e-07 1.1614752244747843e-07 0.0 7.999810257505224e-08 0.0 0.0 4.411260348961238e-07 0.00017826282738316675 1.6491534207571717e-06 0.0 0.0 0.0 9.025618095247163e-05 9.672582843731294e-06 6.688774668587421e-05 1.2327400985382577e-06 2.627130308178906e-06 7.740621236782541e-07 2.925269262594426e-07 0.0 0.0 0.0 6.952487832157967e-08 1.1611915502048977e-07 1.867497947634005e-07 0.0 1.1150266797773008e-07 0.0 0.00011431059114167711 3.0511880351921407e-05 4.966081073864662e-05
