0.0 0.0021615501519901678 0.0007367582423983899 0.0015486833074378778 9.01349748875605e-06 7.259654900151776e-05 0.0001419235051525176 6.326799684774999e-05 1.542944764696183e-06 0.0008123163258404784 9.480091202655593e-06 1.9080965797520836e-05 3.2192225632715e-05 2.2164601142010333e-05 5.589846957669866e-07 7.041795588578424e-08 0.0 0.0 0.0 0.0 1.1913607382447822e-07 0.0 0.0 0.0 2.011338151389534e-07 0.0 0.0 0.0 1.548416288003855e-07 0.0 0.0005338859855314332 1.8706939819406038e-05 2.9125849786149567e-06 8.108972424118517e-08 0.0 0.0 6.539546429908845e-07 2.2222629724798333e-07 6.566339902823089e-07 0.0 0.0 2.7554883905503493e-07 0.0 1.367550559425457e-07 1.2800833565997969e-07 7.742112319459753e-08 2.241647897541342e-06 1.1964955093773301e-06 6.977786784081681e-08 1.4645760417362854e-07 3.9456518141207074e-07 1.0016793569713042e-07 0.0 2.1116611778887964e-07 3.7942424303788054e-06 5.414106218567409e-06 0.00015859738329093018 0.0003094622821061391 2.2409869687244612e-05 9.171130652230458e-06 1.5994221876766584e-07 8.815278626288688e-07 0.0 1.4242863582855076e-05 2.769648547537706e-06 1.2243615677798752e-06 6.018998542373295e-07 3.4902546527907884e-07 1.696420211038877e-07 0.0 3.270576726499769e-06 2.9391481859168896e-07 0.0 5.6498515324814634e-05 1.1451521767565075e-05 4.890639468548032e-06 1.5205162859701994e-07 0.0 9.790530027907356e-07 7.451653527846397e-06 0.0 1.5765297714862452e-06 4.508367302127405e-06 7.794874356665977e-08 2.2136711957282212e-06 1.4960303813853923e-06 1.2946099955374342e-07 0.0 6.93923114226192e-07 3.9121921351028386e-07 9.200629054864887e-07 0.0 1.0644468079608195e-07 3.172909873459523e-07 3.240719081956183e-07 4.059546292951315e-05 9.017034153830182e-06 5.964106631390204e-07 2.903339626628913e-07 0.00040619432082338806 0.0 0.0 5.527232858732448e-07 4.4038291227371383e-07 0.0 5.941124574559424e-06 7.51607766556826e-08 2.289707090976376e-06 1.211578779683825e-05 9.448101451514055e-07 3.2356458274197505e-07 4.833471643037342e-06 3.667677556539326e-06 1.0792708396636785e-06 4.955871046630204e-07 0.0 0.0 0.0 0.0 0.0 0.0 0.0 0.0 0.0 0.0 6.935360333137713e-08 0.0 1.0431522507932996e-07 0.0 0.0 2.2698338431938272e-07 0.0 0.0 0.0 1.1306225890698392e-07 0.0 0.0 0.0 0.0 0.0 0.0 4.783266280982232e-07 2.711155585471745e-07 0.0 0.0 0.0 0.0 0.0 1.2252832763220053e-07 0.0 0.0 0.0 0.0 0.0 0.0 0.0 9.504972069536165e-08 0.0 0.0 0.0 0.0 0.0 0.0 0.0 0.0 0.0 0.0 0.0 0.0 0.0 0.0 0.0 0.0 0.0 0.0 0.0 1.4666928083783425e-06 0.0 0.0 0.0 0.0 2.143107659907973e-07 0.0 0.0 0.0 6.924709206500605e-07 0.0 0.0 0.0 0.0 0.0 0.0 0.0 0.0 0.0 0.0 0.0 2.677737826481996e-06 1.039452371248849e-06 5.439491493982172e-07
0.0021615501519901678 0.0 0.0008042845788304116 0.001528801856831258 0.0012450310232934786 0.0001551179162519034 0.002312224066382975 0.0007155214764932812 0.000323308156975077 0.0012390458407123563 0.000750940584805271 0.00015456033045179831 0.0006437053752400232 0.0008624057277152096 1.6314705166417138e-05 1.1694285918916316e-06 2.774977735627506e-07 2.0325508542863715e-07 6.478209219588628e-08 3.745602541939551e-07 5.880687723211253e-07 0.0 0.0 1.194782275263444e-07 4.7585243905865425e-07 9.168997106175513e-08 0.0 1.595943404926033e-07 4.239674017154331e-07 0.0 0.0009413707010929523 7.370054437258088e-05 5.9808349202761583e-05 2.4494265787152133e-07 1.97006792171074e-07 1.0566130929688516e-06 2.6937309252972658e-06 2.3071232094225506e-06 1.6568501700980367e-06 6.918576169566954e-08 3.6155733036728086e-07 8.431016484208607e-07 1.4254226024529631e-06 2.758649400105037e-07 3.8681468413685035e-07 1.0496063531463096e-06 8.293753363606122e-05 7.205256704865241e-06 9.169543387230991e-07 5.352170279649727e-07 1.8488164921971e-06 4.4812809828517197e-07 1.7970164493261243e-07 3.474900207314174e-07 1.2434107117058958e-05 2.1234181723502308e-05 0.00021051794948271672 0.00046325460808402613 3.0420596302068694e-05 5.4224145885649936e-05 1.7458943716968757e-06 3.410353991287394e-06 1.520942084950297e-06 0.0001969475339974702 1.3317246107368764e-05 8.010238695911113e-06 3.026164088095301e-06 2.5686834244067445e-06 2.55631029389465e-06 3.0474601037225484e-07 6.388125511508256e-06 2.44189921627689e-07 9.123831411326965e-08 0.00018910292738503204 0.00019772496027324103 0.00012067996190857413 1.5893898741001612e-05 3.470370658962952e-06 1.7945542652628773e-06 5.482607198266099e-05 9.540350977040009e-07 5.239316941535653e-06 2.2359318337686334e-05 4.312950216806938e-07 1.691129335783481e-05 1.1162481183140593e-05 1.7200843282002585e-06 2.5807854856889535e-07 2.845656432758006e-06 1.4257796828012881e-07 2.922504533301672e-06 6.888473513290564e-07 1.426540804000881e-06 2.23939146081466e-06 1.3688995254074116e-06 4.2128367182378924e-05 2.158998314991785e-06 1.1905871370005529e-07 1.8566517749145077e-06 0.0005164587915135864 3.4256767639594435e-07 3.228674864992015e-07 8.570090419857168e-06 2.8183567983074964e-06 2.066824619870278e-06 5.3965792372290966e-05 5.032040222294147e-07 1.3394324820324605e-05 2.756774156294079e-05 9.378971857145274e-06 7.815701622386765e-06 5.060011517354774e-05 4.696872218049602e-05 1.692101330781827e-05 5.96408023659462e-06 5.764912672203466e-07 0.0 0.0 0.0 0.0 0.0 0.0 3.423387029694559e-07 1.3928228635949015e-07 0.0 2.4769030098391696e-07 0.0 5.106391739077873e-07 5.719408728714597e-07 0.0 2.2510779560882773e-07 1.9662464721844672e-07 4.400265540292276e-07 0.0 1.2417888265780376e-06 7.298224258143929e-07 7.842836778685236e-08 8.248595191939407e-07 3.694244854179452e-07 1.8195926647967226e-06 1.1285007724515934e-06 9.983617259443732e-06 1.6890799590071188e-06 9.469481330950963e-07 8.744312636345348e-08 2.8395942950196957e-07 0.0 0.0 1.0887494976992444e-07 8.692227096419754e-08 0.0 1.4713484256083302e-07 9.196627174392555e-07 0.0 0.0 0.0 8.163474161494458e-07 2.565316738775738e-07 0.0 0.0 6.998208070672476e-08 1.4371107272109014e-07 4.847932104958692e-07 0.0 8.757541673687252e-07 8.177693431232254e-07 4.4566256784071315e-06 1.2331183025025228e-06 1.1323052810417505e-07 8.434488283455001e-08 0.0 8.492839024319486e-08 0.0 0.0 0.0 1.338916576845047e-07 2.8605646228128767e-05 1.972395471413502e-07 0.0 0.0 6.694482359769771e-07 7.4709703423635765e-06 1.3717578499358471e-06 4.736527938986267e-06 1.9745521390433398e-07 1.4633994305390313e-06 5.491653757440641e-07 0.0 4.0050317904897503e-07 0.0 6.468037531895062e-08 0.0 0.0 2.2834704416432156e-07 1.3205478704162645e-07 1.841183123014955e-07 0.0 2.0044783777507997e-05 7.615987415888208e-06 9.791286274906034e-06
0.0007367582423983899 0.0008042845788304116 0.0 0.00014857267923043473 0.00024458313083111074 2.1455964045656466e-05 0.00022299417456035859 0.0029946802132352662 9.878619745050867e-05 0.00018275198720929284 0.0013100094575231932 6.184422709822807e-05 0.00015093308742276335 0.0009590404139131197 1.0245841976233603e-05 2.113546096941059e-06 3.4389211460079256e-07 2.6371845984083754e-07 2.2166788294773952e-07 3.849134564644004e-06 9.920805978651473e-06 1.0689126021441623e-06 4.941993351010927e-07 3.607928504347004e-07 5.985506368682677e-07 1.2158785246642124e-06 0.0 2.531086831498677e-07 1.5975895166376854e-06 0.0 0.0021427812287772696 0.00024436387752087974 9.22215131892677e-05 6.605818269831172e-07 5.351079617812032e-07 4.911102608657381e-06 4.994515968038413e-06 5.753208333363934e-06 1.986852769379874e-06 6.629764563319643e-07 3.731503150940372e-06 6.184529032487057e-06 4.354072571971306e-06 7.530526155768074e-07 2.52512681444537e-07 5.025140947675152e-07 3.261694094873087e-05 3.652641297568085e-06 1.4411184367714556e-06 3.2147495105193715e-06 1.6344778007406073e-05 1.7161251088626217e-06 2.658020614887525e-06 1.8686636872332523e-07 5.2199761313178795e-06 1.2840700168334478e-05 0.00017534210131240184 0.0004862011968939877 1.825145697000413e-05 2.4425486660180735e-05 5.108129263434707e-06 8.296506624876408e-06 5.933173033123957e-07 0.00014101866730290146 6.273361747924084e-06 4.543760846486036e-06 2.9312450206879447e-06 3.8063714042810618e-06 3.084336381899012e-05 8.687846971305667e-06 1.1579118888842229e-05 1.4595055520974463e-06 1.3099008293666618e-06 0.00010300537234587953 8.106578965813066e-05 6.245828598869063e-05 9.704635671757796e-06 2.8765862874859306e-06 8.01037548375627e-05 0.0004508817124314551 1.9346859927724118e-06 0.000104515349155768 1.1198220040405386e-05 2.972528576032976e-07 6.118379323127168e-06 5.520959866673185e-06 1.4119921646495743e-06 6.930079473747604e-08 4.667004959548524e-06 3.757389699438445e-07 1.5593501553492163e-05 2.1324059147418918e-06 2.8628945269542082e-05 1.9349495544977134e-05 5.440687274185938e-06 2.7134017649984367e-05 1.081093051598628e-05 0.0 4.61824113528724e-06 0.00035223598638705185 0.0 0.0 8.090944626712618e-07 9.736945077365798e-08 1.0436177227283872e-07 3.397557584407956e-06 0.0 1.689789910598498e-06 2.6712654339988564e-06 1.4586382198746576e-06 3.3897689248949874e-06 7.685007507010376e-06 1.0319613448856698e-05 1.631468386435389e-06 1.9394315356837552e-06 4.956671109179582e-07 2.981744616303982e-07 0.0 0.0 0.0 0.0 0.0 4.3804291103041425e-07 0.0 3.406632130332006e-07 1.155529636965256e-06 0.0 5.724653007844448e-07 3.027366186707657e-07 0.0 5.495777920497264e-07 5.411541182213951e-07 9.219418576807144e-07 0.0 8.329615907757148e-07 5.58373705656316e-07 0.0 7.699907535391594e-07 0.0 3.8550126276622815e-07 1.511925882166018e-06 8.582279803446361e-06 2.491739350562072e-06 7.228609695036409e-07 6.285379038016156e-07 9.516160688464927e-07 8.88548393684597e-08 0.0 1.0125049286937027e-07 2.3410592204371894e-07 0.0 0.0 6.25064209032644e-07 0.0 0.0 2.5039180071087163e-07 1.1539842064816127e-06 8.103381487639175e-07 0.0 0.0 0.0 0.0 6.161270243612076e-08 0.0 1.5702283560896933e-06 3.580197431855497e-06 3.987572583347401e-06 0.0 0.0 1.0784872619848334e-07 0.0 0.0 1.2497407433174736e-07 0.0 0.0 1.728025935957258e-07 1.3574784959329025e-05 1.062570468642327e-06 9.003325582531065e-08 0.0 1.670157455942115e-06 7.920743602223774e-06 2.3041142217286795e-06 5.108911482418172e-06 8.728179031325218e-07 9.329641599430589e-07 3.470126198309393e-07 1.8673693636088952e-07 4.406398814760082e-07 0.0 2.415120755521407e-07 0.0 0.0 1.0358337283862721e-07 6.445462285563827e-08 2.590112501918354e-07 0.0 1.0532203526911748e-05 1.2121766298799695e-05 9.504144324756076e-06
0.0015486833074378778 0.001528801856831258 0.00014857267923043473 0.0 9.277782219576928e-05 0.00040378500263777903 0.0002508978503685548 6.796133848302509e-06 8.537809532600119e-06 0.0018393557886939047 8.566591603475695e-06 0.0003882976937460925 0.0007407081291234926 1.811295769599219e-05 7.856592429254375e-07 0.0 7.637575912074302e-08 0.0 0.0 7.462561219877741e-08 0.0 0.0 1.0521818742574786e-07 0.0 1.0327608440040263e-07 0.0 0.0 9.621022707673518e-08 0.0 0.0 6.952354235569022e-05 3.627373544553099e-06 4.362170363187562e-06 0.0 1.2580930143780525e-07 1.0283102615081312e-07 0.0 1.8283460170329666e-07 0.0 0.0 0.0 3.3323101627974767e-07 1.7368128945261086e-07 0.0 5.9408176424224356e-08 1.4452668425641958e-07 3.8096841411542105e-06 1.5231644972842547e-06 1.4083842963363827e-07 7.443648750255546e-08 0.0 0.0 0.0 0.0 1.9311858604517076e-06 4.716719100965872e-06 5.5995951219605594e-05 8.548246795833569e-05 9.649765794443161e-06 7.368843723756907e-06 7.254233787293149e-08 2.7895462280836984e-07 8.664568619117472e-08 1.9551284811870367e-05 2.958201299513751e-06 1.2403166326258426e-06 7.611508676093284e-07 7.769068313244575e-07 2.180700290746293e-07 0.0 3.79944018131788e-07 9.71886492743158e-08 0.0 3.662334590043186e-05 1.5942818905494696e-05 7.072050185954021e-06 5.186150910984995e-07 1.3808533748766904e-07 0.0 3.1815435749899384e-07 1.9450699219864056e-07 4.6912512966834174e-07 3.4863069633611574e-06 6.916288240561666e-08 2.018314819387734e-06 1.917381847928095e-06 6.018976831751298e-08 5.800569874726267e-08 4.5740980724936666e-07 0.0 5.796284996058662e-07 6.419381035067515e-08 0.0 5.6268359667070815e-08 1.8684018295779965e-07 2.281348371338489e-05 1.5362341539571446e-06 0.0 6.325498034647087e-08 0.0002380035894591601 4.6096390733066065e-07 1.1738689509173866e-06 2.652326580032585e-05 1.2810107669118437e-05 5.030897302941796e-07 9.805143532611329e-05 7.548902615311756e-06 5.710938388925679e-06 2.9123934519733342e-05 9.682056871915571e-06 1.1810859227213885e-06 1.8205852202766762e-05 2.1695632495094285e-05 4.656586165070888e-06 1.4213405304490536e-06 6.750534055030396e-08 0.0 0.0 0.0 0.0 0.0 0.0 0.0 0.0 0.0 0.0 0.0 3.661418773773367e-07 0.0 0.0 8.165452345958331e-08 0.0 9.798435069656146e-08 0.0 3.084525931306308e-07 0.0 0.0 0.0 0.0 4.1971771610860733e-07 7.333461880330877e-08 1.434184634187323e-06 9.986917473516095e-08 1.6785747923591232e-07 0.0 0.0 0.0 0.0 0.0 0.0 0.0 0.0 7.894798800848908e-08 0.0 0.0 0.0 7.23596741057943e-08 0.0 0.0 7.95000316426281e-08 0.0 0.0 7.087967620638749e-07 4.485133359325302e-07 1.496992708268459e-07 1.4845403126079985e-07 8.148304850140222e-07 0.0 0.0 0.0 0.0 0.0 0.0 0.0 0.0 0.0 6.6138226103591705e-06 0.0 0.0 0.0 0.0 2.137578962128584e-06 0.0 9.299036795945188e-07 1.927360420351589e-07 9.402050799408226e-07 0.0 0.0 0.0 0.0 0.0 0.0 0.0 0.0 0.0 0.0 1.2857616581422783e-07 6.8226909557272754e-06 6.980732920237469e-07 7.031624851021495e-07
9.01349748875605e-06 0.0012450310232934786 0.00024458313083111074 9.277782219576928e-05 0.0 4.454740749853503e-06 0.0025926179982686797 0.0007247725516083135 0.0029330686119457407 0.00042624432423348175 0.00161367494592062 6.981102444525238e-05 0.00030876535394728605 0.0007426749964862113 6.053311895399895e-06 7.070722450775067e-07 6.459318603108929e-08 9.53243386855602e-08 0.0 0.0 8.939101287046611e-07 0.0 0.0 0.0 0.0 0.0 0.0 0.0 7.236241049928897e-08 0.0 2.9168895227354635e-05 1.5430704088638744e-05 7.571859816568295e-06 8.996722132951848e-08 1.4877071179961304e-07 9.13698415269747e-08 1.4744665887516832e-06 1.2380050024623176e-06 6.182078758386467e-07 4.1647708985499994e-07 1.2907555762700967e-07 8.090889423774408e-08 1.0928126619842147e-07 8.834970873043201e-08 9.636657205921851e-08 1.1922012291077704e-07 2.883058202525413e-05 9.568574738130374e-07 1.4588370739699718e-07 6.51520421448661e-08 2.132701003425786e-07 2.7744676547776354e-07 0.0 9.42953407151592e-08 8.977141242210381e-07 1.2745948020930295e-06 7.073488255749144e-06 2.3671821073458384e-05 1.2484208467657172e-06 7.026771002035683e-06 2.7203446893692865e-07 2.061249170618005e-06 1.4147660790397923e-07 3.353602000673961e-05 1.3721723422900463e-06 8.192866495626183e-07 2.75657767468993e-07 2.109636056675396e-07 3.997004846211319e-07 7.011240619759277e-08 2.7723074906449986e-06 2.1825187572426459e-07 0.0 1.8166176368862845e-05 3.900794799185475e-05 3.079872359720485e-05 5.174836332443181e-06 4.567535478789549e-07 2.2976623474460673e-07 1.7706693800549438e-05 1.7600532364984159e-07 2.8451171542094927e-06 2.335934216709198e-06 0.0 1.8083815846380263e-06 9.379526765441357e-07 1.443968813406981e-07 0.0 3.5596290213582164e-07 0.0 7.563631386316079e-07 0.0 9.450264152511497e-08 2.1908212411438076e-07 1.152960396257212e-07 3.895874565103457e-05 1.445141063477103e-06 0.0 3.925454427226798e-07 3.064482998622988e-06 2.2533123924012898e-07 4.205095884802337e-07 3.883185984004418e-06 2.0227582806095865e-06 8.095984816494323e-07 2.354748135309704e-05 3.977677879484246e-07 1.2117750023757418e-05 1.5169857283743262e-05 3.7972414226353284e-06 6.046858505649358e-06 4.161491556128989e-05 3.473986697976094e-05 1.365609365680867e-05 4.698773404866177e-06 0.0 8.916408983882548e-08 0.0 0.0 0.0 0.0 0.0 1.978643664906719e-07 0.0 0.0 0.0 0.0 0.0 0.0 0.0 0.0 0.0 0.0 0.0 7.399376706414441e-07 9.15191649997616e-08 0.0 3.36099507270126e-07 0.0 1.254789474827483e-06 0.0 6.3159749862281634e-06 2.064828097769444e-06 7.14485847657108e-07 0.0 1.5610514899519475e-07 0.0 0.0 2.4482352974083914e-07 4.338320052501462e-07 0.0 0.0 6.850354459252331e-07 0.0 2.4857140068647616e-07 3.275493037467641e-07 1.2869246443802561e-06 4.858219424280138e-07 0.0 0.0 0.0 5.085291722385366e-07 9.304156892217483e-08 0.0 1.4246806407585163e-06 8.954298722445102e-07 3.053798037620478e-06 3.3115682050940245e-07 0.0 7.081708453067456e-08 0.0 0.0 0.0 0.0 0.0 0.0 2.4856024275696064e-05 2.372679197405022e-07 1.9041547583662802e-07 0.0 8.02094226533952e-08 7.866928804130035e-06 1.3253759992034968e-06 4.112694878993444e-06 7.376003582848075e-07 1.0226614046998169e-06 5.187997454018767e-07 0.0 1.2646723304868604e-07 0.0 0.0 0.0 0.0 0.0 0.0 0.0 0.0 1.9260639237647585e-05 7.276063641936706e-06 7.671938292151017e-06
7.259654900151776e-05 0.0001551179162519034 2.1455964045656466e-05 0.00040378500263777903 4.454740749853503e-06 0.0 7.399551836073168e-05 2.856337954265915e-06 4.377092125944194e-06 0.00034946985818599166 2.734304723828928e-06 6.955483629327343e-05 4.679082789496256e-05 8.626439232343392e-06 1.6685343660410092e-07 6.305424878117564e-07 0.0 0.0 0.0 0.0 0.0 6.938866769614961e-06 0.0 0.0 1.706198494660745e-07 0.0 0.0 0.0 0.0 0.0 1.6617012228317433e-05 6.63743368614318e-07 1.0896007982666738e-05 0.0 0.0 1.4939808701646976e-07 1.14707629512065e-05 7.463595614624199e-06 6.141179642574024e-06 5.750042606380878e-07 0.0 0.0 0.0 0.0 0.0 0.0 3.9158493060057665e-07 0.0 0.0 7.839869977057739e-08 0.0 1.0819348603011223e-05 7.574604561763965e-07 7.80707981181627e-08 1.1450750223366653e-07 5.64404460381734e-07 2.1029948985486765e-05 8.468801080651674e-06 3.470185482084428e-06 2.656450423843301e-07 2.1194936291990462e-07 4.725894636912335e-06 3.331356510661843e-07 2.4028496506806537e-06 7.505112138720247e-08 0.0 1.3949740679391163e-07 0.0 1.8943236946546098e-07 0.0 6.195044857767769e-05 0.0001169450391256391 1.1187360957364045e-05 3.2153734889977757e-06 1.994902227145756e-06 5.509937664175187e-07 1.911637226848832e-07 1.5177415069556483e-07 1.6041004704159573e-07 4.844714115710297e-06 0.0 6.611361547457148e-06 0.0 2.7631787964343985e-07 2.853128516247191e-07 6.692002313137876e-08 0.0 2.7608365148631867e-06 7.60911447430592e-07 9.899419030198035e-06 1.265178914833932e-06 5.163751325913933e-06 0.0 9.760040998570332e-08 1.5544805683002665e-06 0.0001738581882277395 0.00016985623748330567 2.19197059387128e-05 2.578718106198792e-05 7.95020374855693e-05 0.0 0.0 0.0 0.0 0.0 6.639791640218102e-07 0.0 5.086820967291516e-07 7.706483716049517e-07 2.1985633344605348e-07 0.0 5.889487556131442e-07 7.307215306060928e-07 0.0 0.0 8.180861661825332e-08 0.0 0.0 0.0 0.0 0.0 0.0 0.0 1.3718917336883953e-07 1.0239261410695125e-07 8.271281414229035e-08 0.0 7.63731509956934e-08 0.0 0.0 0.0 8.505242107888847e-08 8.395544083260362e-08 0.0 0.0 0.0 0.0 0.0 0.0 1.8850800054076689e-07 1.0204306834210287e-07 2.4775457772694343e-07 7.747763257067287e-08 0.0 0.0 0.0 0.0 0.0 0.0 0.0 0.0 0.0 0.0 0.0 0.0 0.0 6.709925690528134e-08 0.0 0.0 0.0 0.0 0.0 0.0 0.0 0.0 0.0 1.490687411563773e-07 0.0 0.0 0.0 0.0 0.0 8.695224777487729e-08 0.0 0.0 0.0 2.3593493505666616e-07 0.0 0.0 0.0 2.1513294772092384e-07 7.726946238570057e-07 0.0 0.0 0.0 0.0 0.0 0.0 0.0 6.916161872389861e-08 0.0 0.0 0.0 7.837475157681564e-08 0.0 8.389482211560311e-08 0.0 1.0071838785241394e-07 2.3174543110399112e-07 2.701165658915521e-07
0.0001419235051525176 0.002312224066382975 0.00022299417456035859 0.0002508978503685548 0.0025926179982686797 7.399551836073168e-05 0.0 0.00029890700314771923 0.0027284013488192743 0.0018540320767779109 0.0009732312487267127 0.0003502257407740199 0.0031463215776573517 0.0026100330037485586 1.957839183462322e-05 1.9378730455721306e-06 6.410759020217647e-08 1.260796723172672e-07 8.015454276164052e-08 2.8861740782148296e-07 2.981233110249166e-07 4.126487090820111e-07 7.114110487495528e-08 0.0 4.625446068860138e-07 3.854181163097279e-07 2.1095187148015784e-07 5.797798373683089e-07 7.09782961129773e-07 6.031956648255127e-08 0.0001269980292381823 4.1788939973583724e-05 9.693273978790907e-05 1.420441672692878e-07 1.263371878481239e-07 1.047876002321032e-06 2.8946358097658795e-06 1.956162249318389e-06 9.352584881185497e-07 6.747949160821373e-07 1.2194269191750425e-07 2.431401631719202e-07 7.139278799210806e-07 4.622421973993848e-07 2.112569983575489e-07 6.199586736042041e-07 7.157884806538572e-05 4.409190681981926e-06 4.270749945887767e-07 4.215931527973015e-07 9.64692414481258e-07 3.031055187187693e-07 2.008243413864796e-07 0.0 5.111562824432423e-06 1.0216870543127648e-05 5.2703873518755416e-05 0.0001443363632906735 8.437088365598058e-06 3.262346945628337e-05 1.3144592143646082e-06 3.5272210343241584e-06 5.33064132377556e-07 0.00010137267411684219 5.437434438676633e-06 5.015035669781351e-06 2.6779248181214834e-06 1.474743705601219e-06 5.805008533007454e-07 3.3315230221062684e-07 8.75044005797151e-06 6.619003790915419e-08 0.0 8.25628446288525e-05 0.0001275306054754003 0.00010013534196788652 1.2414740334856401e-05 3.008025338484419e-06 5.91545816321718e-07 8.329379551769042e-06 9.959747984030493e-07 4.494688707638966e-06 9.367982249084375e-06 1.4459578769352691e-07 8.79740328305577e-06 6.064956228360552e-06 9.624018013399918e-07 1.2961467940297927e-07 1.4337781704876485e-06 7.147042698163192e-08 2.1145429850440455e-06 4.090974214051422e-07 1.6620512987728313e-07 1.4857064152941234e-06 7.261717680980651e-07 0.00017596742956915468 3.568132577923723e-06 0.0 1.082989522412039e-06 7.254597095787084e-05 3.422190033315907e-06 1.6710887608642083e-06 4.2886313429162245e-05 3.0054058398242568e-05 1.2318226458364738e-05 0.00012796021347248604 6.562781992693902e-06 5.9198623201370546e-05 8.491638091999842e-05 4.1950455324068485e-05 2.7236487823744437e-05 0.00019563957066771689 0.000214565693867298 5.888904168915081e-05 2.2461501907482613e-05 5.169361806703758e-07 1.0237979011285478e-06 3.2509988951982506e-07 3.490832193341396e-07 0.0 0.0 0.0 2.495574429798303e-07 4.3161419632816096e-07 4.894575262267054e-07 0.0 0.0 1.4135655814076578e-06 5.007434106422899e-07 1.325614759037275e-07 7.046838913811011e-07 5.413257889077221e-07 1.015934655890116e-06 2.877101461068138e-07 2.262457400457828e-06 1.2533445260431558e-06 0.0 1.4487594688055225e-06 4.5030688984644204e-07 4.643306366679519e-06 4.3793047756242775e-06 2.1602038797025672e-05 5.8244458866082115e-06 2.5671802750031394e-06 1.0166275715317171e-07 5.166309160231733e-07 8.015314606079427e-08 3.8341890532223036e-07 5.506518930059583e-07 3.402229197188111e-07 0.0 1.2929128329846458e-06 1.3372158560305792e-06 0.0 0.0 2.966554401943881e-07 1.5887365805812398e-06 9.618940103193997e-07 1.2550426007271084e-07 3.645496479139773e-07 0.0 1.6686537649606317e-06 3.1016913371998973e-06 9.340253532931709e-08 2.3765015305583606e-06 3.5135245440122917e-06 1.9210619133232615e-05 1.7894500172695706e-06 0.0 5.915081101495524e-07 7.809033767796079e-08 0.0 0.0 0.0 1.8498147342447847e-07 0.0 0.0001043060855963179 1.2565049370117667e-06 1.8332294342707048e-07 0.0 7.58577650579487e-07 2.7077127758440713e-05 6.911039780830643e-07 1.0839310070979879e-05 1.4562191150062188e-06 5.02220708253394e-06 1.5119241956734997e-06 3.386015780691053e-07 9.290958164234078e-07 6.848957758406085e-08 4.9287202273293845e-08 0.0 0.0 5.87443492155538e-08 0.0 1.909053282776437e-07 0.0 9.01727201958539e-05 2.3679802624959315e-05 2.7500296038242037e-05
6.326799684774999e-05 0.0007155214764932812 0.0029946802132352662 6.796133848302509e-06 0.0007247725516083135 2.856337954265915e-06 0.00029890700314771923 0.0 0.0013585671889782339 0.0002540311072921511 0.0016803283114252548 0.00019716017193865804 0.0003416709565136958 0.002429194424089188 5.487360659141049e-05 1.3847839186157625e-05 1.0822711953662655e-06 2.4471919096187273e-06 0.0 7.076125136683883e-06 4.771004599121508e-05 7.447528652187303e-06 2.1744933236814563e-06 1.0794166286282017e-06 1.6996222047371038e-06 6.110732932322507e-06 1.5908317648697438e-07 4.051269567254195e-06 1.3769430362681259e-05 6.622681294742231e-08 0.0006618590847568968 0.0011441062446624713 0.00027159520097673565 2.5632576216737126e-06 1.6191353564397687e-06 2.486782733373146e-05 4.3945675238897884e-05 3.2210599816681456e-05 1.5056388128824435e-05 5.111322207081533e-06 1.7786806038477624e-05 2.0891379767166794e-05 1.0278299655413412e-05 2.8164570096169727e-06 6.800683216503838e-07 3.9738583777380655e-07 0.00014631727624290485 5.548602875751131e-06 2.2685349066561305e-06 7.881054110105797e-06 4.63914651079025e-05 1.2129854526890765e-05 1.2235294395444365e-05 9.919331452113847e-07 3.8459370508399876e-06 8.311957713500351e-06 4.535843820663931e-05 0.0001601427251363277 7.2561328918853034e-06 3.540365891935979e-05 1.7181865229199506e-05 6.150732654026647e-05 6.395079442736896e-06 0.00020354020582058604 4.346178998371642e-06 4.74895419163735e-06 6.998042290833256e-06 7.345328241219256e-06 7.211257864259836e-05 5.124053266413963e-05 5.956951947693262e-05 6.971885661247388e-06 4.00369190781398e-06 7.213120660330805e-05 0.00018331335030132438 0.00020336231879409646 9.782458624835725e-05 0.00013375940409562532 0.001270711182328898 0.0013839380456135697 1.1761143636838177e-05 0.0005813747981039267 7.659957843606775e-06 1.5020333731184788e-07 6.526260189591129e-06 5.8018359270351956e-06 2.70033909705553e-06 2.2297529470417627e-07 9.284558461953827e-06 1.6052350950755262e-06 5.1625184609273575e-05 1.0070052366853577e-05 0.00011562205815009115 6.701513402187039e-05 2.5307220569439212e-05 5.2052773271478e-05 1.2504279410368348e-05 2.1507901891593583e-06 9.745193341720166e-06 4.54180802686964e-05 7.368444960914622e-08 2.5699999622255126e-07 9.252086554477978e-07 1.8382791254187103e-07 0.0 5.796818830324286e-06 6.24877036867197e-07 2.955566166830409e-06 4.053245067582089e-06 9.173242696693463e-07 3.4078511461270613e-06 1.2071011890791511e-05 1.5120981134329567e-05 2.892327315053234e-06 2.418122208631802e-06 2.070177452509218e-07 2.6283611545929285e-07 2.416758220989726e-07 1.0952429214566907e-07 1.6201167335622687e-07 0.0 1.5179045028945422e-07 1.7816623173945988e-06 0.0 1.456126353167022e-06 4.233065242059308e-06 0.0 3.277250172644521e-07 1.9507262753727322e-07 0.0 2.274053247946251e-06 3.0948424198222975e-07 3.3354635807604904e-06 2.0473075688089872e-07 4.2420794780607613e-07 3.278564639165436e-07 0.0 5.328302039885416e-07 0.0 2.323841652042607e-06 1.2921539588581826e-06 6.93030401478671e-06 3.371403695966271e-06 5.373692774594808e-07 1.3407305681978723e-06 5.67120112393794e-07 7.792537020555924e-08 0.0 6.827538448299031e-07 6.243890799487584e-08 0.0 0.0 3.600146362771318e-07 0.0 3.8099566735945065e-07 2.1472043640159853e-06 1.2607412351934742e-06 4.413483028723443e-06 0.0 0.0 0.0 3.988601267772714e-07 5.341770179110288e-07 0.0 1.401332420273227e-06 2.1328586120899877e-06 3.1176479602699375e-06 5.071710564408344e-07 0.0 4.78170064584315e-07 0.0 8.859928111906104e-08 4.07363574077066e-07 0.0 8.394589195947108e-08 1.1344963483682814e-06 1.3810034394560491e-05 1.773944642589265e-06 1.4347935054933087e-06 3.3467928104091404e-07 5.6371686075457824e-06 6.951045383405455e-06 3.7081347115475945e-07 4.768184733748516e-06 4.4190779605273163e-07 4.547652634627035e-07 6.537959986777567e-07 0.0 1.806747986225792e-07 3.2090838077886054e-07 3.6450080138982374e-07 1.4539104730223959e-07 6.548142125974057e-08 5.44783112822557e-07 1.4815184173080074e-06 2.5150694281884086e-07 8.699059481419989e-07 9.198614879225466e-06 1.0079473522620289e-05 9.277417439321353e-06
1.542944764696183e-06 0.000323308156975077 9.878619745050867e-05 8.537809532600119e-06 0.0029330686119457407 4.377092125944194e-06 0.0027284013488192743 0.0013585671889782339 0.0 0.0001790057546697594 0.0011729456722887276 9.159871527462927e-05 0.0014340508748456656 0.00047520973736834334 8.372264082585117e-06 1.4325507697368328e-06 0.0 0.0 0.0 0.0 0.0 2.649760416817086e-07 0.0 0.0 1.4537091865773083e-07 0.0 0.0 0.0 1.648132462237471e-07 1.2804867846129383e-07 1.2867206571717979e-05 1.2188124539396476e-05 2.3288993566429517e-05 0.0 0.0 3.942131225358357e-07 2.426705039847042e-06 1.55386263269083e-06 4.2442836525221046e-07 8.937756653687693e-08 0.0 8.222419687889385e-08 0.0 8.008848926311576e-08 6.312673565482279e-08 5.961043200867427e-08 1.8978125726069306e-05 4.861223756304522e-07 0.0 0.0 2.2022125242157694e-07 2.1800392806927308e-07 0.0 0.0 2.976569174572982e-07 9.35855306941382e-07 3.113041218068202e-06 9.67530940537665e-06 1.0202564046096522e-06 4.933847796426276e-06 7.211517497170174e-07 1.919341267193523e-06 3.682538078239465e-07 1.2360652016180271e-05 3.2570416691520394e-07 6.831735581848846e-07 6.193902211104632e-08 2.5331437347823545e-07 9.313560394445605e-08 0.0 6.856506090359835e-06 4.698342688929019e-07 0.0 8.773918451925806e-06 2.0453557910174062e-05 2.3165103312951722e-05 4.490504700226696e-06 7.827933885642077e-07 0.0 1.862363345966161e-05 8.832167969984402e-08 3.546436340994461e-06 1.2569344700288204e-06 7.225443697264419e-08 1.0531804583543499e-06 3.9018496603500155e-07 1.1999626577049208e-07 0.0 3.4953614946570946e-07 0.0 3.4498699979580803e-07 8.924557355622305e-08 2.6743140376395205e-07 5.332931343081433e-07 0.0 5.0814111173525035e-05 1.993824615434676e-06 0.0 6.962273570774176e-07 1.0588467216657284e-06 1.3763186102753685e-07 6.950527934246016e-07 3.8670239651483654e-06 2.297546012717078e-06 1.8074203314093513e-06 2.2077953607803412e-05 0.0 1.1512521546362485e-05 1.3562315109658667e-05 5.722241029000735e-06 7.255037194323466e-06 4.3475285144827055e-05 4.1273476110383306e-05 1.5513763170574508e-05 6.579953412952366e-06 7.189434944188474e-08 9.349482210019891e-08 0.0 0.0 0.0 0.0 0.0 1.6960685654720753e-07 1.751559775134604e-07 2.140739729398431e-07 0.0 0.0 1.851937719531086e-07 0.0 2.3316717755181133e-07 2.3515523393527148e-07 0.0 1.8976139227909918e-07 1.9911011913049815e-07 2.424700641113544e-06 0.0 0.0 9.376752081440467e-07 5.413213612710259e-07 1.7738493818907311e-06 1.0132766866728694e-06 9.701100992469224e-06 2.4516779464629742e-06 1.740423603747824e-07 0.0 0.0 1.0673325629337671e-07 1.936161440942565e-07 0.0 8.705747825707101e-07 0.0 0.0 2.253288924026526e-07 7.54433187853762e-08 0.0 1.1515064971858287e-07 1.337082024535546e-06 8.093503534684806e-07 0.0 0.0 0.0 7.983506407045166e-07 9.21385163127771e-07 0.0 2.6138119404089606e-06 2.728004092295096e-06 5.95871944220982e-06 8.737864914159807e-07 0.0 0.0 0.0 0.0 0.0 0.0 0.0 0.0 3.560139042824547e-05 4.52554485551781e-07 1.3351115646824756e-07 0.0 7.422982328414192e-08 9.665493425083981e-06 1.8371317594269311e-06 4.803920512570627e-06 1.1509567671343846e-06 7.136646113129286e-07 5.371301470724167e-07 0.0 5.522207016013858e-07 1.672509357646706e-07 0.0 0.0 0.0 0.0 0.0 1.636726832102394e-07 0.0 2.9546301169259844e-05 9.228133505518068e-06 1.07983209962313e-05
0.0008123163258404784 0.0012390458407123563 0.00018275198720929284 0.0018393557886939047 0.00042624432423348175 0.00034946985818599166 0.0018540320767779109 0.0002540311072921511 0.0001790057546697594 0.0 0.00041379351030347507 0.0009730424930778099 0.003078518784136418 0.00026719642003442926 4.840223456451345e-06 4.890204206207099e-07 1.462015328504496e-07 0.0 0.0 0.0 0.0 9.095208070276808e-07 2.4253856516183823e-07 0.0 1.5747766886420926e-07 6.326460523053381e-08 2.013129158937278e-07 6.418986585845528e-07 4.995142853934904e-07 0.0 6.0065762574927793e-05 7.883909517714776e-06 4.2770085286499656e-05 9.301373942027919e-08 1.7697450101801133e-07 1.1411676804590318e-07 6.74957093953393e-06 2.8136642397653305e-06 1.3314078133312574e-06 1.3002320014845815e-07 6.458961826804323e-08 5.296155972265496e-07 3.7291300706902956e-07 1.5227535726931024e-07 4.660603356995011e-07 0.0 1.472712598527049e-05 1.044285920565556e-06 0.0 4.295158575860448e-07 3.4565171538222775e-07 1.4585813446959794e-06 0.0 1.2400273065206097e-07 2.089057018899907e-06 4.247661217217525e-06 2.7175088702521392e-05 5.7900901399103814e-05 4.2498316618285e-06 8.792949517602162e-06 8.723766929362836e-07 2.651186600402969e-06 2.089598772554342e-06 2.7816750534800215e-05 2.8285090462056076e-06 1.1197670357860777e-06 8.069745843317413e-07 1.9058050031722736e-07 2.0471406298030781e-07 0.0 3.8381954876995e-05 1.1484899768087538e-05 6.568056039604377e-07 2.8415823495028822e-05 3.3880694283315674e-05 2.0220050764234636e-05 3.5082661838575825e-06 5.594823108242701e-07 1.7510438509444584e-07 3.4017671837503575e-06 6.213782394884581e-08 3.497055094197519e-06 2.0318508078693615e-06 6.047756470277102e-08 1.8391766054767722e-06 1.2472088857351406e-06 3.8101870817273064e-07 1.1525205780111377e-07 2.4054910732684874e-07 2.0640938226803343e-07 6.977932725068066e-07 7.191073644834417e-07 2.8663735158844824e-07 3.884051320940284e-07 1.195214563676725e-06 0.0004098948382705694 5.631369446723679e-05 4.183627367119211e-06 1.0535104854624061e-05 0.0002153577305745559 1.8718641417101394e-06 2.430806461383423e-06 3.8449091046708364e-05 2.2526261875747067e-05 9.40313005960636e-06 0.0001929472376546901 8.818973071051617e-06 6.502900644902411e-05 0.00013197452707170438 5.672660649718447e-05 2.4901830923213916e-05 0.00022535630960225905 0.00029651793095324336 7.795041973594369e-05 1.822598214896267e-05 6.887440762280472e-07 7.040425966626133e-08 8.894966300414393e-08 0.0 0.0 0.0 7.753529636275382e-08 1.784641109746366e-07 0.0 1.2524067316878781e-07 1.8361346670445686e-07 0.0 4.145649351362355e-07 4.931226497732268e-07 0.0 6.117610135267585e-07 0.0 4.4940645486346025e-07 6.53752482420098e-08 2.5061682441938874e-06 1.6587644626242188e-06 0.0 6.363569534346979e-07 1.282968256449777e-07 2.871490771248255e-06 1.243764497930525e-06 1.6828491435128667e-05 3.0103494344405306e-06 1.7359151484297905e-06 0.0 9.315258383617267e-07 0.0 7.488417287992722e-08 0.0 5.07274982385435e-07 0.0 8.283021682485235e-07 9.223908637480016e-07 7.851948113899602e-08 0.0 3.022619684158317e-07 1.9168994255555267e-06 1.5876100605871252e-06 1.5952937965120316e-07 2.0856649646208772e-07 0.0 1.3193238283984363e-06 1.7567820871055668e-06 1.7765707917307692e-07 1.775117904554898e-06 2.4409022094068245e-06 5.4827881180574514e-06 1.3770715793026756e-06 1.139724802972558e-07 2.6007075229874593e-07 8.574937480116753e-08 2.601561315763269e-07 0.0 0.0 0.0 0.0 9.481873682252012e-05 3.665610254010233e-07 0.0 0.0 2.904202920771025e-07 1.5559623429551714e-05 1.6626721370496732e-06 8.268831220890063e-06 1.3507853083243182e-06 3.18920776185368e-06 1.7117423423687007e-06 7.740161688958151e-08 1.0326959069160416e-06 0.0 1.6434045823660803e-07 7.394752818997212e-08 0.0 0.0 3.348672655731798e-07 3.1980074950095223e-07 0.0 8.846155992618759e-05 1.342208610241026e-05 1.557246542398667e-05
9.480091202655593e-06 0.000750940584805271 0.0013100094575231932 8.566591603475695e-06 0.00161367494592062 2.734304723828928e-06 0.0009732312487267127 0.0016803283114252548 0.0011729456722887276 0.00041379351030347507 0.0 0.00047528829930158697 0.001513238549356189 0.0015926938274922415 2.2564813778779188e-05 4.888336750666097e-06 0.0 0.0 0.0 5.968357827714271e-07 8.153134062083213e-07 1.4137596943211873e-06 0.0 0.0 2.3300011027745727e-07 8.826530286782855e-07 1.912883663587032e-07 3.999300661350635e-07 3.7933427555051276e-06 0.0 7.117011734446228e-05 3.009136844894573e-05 0.00024050794762656407 0.0 1.106721332057633e-07 1.1481782065760449e-06 3.524782178015453e-05 1.1258776262169082e-05 7.3980539974582595e-06 1.3267924628916537e-06 1.2708110017307258e-06 1.2845734932836026e-06 2.959755129205204e-07 6.137246751522407e-07 0.0 3.628465612593006e-07 4.493986545267681e-05 6.523595726190016e-07 3.0277974537240607e-07 7.653142000485271e-07 1.6566012818077813e-06 2.5588919291350344e-06 2.9241333097705083e-06 6.68569863166546e-08 6.182571926804323e-07 1.4789746070068676e-06 6.846648332559541e-06 2.4599953593859363e-05 1.328910664240022e-06 1.0316516150713744e-05 4.898112715954588e-07 1.2327702118719233e-05 4.5094085901151163e-07 3.978698089165887e-05 1.7341033518925805e-06 1.3215788446708563e-06 6.06623615266428e-07 4.185449529647055e-07 1.8271983422467826e-06 6.968513545585546e-07 4.1809158158968465e-05 1.176493750864876e-06 1.1362356162258324e-06 1.7568277273936614e-05 4.873896634495476e-05 6.142478949665006e-05 1.5699853809747553e-05 3.976951157981346e-06 3.287226027677253e-06 0.0005753672928085379 2.4363847182894375e-07 2.2915860284434842e-05 2.356159575625498e-06 0.0 2.0091430459823254e-06 5.700578873472394e-07 2.5620858941787376e-07 0.0 5.807281544867648e-07 7.864900756495811e-07 5.233378635104344e-06 2.2099831501354987e-06 3.557574084857363e-06 4.80853943552396e-06 5.001351189196489e-06 5.7591457362153085e-05 5.932342447435337e-06 9.858348975304476e-07 3.879311830399274e-06 5.964824678145672e-06 4.819642546906695e-07 0.0 4.752188442474169e-06 8.496373532583467e-07 2.082409520986523e-06 2.0838371240765315e-05 9.326068088057943e-07 8.408705831926126e-06 1.1489595447828532e-05 5.374319152168203e-06 9.35038188014289e-06 3.618786151256829e-05 3.774950873343664e-05 1.2134072354416383e-05 7.506990188284675e-06 2.2846981606898025e-07 1.8556225394099494e-07 0.0 7.939981123088491e-08 0.0 0.0 0.0 1.3443939292409452e-06 0.0 1.175283951395133e-07 9.545333588541931e-07 0.0 8.250497175445543e-08 4.022701528906598e-07 3.9772671829258843e-07 8.965586108076561e-07 4.1050121027065347e-07 8.218853730102948e-07 8.64292545682037e-08 1.014046591885608e-06 8.205776714621859e-07 0.0 4.0775558144791367e-07 0.0 3.6196082441491814e-06 1.7195250445249982e-06 9.658650446060321e-06 3.079646048576834e-06 1.0502146211155348e-06 1.3910662509931678e-07 2.619320319516514e-07 0.0 0.0 1.2232524542888242e-07 1.0078842717410197e-06 7.329751596790325e-08 7.155213018059105e-07 1.247394675451791e-06 0.0 0.0 1.0153223688429452e-07 1.0627564246328873e-06 1.5339233884179531e-06 0.0 1.7488758291818897e-07 0.0 6.002925081001851e-07 1.3055594840791305e-06 0.0 1.1822504291779745e-06 1.826855794238215e-06 6.463201193927349e-06 3.385357336006392e-07 0.0 4.971990399600882e-07 0.0 0.0 6.234172231952917e-07 0.0 0.0 1.6633758842488576e-07 3.485777687851086e-05 9.251102497970178e-07 0.0 0.0 4.169953798853545e-07 1.040175093626673e-05 1.1713510698448823e-06 7.000853783127191e-06 1.0088618673197323e-06 2.1141810209934415e-06 6.16165827941181e-07 3.127854727007883e-07 2.304542809359786e-07 0.0 0.0 0.0 0.0 1.4134829670276705e-07 0.0 1.3473299416909416e-07 8.483179935337861e-08 2.2873912308045745e-05 1.4425037283770521e-05 8.355682155596074e-06
