0.0 0.0013704674833869136 0.00013859665443544683 0.0011835393727494536 2.361918406946554e-06 0.00010555034061069486 0.0003802100204769314 5.990304826393199e-06 4.120714176773664e-06 0.0018988229484887893 2.647436303382769e-05 0.00021167092793523406 0.0001032459914749678 5.89432303564758e-05 1.9190756222479188e-06 2.0362807557266316e-07 5.318540843261089e-07 0.0 7.625529666526057e-08 0.0 2.4476442517668407e-07 0.0 0.0 1.666476557900587e-07 3.191435250738894e-07 0.0 0.0 1.711535190859765e-07 0.0 8.29230563655669e-08 0.0008073585679172615 8.83015987567827e-06 2.067658333838674e-06 0.0 0.0 2.036106851600167e-07 1.093496130222034e-06 5.63395570152028e-07 3.1911197143691236e-07 1.4105222507987405e-07 2.226684767963439e-07 1.3059454594029842e-07 1.5321511412121066e-07 3.2328087396501867e-07 1.9385592305596159e-07 0.0 4.863402527653796e-05 9.373535524079881e-06 6.192567535655622e-07 1.5744333099310126e-07 1.3605311261517012e-06 1.0235453771477425e-07 0.0 6.3479079500625e-08 8.141924608713468e-06 1.3910762313597306e-05 9.1996853216699e-05 0.00061472622873607 1.8852130963420964e-05 4.475907833927363e-05 7.947474956799832e-07 9.81747473616979e-07 2.094471880553207e-07 4.545402516419723e-05 1.2666048969393673e-05 1.3135485856920872e-05 4.95743024308357e-06 2.0602940278480744e-06 4.859762227256966e-07 6.932505783406135e-07 6.19734219520517e-06 2.149399963789007e-06 1.778263015900486e-07 0.00015696013803827657 9.80399199302855e-05 4.776073015231424e-05 1.903233281013699e-05 3.7052460956749202e-06 1.7507568732496502e-06 5.6921314873633675e-06 3.599700006461755e-07 1.5460240317427341e-06 3.720420117201772e-05 1.119319874666566e-06 6.869736852597777e-06 1.0739710884527886e-05 9.515730759243346e-07 7.573941388671397e-07 3.1132210064905493e-06 5.458558114951508e-07 8.859017221415019e-07 1.4613261152739217e-07 3.2151132691570764e-07 0.0 1.8545753934590802e-07 0.00019207687587265634 3.438408707963454e-05 7.106042964783828e-07 1.638706897613594e-06 0.0011225879268656799 9.181682824056454e-07 3.3383776946732475e-06 3.327068023059842e-06 3.7022144966169207e-06 1.263178002241104e-06 2.4558438141113765e-06 4.912845175412248e-06 9.291519489652317e-07 6.102464467398057e-06 1.2739872746925857e-05 1.9757693021790403e-06 1.3977615841558517e-06 1.1074567441926122e-05 4.834329494065039e-06 2.314028580372085e-06 0.0 1.691486480228212e-07 0.0 3.962095052186397e-07 0.0 0.0 0.0 0.0 0.0 0.0 0.0 0.0 6.496244677095082e-07 0.0 2.694698111239811e-07 0.0 1.7910692469003566e-07 0.0 0.0 3.4276759041326725e-06 5.200700160302946e-07 0.0 4.491218699061688e-07 5.413426476695677e-07 6.20258037935454e-07 5.531132070338042e-07 6.2504650453794e-06 2.4969176713782413e-06 8.33149550949589e-07 2.294136939357216e-07 0.0 0.0 3.4987731355340967e-07 0.0 0.0 0.0 0.0 2.7301681576957203e-07 6.286308009187572e-08 0.0 0.0 0.0 1.7861072480851822e-07 6.173583206828926e-08 0.0 2.1821711657870307e-07 6.886366288335918e-08 2.8534129544293e-07 4.588607125263983e-07 0.0 8.459441325867592e-07 4.163076971086023e-06 1.8219528487423432e-07 0.0 0.0 0.0 6.827974841698037e-08 0.0 3.869058213936147e-07 0.0 0.0 1.8199371843085105e-06 0.0 0.0 0.0 0.0 1.930015446273558e-06 2.9090477623892735e-07 2.871649441397763e-06 6.457192402413793e-07 0.0 2.3842880513969315e-07 0.0 0.0 0.0 1.768177954024015e-07 6.162796723443228e-08 0.0 1.8541958052724343e-07 0.0 0.0 0.0 1.8637789803318803e-06 7.463695716312471e-07 3.7569015639838748e-06
0.0013704674833869136 0.0 0.0021514960586845495 0.0007463988829430058 0.0010607582736736675 6.683073199829916e-05 0.0019416906286846166 0.0005207164318217457 0.0011761710219948469 0.001829287344058068 0.002152088179698955 4.960075750383347e-06 0.0007168284811174122 0.001961644201981724 7.723934770196168e-06 2.2043008569793483e-06 1.0025440507042355e-06 1.159011624583802e-07 2.0961084979447756e-07 5.705380610603613e-07 3.452833740897933e-06 9.719707754874665e-08 0.0 2.8992833531567324e-07 6.617781425378643e-07 8.039108410887242e-07 8.81184950282366e-08 5.055980934270474e-07 2.2085231753774732e-07 0.0 0.0023782441063273005 8.556287644450674e-05 1.394681147801257e-05 0.0 8.259173825781354e-08 1.0790173646020988e-06 1.3187986666547243e-06 8.710062999447392e-07 8.244847421821972e-07 6.175771102761133e-07 2.613609298194195e-06 3.945868690301092e-07 5.447372021037021e-07 2.081226879849254e-06 5.817984885349859e-07 4.045824403842464e-07 0.00011217049495418941 1.4817571045635991e-05 6.458742535094098e-07 6.672730111456924e-07 2.461080724111701e-06 1.6635212700394674e-07 6.84474244635544e-08 4.921440092922932e-07 9.759759975823376e-06 1.629517142391203e-05 3.799522802457834e-05 0.0006013190351260765 1.4753774102844753e-05 7.9860393573519e-05 1.1659377512096461e-06 5.93762837605884e-06 7.103559849993654e-07 0.00013615249857254998 1.5158131176271788e-05 1.9813243391548772e-05 6.5952577269616386e-06 3.861662949567392e-06 3.5487458120771966e-06 2.829948156736696e-06 5.0799365843542e-06 4.923397018593823e-07 0.0 0.00018881086001461074 0.00015456769690883754 0.00013536777242145523 7.066711152132916e-05 1.6139226339691966e-05 1.5730066968995938e-05 5.426949763849876e-05 2.0134991134606076e-06 1.1824070082106528e-05 4.5042490548464384e-05 1.4139531160209212e-06 1.2220342291200578e-05 1.6470783613584302e-05 2.896120516747059e-06 1.0818909839369544e-06 5.486725117880379e-06 1.7394954323591827e-07 1.6893666307423214e-06 3.1089763093124744e-07 2.887252227852969e-06 3.002469993829543e-07 3.870066611894918e-07 1.0878859609645875e-05 1.8290503902304931e-06 0.0 1.4794582105715628e-06 0.0005857767926816322 0.0 1.0396007816837196e-06 6.967345003097225e-07 1.7340898919303735e-07 2.679266050917696e-07 7.502475746174566e-06 2.0159231352842433e-06 1.0019399417134122e-07 3.2602580473824077e-06 4.198352328551699e-06 6.787647188097778e-07 1.4040978191296406e-06 5.010844952101101e-06 1.429920692823667e-06 2.0128783765787668e-06 0.0 0.0 0.0 0.0 0.0 0.0 0.0 0.0 6.877218980478867e-08 0.0 0.0 0.0 9.362643965213643e-08 0.0 0.0 2.658207269699283e-07 7.858539550212219e-08 0.0 0.0 3.3918750807133915e-07 1.7064406608658932e-07 0.0 0.0 0.0 3.7534213660720144e-07 2.9784110589612307e-07 1.5798855166835449e-06 1.229632511183041e-06 2.5384571833859956e-07 0.0 0.0 0.0 0.0 0.0 0.0 0.0 3.03719252311385e-07 7.813843975938552e-08 0.0 0.0 0.0 0.0 0.0 0.0 6.30820074309391e-08 5.483027876795804e-08 1.905731592122022e-07 0.0 2.5825644845212535e-07 0.0 0.0 2.2657803735512586e-06 0.0 0.0 5.7687186580392467e-08 0.0 0.0 0.0 1.5131097462505606e-07 0.0 0.0 4.60030312477134e-07 0.0 0.0 0.0 9.521274045514896e-08 1.6253469283258943e-07 3.1930015685557193e-07 7.920127635105681e-07 1.6656090542609657e-07 0.0 0.0 0.0 5.875678403319523e-07 0.0 2.5064020039565307e-07 1.7465801930009233e-07 5.785107461629102e-08 1.7202846100110616e-07 1.217672413539189e-07 1.0767790290939758e-07 0.0 7.714854401899196e-07 3.9626905077866006e-07 6.882407325230632e-07
0.00013859665443544683 0.0021514960586845495 0.0 3.220677063816816e-05 0.0006688124481122008 2.1966017351204886e-06 0.0004296725521675518 0.0024751838168525016 0.0007746159449445796 0.00018681871024246537 0.002427104766088456 3.122618913391506e-06 0.00011140133910612847 0.0013222731754025463 1.8151994455643113e-06 1.3518554453017224e-06 2.2586745673125443e-07 3.4966834327097887e-07 6.249338992792949e-08 8.265146239547994e-07 8.232316313545513e-06 0.0 0.0 3.111211629170539e-07 9.124591944148793e-07 2.7896667365446517e-06 1.4686374186320315e-07 3.1100353780633967e-07 0.0 0.0 0.0024773585756685166 0.00042193211019137493 5.853467480943992e-05 2.1729196630389337e-07 7.778364139688825e-07 1.3924056027134645e-06 5.335717257901774e-07 1.39962407029306e-06 4.87882270985672e-07 8.406102199961769e-07 6.415396629024099e-06 5.788691854432009e-07 1.05453453658072e-06 3.438637029568993e-06 9.501652740555404e-07 8.209615774063898e-07 1.8560150672561384e-05 2.038061622532519e-06 7.103281554196367e-08 1.0232921953692852e-06 1.3084830772714336e-06 0.0 0.0 6.157960663684276e-07 2.4358868815670466e-06 1.4350454137545714e-06 7.955313792299188e-06 0.0001829852743038193 1.7845695518866805e-06 1.2430587942711345e-05 5.293338504749633e-06 1.994662813695766e-05 2.1892312010499992e-06 8.394526338934803e-05 2.1624060886041703e-06 3.957795384578078e-06 8.056670021938174e-07 1.0163951527942373e-06 7.032247444827379e-06 8.85479374201622e-06 3.2869835794229213e-06 2.6382931564340687e-07 0.0 3.6810514796756576e-05 3.21009055246637e-05 2.453144099394934e-05 1.7911633292787482e-05 2.374954262234076e-05 9.295446860256618e-05 0.0003861483289042159 7.752328547057645e-06 7.04123240789392e-05 5.495917768717164e-06 1.7739528500911517e-07 1.53536295118837e-06 1.7553067414228301e-06 1.3256408814648657e-06 4.0273724626979723e-07 9.102944151867818e-07 0.0 3.462663751588081e-07 1.9510360522155536e-07 7.522583820344845e-06 4.065514138968838e-07 2.983644023527059e-07 1.5718785476246361e-06 2.6438739292528245e-07 0.0 3.910553312748605e-07 3.850467947432474e-05 0.0 0.0 1.339074761236186e-07 8.894249065952865e-08 0.0 1.5924810654169394e-07 7.654076508535787e-08 7.603656610597249e-08 0.0 9.102681155698068e-08 9.672943041263226e-08 1.3162477169564956e-07 3.195955724933131e-07 2.6786695622236727e-07 3.1468209957073954e-07 0.0 0.0 0.0 0.0 9.771809135993547e-08 0.0 0.0 0.0 0.0 0.0 0.0 0.0 1.496243013781329e-07 0.0 0.0 0.0 0.0 0.0 0.0 0.0 8.725289031344722e-08 0.0 0.0 0.0 4.1360002609389295e-07 0.0 7.98255793743763e-07 3.892515396251446e-07 1.865441671043683e-07 0.0 0.0 9.81291347936711e-08 0.0 0.0 0.0 0.0 0.0 0.0 0.0 0.0 0.0 0.0 0.0 0.0 0.0 0.0 6.174021533778514e-08 6.3164305652484e-08 0.0 0.0 0.0 2.04463710727667e-07 0.0 0.0 0.0 0.0 0.0 0.0 0.0 0.0 0.0 0.0 0.0 0.0 0.0 7.34695936145358e-08 1.2674100268016475e-07 0.0 3.3081478444399103e-07 5.483997509138831e-08 0.0 0.0 0.0 0.0 0.0 0.0 0.0 0.0 5.907389857676399e-08 0.0 0.0 0.0 4.948126628131465e-07 2.2551183632124559e-07 1.6865804652591244e-07
0.0011835393727494536 0.0007463988829430058 3.220677063816816e-05 0.0 1.4950445103252401e-05 0.00016862560434953777 0.0005051186572096724 3.4758161182127887e-07 5.653981664409802e-06 0.0014096923825899009 7.009369916696325e-06 7.204131348453818e-05 0.00017833643586561546 0.00014599759451342474 9.403952074044575e-07 6.393040867386872e-08 1.5653309662526293e-07 0.0 0.0 0.0 0.0 1.0058608771271079e-07 0.0 0.0 0.0 0.0 0.0 0.0 0.0 0.0 0.00011023854425261773 2.700827186305102e-06 6.898868346998044e-07 0.0 0.0 0.0 1.1103979682031873e-07 1.3049575757357937e-07 0.0 1.0874738622993068e-07 6.646216250501251e-08 0.0 0.0 1.5209448773706465e-07 0.0 0.0 2.3132653390205837e-05 2.5533571757930407e-06 1.7584471941330582e-07 0.0 1.9580711259640186e-07 1.9148679295065966e-07 0.0 0.0 2.656113695232895e-06 5.1521857743995e-06 2.570277665053251e-05 0.00011790054421195631 4.355757789277034e-06 2.1701038344804512e-05 1.9208991312311248e-07 4.531729702217631e-07 8.546519524935472e-08 2.3396914234057593e-05 4.303595903296728e-06 4.893086311550796e-06 1.5015068530939094e-06 8.70284408419381e-07 1.4336359048212253e-07 1.668596810785017e-07 3.054614041723215e-06 0.0 0.0 4.694390639607044e-05 3.3409230268008394e-05 2.0960816611190136e-05 8.93141500970767e-06 1.3586849579773644e-06 4.6468902446355336e-07 6.67791245442554e-07 1.308642080249409e-07 5.398831714317668e-07 1.3092316290127054e-05 3.819548225678823e-07 2.401789984061492e-06 3.57958462192282e-06 6.540745095026542e-07 2.5836832267390513e-07 1.1547811004690455e-06 0.0 5.304634170562528e-07 0.0 7.51287767268429e-08 0.0 7.668432085096858e-08 0.00010040073266611083 6.328823263550377e-06 1.3041377911916937e-07 4.93542547753163e-07 0.00039171010113521633 2.3222975518628816e-07 1.7363983941868907e-06 4.10685657603158e-06 5.4876415114551855e-06 1.5693223586648886e-06 6.012852994375266e-06 4.88010962007053e-06 5.394817898850009e-07 3.0698930418165687e-06 1.087462232614584e-05 2.2860771841235692e-06 1.6232041933521299e-06 1.2544702349729058e-05 4.4603890837510675e-06 2.8006535515806435e-06 0.0 0.0 0.0 0.0 0.0 0.0 0.0 0.0 0.0 0.0 0.0 0.0 5.374455914816102e-07 7.973524860240175e-08 5.017434432806774e-07 2.0075433325044767e-07 0.0 0.0 0.0 8.977870828266764e-07 1.6447836636951032e-06 0.0 9.048600957158284e-07 0.0 6.203691594745929e-07 8.446407027108094e-07 3.4228437602912506e-06 1.707618437016295e-06 9.052736382527112e-07 3.372662093787742e-07 1.4585268737746534e-07 2.3406641397798156e-07 0.0 0.0 2.2811138570449116e-07 0.0 9.131985599842889e-08 1.8019576622096853e-07 0.0 0.0 0.0 6.329848682959716e-07 1.4306007735662586e-07 0.0 0.0 0.0 1.798707253880488e-07 4.0938824033324395e-07 4.28046239419491e-07 0.0 1.473687889634203e-06 3.692834290056757e-06 4.992132095732981e-07 0.0 0.0 0.0 0.0 0.0 0.0 0.0 0.0 1.0772331377815466e-06 1.4646451505497723e-07 8.731025161796113e-08 0.0 0.0 5.178770825358393e-07 2.1405963613265686e-06 2.127714094621503e-06 3.802233524051011e-07 2.479458228386673e-07 2.9854037758630526e-07 7.381354006437211e-08 0.0 0.0 0.0 0.0 0.0 6.887867718021821e-08 0.0 0.0 0.0 1.7380976908564024e-06 5.239762913507272e-07 1.7874140133783244e-06
2.361918406946554e-06 0.0010607582736736675 0.0006688124481122008 1.4950445103252401e-05 0.0 1.0162523251137956e-07 0.0015085433998029464 0.0001335281914205809 0.0011873940673532942 0.00035200265047455255 0.0008487249004745101 1.3222682827341658e-06 0.0002229951829912609 0.0013071989054351384 6.269173213469372e-07 2.2624002479941516e-07 6.584383125592539e-08 0.0 0.0 0.0 0.0 0.0 0.0 0.0 0.0 9.060854630548984e-08 0.0 0.0 0.0 6.028906288448154e-08 4.005575698780021e-05 5.127019638447215e-06 8.300197292667244e-07 0.0 0.0 1.0671173389041662e-07 0.0 1.1894914343267751e-07 0.0 0.0 0.0 1.0528730413060528e-07 6.765310322238472e-08 0.0 0.0 5.7629441555316604e-08 9.63366724935461e-06 6.910239856655852e-07 6.845029744827448e-08 0.0 0.0 0.0 7.792052091667081e-08 0.0 4.670212337635056e-07 4.290970483393435e-07 8.923005134058737e-07 1.0033825721265945e-05 4.5374735070802623e-07 4.21485651396283e-06 6.334835869586134e-08 2.5323380211018874e-07 0.0 8.660417528314743e-06 5.133809499998124e-07 9.709878654290982e-07 2.4529738352023646e-07 0.0 0.0 9.594048125932963e-08 3.0833754081245345e-07 1.419111196043241e-07 0.0 6.409814090106859e-06 6.808234056978441e-06 1.0418138723144628e-05 7.0427880518837795e-06 2.124003974300632e-06 1.1650836531922201e-06 1.5003756399578493e-06 1.5039637174620502e-07 4.581811827671779e-07 1.7123468877550977e-06 0.0 3.582440845925535e-07 6.583316185650602e-07 3.7539067725828543e-07 0.0 4.31983522313024e-07 0.0 0.0 0.0 0.0 0.0 0.0 2.530379294896051e-06 7.039528645799355e-07 0.0 5.05445067634748e-07 4.57430103881641e-07 0.0 0.0 8.360060848804501e-08 0.0 0.0 2.309883994904718e-06 0.0 0.0 5.421231156145527e-07 4.2419211073952564e-07 0.0 1.6207833101659114e-07 1.1511559594941583e-06 3.0894078397226586e-07 4.092111680523971e-07 0.0 0.0 0.0 0.0 0.0 0.0 0.0 0.0 0.0 0.0 0.0 0.0 0.0 0.0 0.0 0.0 0.0 0.0 0.0 1.4827798826964027e-07 0.0 0.0 0.0 0.0 3.2600617546370034e-07 0.0 2.4827585203889214e-07 9.11092721218402e-08 0.0 0.0 0.0 0.0 0.0 0.0 0.0 0.0 0.0 0.0 0.0 0.0 0.0 0.0 0.0 0.0 0.0 0.0 0.0 0.0 0.0 0.0 0.0 4.650850240834636e-07 0.0 0.0 0.0 0.0 0.0 0.0 0.0 0.0 0.0 6.332892177355135e-08 0.0 0.0 0.0 0.0 2.736794126291237e-07 0.0 4.5114632547646553e-07 0.0 0.0 0.0 0.0 0.0 0.0 0.0 0.0 0.0 5.435020990852475e-08 0.0 0.0 0.0 2.725044307515322e-07 0.0 0.0
0.00010555034061069486 6.683073199829916e-05 2.1966017351204886e-06 0.00016862560434953777 1.0162523251137956e-07 0.0 6.891109123676299e-06 2.348313264817254e-07 3.9041581668295715e-07 0.00039889320880107635 6.585193071147871e-07 9.282410865747407e-05 4.385306868070769e-05 4.546075297124599e-06 0.0 0.0 0.0 0.0 0.0 0.0 9.565497938667048e-07 1.8065722168145166e-06 0.0 0.0 1.0013413376368035e-07 0.0 0.0 0.0 0.0 0.0 1.612388657892348e-05 8.299196864289374e-08 1.3891798872943766e-05 0.0 0.0 0.0 6.345249563526426e-06 1.339169609087904e-07 2.8888291176632254e-06 5.308743375026289e-07 0.0 0.0 0.0 0.0 0.0 0.0 5.02226862315786e-07 1.1385278338689555e-07 3.258182901341981e-07 7.600740334326596e-08 7.073447280506426e-08 1.1638977643036307e-05 2.0531750570423895e-06 8.853899373017771e-08 2.6829259087644495e-07 1.052215693547008e-06 2.270021650696839e-05 1.249666548438695e-05 7.847176994034186e-07 0.0 0.0 2.267427046389348e-06 0.0 3.572686029707042e-07 2.0298814774323152e-07 5.602603665423077e-07 1.4684230762617336e-07 0.0 0.0 0.0 3.858249708925789e-05 9.317711629449876e-05 5.140673916486419e-06 3.2612230308032423e-06 1.1381618185673136e-06 1.8179352944589522e-07 6.331575425488394e-07 8.866852401730051e-08 0.0 6.890514455195196e-07 0.0 0.0 5.307832924200697e-07 3.3526433723939517e-06 0.0 3.126421156164206e-06 0.0 4.000564558643498e-06 2.6656907750388e-06 5.918216543170201e-06 1.872954034137255e-07 3.424377786546942e-07 0.0 0.0 8.271125245437115e-08 0.00016109535402358184 0.0001677433878501561 3.446590109502524e-05 9.504261351647302e-06 0.0001891362918292662 0.0 1.2479910114512083e-07 3.7398316072016524e-07 4.82982754668665e-07 3.9127371746954167e-07 1.4484581446195362e-07 7.762832656385213e-07 0.0 9.638967045251642e-08 1.6898825282793509e-06 3.438885572264246e-07 3.204425323243883e-07 1.1139913636808167e-06 6.305492758215459e-07 0.0 0.0 4.2937063618050417e-07 0.0 0.0 0.0 0.0 0.0 0.0 0.0 1.5105477719654178e-07 0.0 0.0 0.0 0.0 0.0 0.0 7.187899809292625e-08 2.098304560237659e-07 0.0 4.0078923964222316e-07 0.0 0.0 0.0 0.0 2.8547239504876123e-07 0.0 5.873557412510934e-07 0.0 1.2445434297871121e-07 0.0 0.0 0.0 0.0 0.0 0.0 0.0 0.0 0.0 0.0 0.0 0.0 0.0 4.824364153003889e-07 0.0 0.0 1.798667110806317e-07 0.0 0.0 0.0 0.0 0.0 6.120292193578178e-07 0.0 0.0 0.0 0.0 0.0 0.0 0.0 0.0 0.0 0.0 0.0 1.7910257585700047e-07 0.0 0.0 0.0 0.0 3.502051093031843e-07 0.0 0.0 0.0 0.0 0.0 0.0 1.7115682990569672e-07 0.0 1.1054537779576823e-07 0.0 0.0 0.0 0.0 7.298119211551539e-07 0.0 2.1635471899239417e-07
0.0003802100204769314 0.0019416906286846166 0.0004296725521675518 0.0005051186572096724 0.0015085433998029464 6.891109123676299e-06 0.0 2.8678986565363165e-05 0.0016210802829121761 0.0021899269912877984 0.0007556618369408451 5.670704756006171e-05 0.00346383073879043 0.003934143398825427 4.516203158086384e-06 1.468811775351979e-06 3.172437245717812e-07 1.966028408129653e-07 1.1941250568918377e-07 3.1584467940298967e-07 1.0138296758290931e-06 1.7887745979400238e-07 6.526230274432269e-08 0.0 3.759866346469155e-07 3.67960489398899e-07 6.129648678336423e-08 1.9292437743845306e-07 6.132230920938428e-08 7.083801340335793e-08 0.00017389371747778378 2.080133313635915e-05 1.273495482186087e-05 0.0 6.305333661767091e-08 3.200928694220781e-07 3.742238209095674e-06 6.512756320459699e-07 2.0621673319534323e-07 5.305464433629665e-07 6.050933521330942e-07 1.663045653322451e-07 2.4056671900896113e-07 8.825179315610789e-07 0.0 2.0304917407106136e-07 5.842940887067342e-05 4.801272203790625e-06 2.866737601747325e-07 2.4813851943367676e-07 8.662147960464212e-07 0.0 0.0 1.4578027733963162e-07 2.659567514815871e-06 4.3584900026653255e-06 4.219954354776421e-06 6.377904054455792e-05 2.908901820668887e-06 2.7920259578043658e-05 8.087875063543191e-07 1.6026498226513603e-06 3.4950311713260796e-07 4.938648426719027e-05 4.0094222214297194e-06 6.2829198550156304e-06 1.8868447676740116e-06 1.4658028895995488e-06 1.2057334943186592e-06 1.142383915588191e-06 7.096274447773473e-06 2.6253195642352644e-07 0.0 4.8278544570330616e-05 4.415709638531693e-05 6.169979880367984e-05 4.063261100567851e-05 1.138278683124196e-05 5.070381140484595e-06 4.838138697922292e-06 1.3212504885411225e-06 3.2663305187453207e-06 1.0620973299031689e-05 2.8435372170388557e-07 3.3505379517850886e-06 3.965033864660826e-06 1.0894684958946496e-06 1.1710521854777934e-07 1.3903084911306153e-06 6.135389236332762e-08 3.957787050954592e-07 0.0 1.550455241711379e-06 7.285571450786585e-08 6.42201373761023e-08 1.8722851329456507e-05 4.490518290968304e-06 0.0 7.135905968320972e-07 1.0644725985535623e-05 1.663611001617026e-07 5.935427679602248e-07 2.4579509614627687e-06 1.350721472329313e-06 1.1847063257711551e-06 3.344796355775435e-06 1.7794473497369009e-06 1.406228427549749e-06 4.394620274784494e-06 1.1977225881883955e-05 1.4219319062160002e-06 2.9763698279150848e-06 1.0062640951211275e-05 5.706075769596491e-06 3.97434290089574e-06 0.0 0.0 0.0 0.0 0.0 0.0 0.0 0.0 0.0 0.0 0.0 0.0 0.0 0.0 1.768808338034342e-07 0.0 8.745837759385432e-08 0.0 2.3745051448655072e-07 1.594335340918021e-06 1.1988778542083453e-06 0.0 0.0 0.0 1.9099405098174457e-06 0.0 3.009773052115066e-06 3.1092924360215704e-07 7.799755527922515e-08 0.0 1.0217862643460192e-07 0.0 0.0 0.0 0.0 0.0 0.0 0.0 0.0 0.0 0.0 6.152152413445217e-08 0.0 1.1337100254341668e-07 0.0 0.0 1.0321394386664018e-07 2.3257515288696766e-07 0.0 0.0 0.0 1.956443422696273e-06 8.264724983243921e-08 0.0 0.0 0.0 0.0 0.0 0.0 0.0 0.0 2.075846005765285e-06 0.0 0.0 0.0 0.0 1.1632777363209307e-06 9.626212764112467e-08 2.025636362097216e-06 1.5644618883748047e-07 7.580052581374601e-07 0.0 7.207016964467676e-08 0.0 0.0 0.0 0.0 0.0 5.222459969471037e-08 0.0 0.0 0.0 2.780500345968887e-06 6.501058697519194e-07 1.4604109318947332e-06
5.990304826393199e-06 0.0005207164318217457 0.0024751838168525016 3.4758161182127887e-07 0.0001335281914205809 2.348313264817254e-07 2.8678986565363165e-05 0.0 0.00019584683736596545 2.9317555015509182e-05 0.0029956120172791637 1.6594622645883482e-05 0.00012359263065642908 0.0014695542058303429 9.136308654727508e-06 1.1042801735385184e-05 4.852236433943726e-07 5.173484238303783e-07 5.811638048865673e-07 7.62051968296266e-06 6.376832155171566e-05 2.2625931413689362e-07 1.8278756248106544e-07 2.3859893994956014e-06 3.616698414117661e-06 1.2247582235090822e-05 4.452768472103077e-07 2.0197421879692523e-06 4.0565065447522844e-07 4.1659450264727317e-07 0.0009174895924533115 0.0017216181163966053 9.355001266511716e-05 4.81107346987509e-06 4.415654920963461e-06 7.911043129513933e-06 7.269802823256211e-06 4.902471732775006e-06 2.043946410265199e-06 2.429254650455179e-06 3.686624053173124e-05 5.39599339727451e-06 6.895881682601743e-06 3.142976026634023e-05 3.754264050862471e-06 1.5378279661748055e-05 4.0185809129967735e-05 1.2251877676853463e-06 1.9160531636104844e-06 7.62259216755663e-06 5.373014999830611e-06 4.159572313448088e-07 0.0 1.6055056038995808e-06 5.184344317325461e-07 9.404961898656717e-07 2.2185830051672504e-06 7.169618202197521e-05 1.3716914566741013e-06 1.0195925496358558e-05 7.644555280241565e-05 8.889694939957298e-05 2.4404677027069395e-05 0.00022873214636716775 8.561543316418679e-07 1.4590845722554612e-06 1.6197906595086634e-06 3.1958781740236665e-06 5.5481922727468014e-05 7.7031904086223e-05 1.5245778919962954e-05 2.9370420959847706e-06 0.0 2.162160001720513e-05 3.486110335836629e-05 3.770979262904684e-05 0.00010135164908300537 0.0004416243873877598 0.0016677850582403645 0.0009750492696305987 0.00012077397210960767 0.0008673841492992719 2.9253109417705475e-06 1.4297049336389867e-07 7.370813497770697e-07 9.37182782491396e-07 6.337651734056926e-06 0.0 2.73167490043556e-07 0.0 1.0105437782674118e-06 8.729364881636555e-07 5.7177547058375784e-05 4.480404499244631e-06 2.492746742018449e-06 5.611759100284849e-06 1.9286048894879082e-06 0.0 2.8986190197156634e-06 3.058660119235043e-06 0.0 0.0 9.593177375427045e-08 0.0 1.0886850910115177e-07 0.0 1.415092165911534e-07 0.0 0.0 1.4442421379327056e-06 1.4962565423908837e-07 2.547652357923399e-07 1.381504908346154e-06 9.208078961511521e-07 1.4483807708118691e-06 0.0 1.7957984552412942e-07 2.5197250770363523e-07 0.0 0.0 0.0 0.0 0.0 0.0 0.0 1.1734085248976981e-07 0.0 3.313270317161881e-07 0.0 0.0 0.0 2.73548101485034e-07 0.0 0.0 2.1733722073272901e-07 0.0 0.0 0.0 1.4788783300905786e-07 1.9114120338969917e-06 5.689420983703791e-07 2.852972221846959e-06 1.8952650529730619e-06 6.121848819991069e-07 2.679555513967233e-07 0.0 0.0 0.0 0.0 0.0 1.260708888331948e-07 0.0 6.206323524241209e-07 0.0 0.0 2.9895783112122274e-07 2.207692567945729e-07 1.6317873827882015e-07 0.0 0.0 0.0 0.0 0.0 0.0 0.0 2.2837168599132146e-07 3.5141867526717657e-06 0.0 0.0 0.0 0.0 0.0 0.0 0.0 0.0 0.0 1.240924974405092e-06 1.2027045075121777e-07 1.4025225625915193e-07 0.0 1.0650248811630034e-07 3.8340391375303914e-07 4.3969853413874344e-07 5.078154177746571e-07 0.0 3.4373467544210253e-07 5.056957650685413e-07 0.0 0.0 0.0 0.0 0.0 0.0 0.0 1.2840836691163191e-07 0.0 9.328696502269483e-08 1.2010675162390354e-06 1.519580111238721e-06 2.2131750591056878e-06
4.120714176773664e-06 0.0011761710219948469 0.0007746159449445796 5.653981664409802e-06 0.0011873940673532942 3.9041581668295715e-07 0.0016210802829121761 0.00019584683736596545 0.0 8.472460215786778e-05 0.0005781187061062835 2.104283959686326e-06 0.0004137436316005114 0.0010764988597515295 2.9479590443615255e-07 1.28669164067395e-07 0.0 6.906386662679819e-08 0.0 2.0742668283901401e-07 2.6588887180613125e-07 0.0 0.0 0.0 0.0 8.719827408679936e-08 1.9771047973193833e-07 0.0 0.0 0.0 2.1053315665072843e-05 2.9039900794083366e-06 1.3166434214067428e-06 0.0 0.0 7.590989404508667e-08 4.125878598024244e-07 1.5947494934722066e-07 5.5774718380246236e-08 0.0 2.1937243523724292e-07 0.0 7.414399726060837e-08 0.0 0.0 5.441479795028834e-08 5.781239691191211e-06 2.9987296530546725e-07 0.0 5.334796623722809e-08 0.0 0.0 1.1083778270294656e-07 0.0 1.9514904167168324e-07 2.2309187308047693e-07 1.1649611627015603e-07 3.7928532978128704e-06 2.1931782393008942e-07 2.6059026150724672e-06 3.3583492676328636e-07 1.0359113035612827e-06 0.0 3.519477919775648e-06 2.7725429604938715e-07 1.5151121772445016e-07 1.8189406915261484e-07 1.1667174221965411e-07 6.31937635848536e-08 4.89603916918169e-07 5.089896125331471e-07 0.0 0.0 3.106939466455319e-06 2.7383657965179525e-06 4.490605474247771e-06 4.118195917115614e-06 9.448600371977205e-07 8.969120208758834e-06 6.48499684352608e-06 6.759521553197174e-08 3.2684352752224416e-07 3.768659499925523e-07 0.0 2.8798850980725926e-07 2.245588810641792e-07 0.0 1.8603974182824134e-07 1.6353730546596483e-07 0.0 0.0 5.193482179753295e-08 2.2764560797624248e-07 0.0 0.0 1.0916191168179108e-06 3.3975260055220594e-07 0.0 6.901044091779121e-08 1.4879609957914268e-07 0.0 0.0 0.0 0.0 0.0 1.2330667806953352e-06 0.0 0.0 7.82623962593716e-08 5.113312426648442e-07 1.2013221295903578e-07 2.773665933476838e-07 4.869915227350875e-07 3.1297960031038397e-07 0.0 0.0 0.0 0.0 0.0 0.0 0.0 0.0 0.0 0.0 0.0 0.0 0.0 0.0 0.0 0.0 0.0 0.0 0.0 0.0 0.0 6.598198541670281e-08 0.0 0.0 0.0 8.629629463053685e-08 0.0 3.418493776094375e-07 0.0 0.0 0.0 0.0 0.0 0.0 0.0 0.0 0.0 0.0 2.2228481526834798e-07 0.0 0.0 0.0 0.0 0.0 0.0 0.0 0.0 0.0 0.0 0.0 0.0 0.0 1.2172194756912824e-07 0.0 0.0 0.0 5.2322576344856126e-08 0.0 0.0 0.0 0.0 0.0 2.9704253421180593e-07 0.0 0.0 0.0 0.0 1.5591920276010984e-07 0.0 1.5251282186147695e-07 0.0 0.0 0.0 0.0 0.0 0.0 0.0 0.0 0.0 0.0 0.0 0.0 0.0 3.415597571360803e-07 1.1339474894280685e-07 0.0
0.0018988229484887893 0.001829287344058068 0.00018681871024246537 0.0014096923825899009 0.00035200265047455255 0.00039889320880107635 0.0021899269912877984 2.9317555015509182e-05 8.472460215786778e-05 0.0 0.00012394798088780635 0.0010470921308864596 0.006284116493943992 0.000789440159393499 1.1992695187698048e-05 9.649593123603465e-06 6.5865981279388e-07 0.0 1.715355571808258e-07 7.592412565038925e-07 4.213876157122047e-06 7.687323829039255e-07 0.0 6.745237850449049e-07 1.0294177775935641e-06 1.7707858911451846e-06 2.916744311352572e-07 1.8714152162940335e-07 3.2431338728525817e-07 3.194461871268577e-07 0.00014646146151989375 2.8092031462815183e-05 0.00010658588940655394 4.3164186342807605e-07 3.3709803646326746e-07 9.668950478011296e-07 3.0816845301857615e-05 3.439962257724557e-06 3.4712789915300625e-06 2.476647475270546e-06 4.232684505795648e-06 1.415376060093429e-06 1.3232242487217952e-07 4.23614262009722e-06 5.176053542635556e-07 7.37220832201331e-07 0.00013246020378868383 7.183843445118041e-06 5.612533369666911e-07 1.6344276901824162e-06 1.3577762781697512e-06 1.5464151758216876e-06 5.944960134674597e-07 3.060563073133051e-07 3.2209536781309213e-06 7.311926692484842e-06 2.4329057811188955e-05 9.53491675487111e-05 7.562674556015084e-06 4.605464907205133e-05 3.196829855131688e-06 2.5670443534428846e-05 1.8708353062960834e-06 7.108210735556458e-05 5.511922404071102e-06 9.512797067962571e-06 2.632358430913899e-06 2.8463546163918943e-06 6.117670806559363e-06 6.596546811591966e-06 0.00012923789486364264 1.5497933178386595e-05 4.163965520322619e-07 7.275226413309914e-05 6.658571749554497e-05 0.00011227924853406284 8.611457139082674e-05 3.826547771822748e-05 1.4585130096555807e-05 1.186431655912996e-05 7.655795832466935e-06 1.6419677106734132e-05 1.48849321768667e-05 7.547766825243368e-07 4.786997134755142e-06 5.219854718393801e-06 1.7151890961183137e-06 9.300507848645836e-07 2.24898130380778e-06 6.076943281697111e-07 1.3234190852968613e-06 1.9807163949262318e-07 7.649557874232445e-06 7.651910209183922e-07 8.532123952885057e-07 0.0005427334942402354 0.00015842126667520693 3.0814174887157773e-06 1.4051808994407012e-05 0.00027420302974818947 5.678373009513622e-06 3.4944620763445824e-05 5.3982527070469374e-05 4.661432327591833e-05 2.6062599499262684e-05 1.7693609197490415e-05 7.260215038630532e-05 8.62406942098426e-06 0.00010277563971890901 0.00026876532132610615 3.272535624596311e-05 5.2219048989841287e-05 0.00026207613223447194 0.00010737664206125613 6.861006436469387e-05 4.664962695983266e-07 7.333230134917442e-07 1.2099022197449678e-07 0.0 7.49659168652705e-08 0.0 0.0 5.454568109836666e-07 0.0 4.909587210739678e-07 0.0 1.633767922032135e-07 2.2780179306783506e-06 1.5187236174275301e-06 1.8064894758384777e-06 2.3411217314694092e-06 1.5817869406188e-06 1.853271924227176e-07 5.779539282715968e-07 1.6765704350190443e-05 1.9554282299318595e-05 0.0 4.4619971483972335e-07 8.59637535364797e-07 2.8940786909340424e-05 5.758514819890375e-06 4.712825439757254e-05 1.0131993798777155e-05 3.7546055523235978e-06 2.9952590481568606e-07 1.0959807110215322e-06 4.067743161874092e-07 1.4691677106096278e-06 9.235310724282601e-08 0.0 2.2209203012243952e-07 1.1288802577085322e-06 3.7059536025987013e-06 0.0 0.0 1.4336811641695556e-07 6.42310802994094e-07 1.3965064784732332e-06 2.5881180525360676e-07 0.0 1.7381055768058994e-07 1.98628645308622e-06 3.4382359333529012e-06 4.219034212546894e-06 1.8024132073896166e-07 2.7191666284520266e-06 5.1513198292556996e-05 3.448981461947856e-06 2.834279122168284e-07 2.6398451585222376e-07 6.32382800895317e-08 2.706972446506916e-07 0.0 8.21198406785516e-08 0.0 3.462374386928432e-07 4.05473713200517e-05 2.7742932772396366e-06 4.507855789533089e-07 2.3683351150094716e-07 1.3865159397618501e-06 2.825639088958508e-05 9.5380088863397e-06 2.467224181810772e-05 2.296234124732481e-06 6.509982807916056e-06 3.4435871970001745e-06 6.706006211002536e-07 5.471879859767847e-07 7.78897199623345e-08 2.262555704016676e-07 8.798846295268666e-08 1.661548601986548e-07 0.0 4.3940769363077917e-07 1.1142504242550622e-07 6.692498902858041e-07 6.311239279130941e-05 1.7153700238069094e-05 3.069925784987287e-05
2.647436303382769e-05 0.002152088179698955 0.002427104766088456 7.009369916696325e-06 0.0008487249004745101 6.585193071147871e-07 0.0007556618369408451 0.0029956120172791637 0.0005781187061062835 0.00012394798088780635 0.0 9.061317549559044e-05 0.0011580473230737617 0.0026955135641887834 8.73576379588829e-06 1.166272923741249e-05 6.97971861376099e-07 6.547396153043416e-07 5.719279953255541e-07 1.8124388466934266e-06 2.394113298540668e-05 7.180609315395756e-07 1.0694757838676667e-06 3.3383412117028976e-06 7.377902538372556e-06 1.663227220053367e-05 1.1893464027128491e-06 2.745819115839931e-06 8.572186740907703e-07 8.246187590481984e-07 0.00043660419022102155 9.638821099595661e-05 0.00037658358684586086 1.5122053710005328e-06 3.102440903689067e-06 9.48833602838182e-06 0.00010416585062694906 1.799757781897211e-05 1.0381672218342823e-05 6.137618195284589e-06 2.8943810115741004e-05 4.984043399113876e-06 1.0260970746091177e-06 8.120055040706183e-06 4.067841945321317e-07 1.6216845320200392e-06 3.592461090511805e-05 2.3497870567837117e-06 5.312185840416226e-07 1.6101902662188745e-06 3.848933005166928e-06 1.329324854673088e-06 8.815522003770976e-07 1.7839949401841817e-06 6.299118126588006e-07 1.608994686418298e-06 1.909524960126855e-06 3.777763624460873e-05 1.332700892130362e-06 1.0601348333968372e-05 8.851470554687111e-06 7.34872026396736e-05 4.868364184564111e-06 3.9564897453572004e-05 1.1385421545171058e-06 1.640142966897117e-06 9.257393941011474e-07 2.270482490236625e-06 1.0804315470551085e-05 2.1910672247349674e-05 8.489501659671502e-05 4.926337990726287e-07 0.0 1.617574107521672e-05 2.0421648817873163e-05 3.567312557986272e-05 4.573275660730825e-05 3.742148262536212e-05 0.00037597540507450965 0.0012316492474959888 7.963951917729044e-06 0.0004577571155673203 4.016354674525341e-06 0.0 1.0353591345921623e-06 1.386782099166492e-06 1.7070606155481274e-06 1.19657983539436e-07 1.0869334853582235e-06 0.0 1.1577185895994847e-06 0.0 2.006873910830367e-05 2.1433996072942652e-06 1.2545821697044663e-06 1.4901810012634756e-05 3.320960431426525e-06 8.556596617231041e-08 7.103114778417263e-06 4.298775049694916e-06 0.0 0.0 8.777080484317427e-07 3.161090087557203e-07 5.589494491959059e-07 0.0 1.2501482097384606e-07 0.0 1.60468523393565e-06 1.5574651473265772e-06 1.2001825975892955e-06 3.6924554988282014e-07 2.2646382243791837e-06 8.979509856210583e-07 1.6377137205704462e-06 0.0 1.2463493761753682e-07 0.0 0.0 0.0 0.0 0.0 1.994943326709171e-07 0.0 0.0 0.0 9.99105427439412e-08 1.3495109766217654e-07 0.0 0.0 0.0 6.846798303058385e-08 1.3049875846515342e-07 9.680583999939987e-08 3.775242914894621e-07 4.5398812060215325e-07 0.0 7.681405283736112e-08 0.0 6.66816177058233e-07 2.4847229236912764e-07 1.121574365794244e-06 5.32153538868739e-07 8.170976146571517e-08 0.0 0.0 0.0 0.0 0.0 0.0 0.0 0.0 0.0 0.0 0.0 7.420334604085332e-08 1.4065602868018843e-07 1.3631188884264034e-07 0.0 0.0 0.0 0.0 3.283656830379877e-07 0.0 0.0 0.0 2.442632561138896e-06 1.5553577736784434e-07 0.0 0.0 0.0 0.0 0.0 0.0 0.0 0.0 7.459627884796474e-07 2.807406876046766e-07 0.0 7.247288437442077e-08 0.0 6.55980626635551e-07 3.028338613901843e-07 8.729750028851859e-08 1.0824509109487186e-07 0.0 0.0 9.449393345276915e-08 0.0 6.708269768758358e-08 0.0 0.0 0.0 0.0 2.5225417827406827e-07 0.0 0.0 1.0664301347337075e-06 7.79137871127584e-07 1.5677832554909934e-06
0.00021167092793523406 4.960075750383347e-06 3.122618913391506e-06 7.204131348453818e-05 1.3222682827341658e-06 9.282410865747407e-05 5.670704756006171e-05 1.6594622645883482e-05 2.104283959686326e-06 0.0010470921308864596 9.061317549559044e-05 0.0 0.0010126746417337869 0.0001559106072178234 9.07397759335576e-06 9.68092106401718e-06 5.849151210534077e-07 1.3537304417131478e-06 8.254988319959705e-08 2.655840727248027e-06 1.715168496719481e-05 7.34677871761981e-06 2.5342486051356847e-07 1.327978103729595e-06 8.24667658822372e-06 1.025490895495057e-05 5.371443757599906e-07 1.6076334032883959e-06 2.5453906597364485e-06 4.951007287262785e-07 4.978236703435043e-06 6.4485819196228815e-06 0.00011177131171792523 3.608491880849583e-07 7.616826589011853e-07 3.5860905400968915e-06 0.00010144937296461015 2.0732070104002224e-05 2.2842784979251257e-05 1.0120869351046793e-05 2.2784494028044643e-05 3.4383768424305333e-06 4.6559508710015435e-07 3.5073261094356634e-06 2.341437631881764e-07 9.357563111414153e-08 2.9481075240490648e-05 4.1702227236191335e-07 7.042838481620708e-07 4.7123808168387545e-07 4.452704799087269e-06 2.1750288962559447e-06 3.677868287874072e-06 5.393976675149384e-06 0.0 3.322537906656613e-07 7.024328146077886e-07 2.956348607418149e-06 4.7574041770232015e-07 3.507121881545819e-06 1.8527810373995927e-06 1.2565993837790305e-05 1.6359888376106446e-06 1.2062112057563838e-05 4.165703380908604e-07 1.2891792322040112e-06 6.606262478474156e-07 2.248231464634827e-06 6.811490963959721e-06 1.460422604379058e-05 0.00017433070780566683 8.878480649960752e-06 0.0 5.118882647151745e-06 5.972994060360894e-06 2.352206331295267e-05 2.8482207208172213e-05 2.296544107976991e-05 7.17544476623832e-06 5.734984829058198e-06 3.026970900992782e-06 6.313726033855007e-06 1.2692981287461114e-06 0.0 2.0439405068719385e-07 1.3356167502439966e-07 6.552143120759078e-07 6.338001072272607e-08 4.992218285274583e-07 8.628445832704967e-08 1.9834461485673304e-06 1.0336069631970142e-06 2.0997536214139e-05 4.513378709097893e-06 2.826687481422719e-06 0.00048335215040579187 0.0001047159123798455 1.7082958021979863e-07 2.1023599965956028e-05 1.487417225383118e-05 1.9631605692006974e-06 9.173171798683501e-06 1.8311460348201173e-05 1.4915417270146645e-05 8.501398429156106e-06 2.1560729302821696e-05 2.0680237100979955e-05 2.8007603784011857e-06 3.8261956048977966e-05 8.085553871450912e-05 8.93515931067552e-06 2.1982698667930792e-05 0.00012459338967351564 5.0703505151562086e-05 2.243937936555499e-05 3.573694870420307e-07 3.7438514244524606e-07 0.0 8.839849297057922e-08 0.0 0.0 0.0 1.270667224033095e-07 0.0 6.089246838760855e-07 0.0 2.346522568861588e-07 7.64696065668954e-07 2.3935756632338046e-07 8.483151517779038e-08 5.895066425855345e-07 7.506741095390064e-08 4.146922325589843e-07 3.152829370977983e-07 6.6190396205037294e-06 7.438301832367689e-06 0.0 1.523959691113809e-07 2.911010935818033e-07 8.586735373186875e-06 1.2780333748340886e-06 1.4387541305436948e-05 2.6273769754984374e-06 4.3669811483614775e-07 4.55704571548581e-07 2.923937546845473e-07 0.0 2.4244092830128535e-07 0.0 0.0 4.796901764336102e-07 2.893712714496406e-07 7.172734237981273e-07 0.0 7.790029195576508e-08 5.138179290079389e-07 4.87512467673355e-07 5.4644942228496e-07 0.0 0.0 2.007440859436464e-07 5.61547006183926e-07 1.0564626340145238e-06 1.7390745499366796e-06 0.0 2.7722816861471524e-07 1.6829305664368017e-05 1.5280350592951982e-06 0.0 0.0 0.0 0.0 0.0 6.8860199559313e-08 1.2827588492787894e-07 5.3960246508223296e-08 1.5385670882292427e-05 1.181604240197626e-06 1.5918326760571677e-07 0.0 2.681941567133215e-07 6.483440177757235e-06 9.346172710897913e-07 4.945094045174589e-06 1.0227898903952374e-06 2.1379915726818044e-06 6.912744469636483e-07 1.0129164208917033e-06 4.1899972216337384e-07 0.0 0.0 0.0 0.0 0.0 0.0 9.065857756337203e-08 2.8307933652277703e-07 2.572374710714876e-05 5.357155558433913e-06 8.703133694828177e-06
