0.0 0.002805746511393027 0.00020670130580906134 0.001312559427910291 0.00039615908182484013 1.758352840472985e-05 0.0022286236733872985 0.00034519609398210105 0.0008323008675297164 0.0015929366896296592 0.000885540680299643 2.8853431490626937e-05 5.467972194616583e-05 6.818241002288937e-05 1.287490953539286e-06 4.329544906784126e-07 1.3027067202799576e-06 5.79718660551128e-07 3.9920501870549127e-07 4.166930665445287e-07 1.8225899266764187e-07 0.0 0.0 6.308105461887866e-08 5.563601194913018e-07 1.516662703548182e-07 0.0 0.0 0.0 0.0 0.0002929532000329232 8.900511293766251e-06 7.812530098282668e-06 1.9323965208901462e-07 0.0 1.2610622898397883e-06 1.2765540482448407e-06 1.4574659602861152e-06 1.196121418682148e-06 4.1442215756801295e-07 0.0 6.605616373474669e-08 3.844615368970672e-07 2.557394297604943e-07 8.964250955044562e-07 0.0 4.28691873380596e-05 3.6411329632997395e-06 8.574812581381943e-07 1.5653753949552125e-07 4.6660554248017853e-07 1.776380411354949e-07 1.7770410998544243e-07 7.823950570071555e-08 9.710969850342795e-06 5.464311961995102e-06 0.00028776607884560556 0.0014046612611529708 0.00016416503629495594 0.00012453562229462666 1.2021585359929532e-06 7.482060494568174e-06 1.9998143677031917e-07 3.0108341239319597e-06 6.158750311959817e-06 3.1075176264846546e-06 4.1537164223103133e-07 6.138986120972551e-08 5.604209377640421e-07 3.5543035135003663e-07 1.4653850077718782e-06 0.0 8.383605952558001e-08 0.00016810849310310445 2.8435675703880847e-06 2.0852975974095136e-06 2.8240706444885185e-07 6.941237259730703e-07 7.047527975047335e-06 8.380870704535896e-06 0.0 1.061036050333903e-05 2.130245465024173e-05 8.802114235766842e-07 2.2409688519149764e-06 4.603039173368734e-06 6.059280627275654e-08 3.497988025036755e-07 2.9215168161314723e-07 4.271075187015807e-07 4.5587201284978756e-07 6.406305442972235e-07 1.7855962204468174e-07 1.569274882452832e-07 1.6214045121257919e-07 6.062270315186179e-08 0.0 0.0 8.165381564358331e-07 0.0008545280163744796 0.0 0.0 0.0 0.0 0.0 0.0 0.0 0.0 0.0 0.0 0.0 0.0 0.0 0.0 0.0 0.0 0.0 0.0 0.0 0.0 0.0 0.0 0.0 0.0 0.0 0.0 0.0 0.0 0.0 0.0 0.0 0.0 0.0 0.0 0.0 0.0 0.0 0.0 0.0 0.0 0.0 2.837887467945479e-07 0.0 0.0 0.0 0.0 0.0 0.0 0.0 0.0 0.0 0.0 0.0 0.0 0.0 0.0 0.0 0.0 0.0 0.0 7.086452227148481e-08 0.0 0.0 0.0 0.0 0.0 0.0 0.0 0.0 0.0 0.0 0.0 0.0 0.0 0.0 0.0 0.0 0.0 0.0 0.0 0.0 0.0 0.0 0.0 0.0 0.0 0.0 0.0 0.0 0.0 0.0 7.997940352123007e-08 0.0 8.849285182674329e-08 7.683094573541642e-08 0.0 0.0 8.175339738685672e-08 0.0 0.0
0.002805746511393027 0.0 0.00039718558398302235 0.00034083253033034524 0.0023756776015412037 6.481949408678194e-06 0.0038403138305730857 0.0004008089964243728 0.003250530279207529 0.00010487833841588973 0.0017929246005972419 5.817805397752765e-07 0.000836291739359818 0.0012884510156708172 3.6449321676159335e-06 5.449542915545742e-07 5.289053747922296e-07 1.9808861833533472e-07 0.0 2.756598238088976e-07 0.0 9.57347571794662e-08 0.0 0.0 1.619239635048109e-07 0.0 0.0 0.0 0.0 0.0 0.001682434213901153 2.947578111948552e-06 3.953361472680842e-06 0.0 0.0 4.089728466120317e-07 2.732798370596146e-07 5.294656795668676e-07 5.136183050298978e-07 3.0585368449425174e-07 1.9934616209666281e-07 9.255130437215586e-08 7.107183687153952e-08 1.2503500576696657e-07 2.0668397994957354e-07 0.0 5.818140303716222e-05 3.5434245685254527e-06 7.562147059623036e-07 6.325173001694384e-08 6.524038879743272e-07 0.0 0.0 7.005680973290403e-08 1.0989354936053448e-05 7.383931863820011e-06 0.00010121332885864556 0.0007205578714827031 9.679154986195237e-05 0.00015191077530035799 3.737805234561946e-07 1.565157736212417e-06 1.039501888991763e-07 2.127373184612336e-06 4.747812015920535e-06 2.765500611967182e-06 3.913955457952341e-07 1.1016530944844443e-07 5.513505558453331e-08 2.0912275502295276e-07 1.4095060906293422e-06 0.0 0.0 0.00016763792387320132 8.960445327778668e-06 9.145951653805788e-06 1.3762335906859363e-06 3.009041334362713e-07 1.4870109137940866e-06 2.0768097728881196e-06 0.0 2.9342084286995042e-06 2.065438673828564e-05 2.0755745142782196e-06 1.3161548273899222e-06 4.172248950593217e-06 4.776689018146134e-07 8.958682920062629e-08 4.957993688238372e-07 4.641995682161995e-07 5.745794018187302e-07 8.517144458747066e-07 1.9034187859949284e-07 4.832056145667208e-07 3.241115636630333e-07 1.0611720696009111e-07 0.0 0.0 0.0 0.0006149194461206179 0.0 0.0 0.0 0.0 0.0 0.0 0.0 0.0 0.0 0.0 0.0 0.0 0.0 0.0 0.0 0.0 0.0 0.0 0.0 0.0 0.0 0.0 0.0 0.0 0.0 0.0 0.0 0.0 0.0 0.0 0.0 0.0 0.0 0.0 0.0 0.0 0.0 0.0 0.0 0.0 0.0 0.0 0.0 0.0 0.0 0.0 0.0 0.0 0.0 0.0 0.0 0.0 0.0 0.0 0.0 0.0 0.0 0.0 0.0 0.0 7.51123631181255e-08 0.0 0.0 0.0 0.0 0.0 0.0 0.0 0.0 0.0 7.428615650615954e-08 0.0 0.0 0.0 0.0 0.0 0.0 0.0 0.0 0.0 0.0 0.0 0.0 7.576136492460152e-08 0.0 0.0 0.0 0.0 0.0 0.0 0.0 2.4886177544443506e-07 1.1662670221253804e-07 0.0 0.0 0.0 0.0 0.0 0.0 0.0
0.00020670130580906134 0.00039718558398302235 0.0 0.0 0.00028599532252514156 0.0 0.00014069553761994203 0.0011429927579487958 0.00117262339229272 5.231279847704271e-07 0.0046368746398700944 4.339171441626013e-06 5.631530287230241e-05 0.00028981840772316064 1.8184952335540716e-05 7.523540027899277e-06 1.1385122405093672e-05 4.083461778629621e-06 4.359785786300121e-06 4.357409584714562e-06 3.2793742381189345e-07 8.358575729425154e-07 3.9200863586087394e-07 5.796079090262764e-07 5.994072872503845e-06 4.2239723730553543e-07 0.0 3.1166627062437393e-07 2.8252727592585565e-07 0.0 0.0011841740153689792 0.0003292788842212485 1.9898849073912966e-05 1.6405892596043376e-06 6.484181874585633e-07 1.3238992564015971e-05 6.040219376677938e-06 1.4874143442324576e-05 5.916083790869415e-06 3.494073438284465e-06 7.406912527253766e-07 6.423218796500164e-08 4.568467803364742e-06 7.347630771580174e-06 8.534042813563736e-06 2.767899790679412e-07 4.315356153731028e-05 7.278682240042849e-07 2.4273958776178546e-06 1.9524908254687358e-06 4.0758141451258595e-07 1.366843084459546e-07 1.6014000756140675e-06 9.181228072653811e-08 2.343271926819435e-06 2.2310338144009057e-06 1.9301051776481208e-05 0.0001254203466713259 2.5955182862514317e-05 6.864787529071187e-05 4.6134415733279144e-05 5.8842108977962366e-05 8.73312873974002e-06 0.0002599658367804288 2.2296910275696383e-06 1.2929147737833097e-06 2.4218617789944446e-07 3.882477622417089e-07 2.531333167388777e-06 1.320377644755753e-06 9.10622888593105e-06 0.0 0.0 8.55741443236423e-05 3.100557172599269e-05 1.8319174664085362e-05 1.2717725081845225e-05 1.401227576199004e-05 0.00021205673841184015 6.516865144006363e-05 9.321801956199887e-07 6.281666979237093e-05 7.178511696809184e-06 7.032869893038285e-07 6.412171855313383e-07 1.6460468506059662e-06 7.785842547127369e-07 0.0 4.594810954892817e-07 2.1382289336307996e-07 2.4648101983377054e-07 1.772084723673103e-07 1.0322455408737038e-06 5.608911260704453e-07 1.122959710117854e-06 9.203434977650464e-07 7.453011740538575e-07 0.0 3.5654858925766626e-06 3.879317181630928e-05 0.0 0.0 0.0 0.0 0.0 0.0 0.0 0.0 0.0 0.0 0.0 0.0 0.0 0.0 6.654400628133365e-08 0.0 0.0 0.0 0.0 0.0 0.0 0.0 0.0 0.0 0.0 0.0 0.0 0.0 0.0 0.0 0.0 0.0 0.0 0.0 0.0 0.0 0.0 0.0 0.0 1.1082013094414685e-07 0.0 0.0 0.0 0.0 0.0 0.0 0.0 0.0 0.0 0.0 0.0 0.0 0.0 0.0 0.0 0.0 0.0 9.67288239739772e-08 0.0 0.0 6.601686900383169e-08 0.0 0.0 0.0 0.0 0.0 0.0 0.0 0.0 0.0 0.0 0.0 0.0 0.0 0.0 0.0 0.0 0.0 0.0 0.0 0.0 0.0 0.0 0.0 0.0 0.0 0.0 0.0 0.0 0.0 0.0 6.02075061771937e-08 0.0 0.0 0.0 0.0 0.0 2.7050604542502526e-07 0.0 0.0
0.001312559427910291 0.00034083253033034524 0.0 0.0 5.1355216071324846e-05 0.0006136748771730763 0.0016313446378698555 4.0586802466677957e-07 0.00022260527260684908 0.0013763737242603123 1.2842456345966256e-05 7.068202562967846e-05 0.0006120164435752687 0.0004985808723509988 0.0 0.0 0.0 0.0 0.0 0.0 0.0 0.0 0.0 0.0 0.0 0.0 0.0 0.0 0.0 0.0 2.2756715310228662e-05 0.0 3.2966318049730596e-07 0.0 0.0 0.0 0.0 0.0 0.0 0.0 0.0 0.0 0.0 0.0 0.0 0.0 3.2872419848075937e-06 3.063990142149046e-07 0.0 0.0 0.0 0.0 0.0 0.0 2.536856354094887e-07 9.09435442515364e-08 1.711014349207544e-05 2.223046629236647e-05 6.907128676263738e-06 6.732645350262839e-06 0.0 0.0 0.0 0.0 2.6713755725476996e-07 9.572637067608906e-08 0.0 0.0 0.0 0.0 2.664305773858075e-07 0.0 0.0 6.432361965934431e-06 8.380250759775324e-08 1.1193919094202304e-07 0.0 0.0 0.0 0.0 0.0 0.0 8.770950213961624e-07 0.0 7.932554605941371e-08 2.6525615345414217e-07 0.0 0.0 0.0 0.0 0.0 0.0 0.0 7.364264910140237e-08 0.0 5.059292890408546e-07 0.0 0.0 0.0 0.000795956858855169 0.0 0.0 2.5082505706787853e-06 4.731064310620101e-06 0.0 6.201783416061368e-05 0.0 0.0 3.4935848978483163e-06 0.0 0.0 0.0 0.0 0.0 0.0 0.0 0.0 0.0 0.0 0.0 0.0 0.0 0.0 0.0 0.0 0.0 0.0 0.0 0.0 0.0 0.0 0.0 0.0 0.0 0.0 0.0 0.0 0.0 0.0 0.0 0.0 0.0 0.0 0.0 0.0 0.0 0.0 0.0 0.0 0.0 0.0 0.0 0.0 0.0 0.0 0.0 0.0 0.0 0.0 0.0 0.0 0.0 0.0 0.0 0.0 0.0 0.0 0.0 0.0 0.0 0.0 0.0 0.0 0.0 0.0 0.0 0.0 0.0 0.0 0.0 0.0 0.0 0.0 0.0 0.0 0.0 0.0 0.0 0.0 0.0 0.0 0.0 0.0 0.0 0.0 0.0 0.0 0.0 0.0 0.0
0.00039615908182484013 0.0023756776015412037 0.00028599532252514156 5.1355216071324846e-05 0.0 0.0 0.0013276032680019706 2.2091089218446907e-06 0.0016897945835288764 3.599555500685903e-06 2.6059001865918853e-05 0.0 0.00019522845737899694 0.0005561109162349463 4.164457894870207e-06 0.0 1.673028053580148e-06 0.0 0.0 0.0 6.237596733177847e-08 0.0 7.22084978807346e-08 1.2686980473923639e-07 0.0 2.8530673939171344e-07 0.0 9.910626756638285e-08 0.0 7.844745313283045e-08 0.00011870947218702725 6.489134702175963e-07 0.0 0.0 0.0 0.0 0.0 0.0 0.0 0.0 0.0 0.0 0.0 0.0 0.0 0.0 5.3399114939777295e-05 8.793903683359746e-07 1.1262500346571985e-07 0.0 0.0 0.0 0.0 8.630710311971055e-08 3.7289021391369045e-06 1.706725432237311e-06 1.3826499855419596e-05 4.3825509704173794e-05 2.352512468407652e-05 7.46919275774061e-05 5.228758337231919e-08 2.890094811761157e-07 0.0 2.1703413518644657e-06 1.8790258365753338e-06 1.1814404837471123e-06 2.9130659649710534e-07 6.673611516898885e-08 0.0 0.0 0.0 0.0 0.0 4.680039625241484e-05 6.016041187985162e-06 9.329083984288086e-06 7.571209285696783e-06 1.0676146548327485e-07 0.0 0.0 0.0 0.0 7.0961377395726505e-06 3.6967449613421973e-07 8.781874314756906e-07 1.7794750695441695e-06 7.180210141172597e-08 0.0 1.2122645682782784e-07 0.0 2.9477805294930384e-07 3.285948712649297e-07 0.0 2.622723739476177e-07 0.0 0.0 0.0 0.0 0.0 3.095225279492034e-05 0.0 0.0 0.0 0.0 0.0 0.0 0.0 0.0 0.0 0.0 0.0 0.0 0.0 0.0 0.0 0.0 0.0 0.0 0.0 0.0 0.0 0.0 0.0 0.0 0.0 0.0 0.0 0.0 0.0 0.0 0.0 0.0 0.0 0.0 0.0 0.0 0.0 0.0 0.0 0.0 0.0 0.0 0.0 0.0 0.0 0.0 0.0 0.0 0.0 0.0 0.0 0.0 0.0 0.0 0.0 0.0 0.0 0.0 0.0 0.0 1.390073284811838e-07 0.0 0.0 0.0 0.0 0.0 0.0 0.0 0.0 7.800172053267858e-08 0.0 0.0 0.0 0.0 0.0 0.0 0.0 0.0 0.0 0.0 0.0 0.0 0.0 0.0 0.0 0.0 0.0 0.0 0.0 0.0 0.0 1.8652470658424415e-07 0.0 0.0 0.0 0.0 0.0 0.0 0.0 0.0
1.758352840472985e-05 6.481949408678194e-06 0.0 0.0006136748771730763 0.0 0.0 4.352590255117342e-05 0.0 1.6916731076834e-06 0.0005491934724315874 0.0 1.875666015247144e-05 1.5135156190670818e-05 1.0922771729670302e-05 0.0 0.0 0.0 0.0 0.0 0.0 0.0 0.0 0.0 0.0 0.0 0.0 0.0 0.0 0.0 0.0 0.0 0.0 0.0 0.0 0.0 0.0 0.0 0.0 0.0 0.0 0.0 0.0 0.0 0.0 0.0 0.0 0.0 0.0 0.0 0.0 0.0 0.0 0.0 0.0 0.0 0.0 0.00010701074278689585 2.143973984160031e-06 3.2279885705473896e-07 0.0 0.0 0.0 0.0 0.0 0.0 0.0 0.0 0.0 0.0 0.0 2.7240269042396243e-07 0.0 0.0 3.7712004920963917e-07 0.0 0.0 0.0 0.0 0.0 0.0 0.0 0.0 0.0 0.0 0.0 0.0 0.0 0.0 0.0 0.0 0.0 1.8106162709521506e-07 0.0 0.0 0.0 4.049899684089699e-06 0.0 0.0 0.0 0.000391881159152446 0.0 0.0 0.0 0.0 0.0 0.0 0.0 0.0 0.0 8.236823809071909e-07 0.0 0.0 0.0 0.0 0.0 0.0 0.0 0.0 0.0 0.0 0.0 0.0 0.0 0.0 0.0 0.0 0.0 0.0 0.0 0.0 0.0 0.0 0.0 0.0 0.0 0.0 0.0 0.0 0.0 2.922946484298854e-07 0.0 0.0 0.0 0.0 0.0 0.0 0.0 0.0 0.0 0.0 0.0 0.0 0.0 0.0 0.0 0.0 0.0 0.0 0.0 0.0 0.0 0.0 0.0 0.0 0.0 0.0 0.0 0.0 0.0 0.0 0.0 0.0 0.0 0.0 0.0 0.0 0.0 0.0 0.0 0.0 0.0 0.0 0.0 0.0 0.0 0.0 0.0 0.0 0.0 0.0 0.0 0.0 0.0 0.0 0.0 0.0 0.0 0.0 0.0 0.0
0.0022286236733872985 0.0038403138305730857 0.00014069553761994203 0.0016313446378698555 0.0013276032680019706 4.352590255117342e-05 0.0 0.0 6.819434741201371e-05 0.0009490255247641029 1.3890617175494194e-06 0.000249853239891571 0.0005368585951619285 7.502784194988011e-05 8.98140675422336e-06 2.2966585581858338e-07 1.6114238633888413e-06 9.13876563284687e-08 0.0 6.502336998387931e-08 1.8735221434624044e-07 1.6095558259476152e-07 1.5874010260953648e-07 1.713873814474447e-07 3.4041174432486513e-07 4.33894683947351e-07 0.0 5.176083466553081e-07 6.753186895592751e-08 5.685722819304418e-08 0.0001502020381482302 3.856306113278125e-07 2.960667486080846e-06 0.0 0.0 8.92985463999135e-07 1.4926051965207164e-06 3.298029713251065e-07 1.6839433893556812e-06 1.2949928937255638e-06 1.9240067054947848e-07 2.821167926628882e-07 0.0 2.3379806582775886e-07 0.0 0.0 8.332796815101966e-05 2.1602382471667084e-06 1.887864554645467e-06 3.056689566758594e-07 4.795278607772186e-07 0.0 8.390202428352511e-07 2.14269424396205e-07 6.0470720075131875e-06 4.843546619327725e-06 4.766182755068649e-05 0.00012593557808302013 6.528714086865955e-05 0.00013729742886387598 2.809096566365975e-07 2.5349336092092057e-07 0.0 2.9439545924580404e-06 3.29162245424255e-06 2.5458494358731594e-06 2.3283167212866487e-07 1.671687869048941e-07 0.0 0.0 2.879535766349829e-06 4.428803018559045e-07 0.0 0.00011690680102796165 8.54884964067852e-06 1.833000907128617e-05 6.2178567613241e-06 1.276246137004489e-07 1.6378156217420247e-07 6.704575339028985e-08 0.0 1.2801285321221658e-07 1.6172290140379716e-05 1.387473788138126e-06 1.1171346211188044e-06 2.9606727912243786e-06 2.2010877873104138e-07 0.0 5.096083144087955e-07 4.0539513943122274e-07 6.94154480428332e-07 7.296995039571546e-07 0.0 3.6052586778414324e-07 1.582967771369406e-07 4.282668382922625e-05 2.563683512734119e-06 0.0 6.284443421669154e-06 0.0003065003656996487 0.0 0.0 0.0 0.0 0.0 1.3433490558299282e-05 0.0 4.826597187275183e-05 1.3850322392494548e-06 0.0 0.0 1.7651296367358773e-05 8.539025603090668e-07 0.0 1.7103864366773323e-07 0.0 0.0 0.0 0.0 0.0 0.0 0.0 0.0 0.0 0.0 0.0 0.0 0.0 0.0 0.0 0.0 0.0 0.0 0.0 0.0 0.0 0.0 0.0 0.0 0.0 0.0 2.84781335009479e-07 0.0 0.0 0.0 0.0 0.0 0.0 0.0 0.0 0.0 0.0 0.0 0.0 0.0 7.112038751062459e-08 0.0 0.0 0.0 0.0 1.8996660327348165e-07 0.0 0.0 0.0 0.0 0.0 0.0 0.0 0.0 0.0 7.68178632632936e-08 0.0 0.0 1.2670567057723262e-07 0.0 1.1583178234448239e-07 7.249930372964255e-07 3.004047402260063e-07 0.0 0.0 8.385700212674948e-08 0.0 0.0 0.0 0.0 0.0 0.0 0.0 0.0 0.0 8.82192732042365e-08 2.6566690286143394e-07 0.0 0.0 0.0 0.0 0.0 1.096773332382635e-06 0.0 1.0050131331432183e-07
0.00034519609398210105 0.0004008089964243728 0.0011429927579487958 4.0586802466677957e-07 2.2091089218446907e-06 0.0 0.0 0.0 7.727981248070376e-06 0.0 0.0011498894130297197 1.9442995212106106e-05 1.901098109212618e-05 0.00023636098281526712 0.00010456721683032529 7.318692298295688e-05 5.082416219620236e-05 9.578636451568833e-06 1.2448604356071667e-05 1.4271600682174251e-05 4.818895918001446e-06 3.8355220158396104e-07 7.973276402723692e-07 2.471504733529955e-06 1.3235043047299686e-05 2.5413169743717095e-06 5.585423905791628e-07 2.501983486928762e-06 6.553065171191893e-07 0.0 0.0020107479021466966 0.001556969546318989 0.00023755008971047874 4.443745259906074e-06 1.1419885088509505e-06 4.7589202421608895e-05 2.222259506805864e-05 4.632176264248185e-05 1.5968456317742873e-05 9.252421756311372e-06 2.1285165228869134e-06 1.533715558102313e-06 1.3066905288052907e-05 9.515838772049324e-05 2.9967621073981367e-05 6.728545716318967e-07 0.0002631982573784812 5.539989352471044e-06 7.763646642762797e-06 6.560899431010227e-06 2.9238818219124524e-06 6.652479125254531e-07 4.688232994779566e-06 7.362395334976247e-07 1.0805782328929654e-05 8.355359038148886e-06 5.416166973583496e-05 0.00022076919093426503 8.850710923734348e-05 0.00029125258610533525 0.00012113173760346121 0.0003625434327688044 3.31179834802522e-05 0.0007791599477333807 6.807973763429177e-06 4.577331609973187e-06 9.289751230220609e-07 1.2629994301762596e-06 7.993813618772593e-06 5.431964461436872e-06 7.384671495457552e-05 6.189808745440076e-07 9.917364348067897e-08 0.0003631190311692265 0.0002691154280081422 0.0001691722413580934 0.000271698538030902 0.00047624103722747487 0.0011451623340410985 0.0005600391991053705 4.882214574444493e-06 0.0007728180666464042 2.774869578541969e-05 1.5658101210089716e-06 2.667492319853866e-06 6.816164319526035e-06 2.811101520276298e-06 3.5965364777565117e-07 7.27776844829089e-07 1.1742990035194557e-06 1.333375962043199e-06 1.9067583768058753e-06 9.34055935277962e-06 3.244376537436038e-06 1.5691646218164013e-06 2.626476374449923e-06 9.363007248504829e-07 0.0 1.2730956511989238e-05 2.352701875634699e-05 0.0 0.0 0.0 0.0 0.0 0.0 0.0 0.0 0.0 3.475468962319203e-07 0.0 0.0 1.3350830767972688e-07 9.499844820595713e-08 2.1946271634077013e-07 0.0 0.0 0.0 0.0 0.0 0.0 0.0 1.0530770238305956e-07 0.0 0.0 0.0 0.0 0.0 0.0 0.0 9.304852111327923e-08 0.0 0.0 0.0 0.0 0.0 0.0 0.0 0.0 6.91310769722569e-08 0.0 8.376699803056277e-08 0.0 3.0044959441614165e-07 2.760820943082759e-07 2.6403050561151135e-07 0.0 0.0 0.0 0.0 0.0 0.0 0.0 0.0 0.0 1.0848039113102835e-07 0.0 2.702286284099291e-07 0.0 0.0 5.838841208578959e-07 0.0 0.0 0.0 0.0 0.0 0.0 0.0 0.0 0.0 8.921347602806891e-08 0.0 0.0 0.0 0.0 0.0 2.842550079935869e-07 0.0 0.0 2.947080806492654e-07 1.7402467652953746e-07 9.592749298486321e-08 0.0 0.0 0.0 0.0 0.0 0.0 0.0 0.0 2.531879100369898e-07 1.980517603035674e-07 1.3230789031904713e-07 0.0 1.8607664965699277e-07 0.0 0.0 1.0339304710197569e-06 0.0 5.200470389282309e-07
0.0008323008675297164 0.003250530279207529 0.00117262339229272 0.00022260527260684908 0.0016897945835288764 1.6916731076834e-06 6.819434741201371e-05 7.727981248070376e-06 0.0 0.00036400465595653233 7.02101152512102e-06 9.227048993604414e-05 0.0004281151819165622 8.278106717933323e-05 3.9866961977587196e-05 2.5159493275501003e-06 7.498472130558738e-06 3.9898055258230993e-07 5.580775015019739e-07 5.952990036159708e-07 1.4253065823649927e-06 0.0 1.7454346870389058e-07 6.3623672624582e-07 1.706703833146808e-06 1.9160363217260083e-06 3.7140932538393436e-07 1.27503054941732e-06 7.168222705086644e-07 6.489568576567884e-08 0.0003768820177871303 4.609496284166364e-06 1.8734125535096712e-05 9.199542350762093e-08 0.0 1.1951915399843591e-06 7.177524271794146e-06 6.237732165153046e-06 8.1419522525655e-06 2.5231567938272485e-06 1.42697168180172e-06 3.559790640607683e-07 2.0591408947664622e-07 4.7442847046461266e-07 4.985457239357422e-07 0.0 0.00020829984856216604 4.762097206073855e-06 3.192899257073723e-06 9.10513800174565e-08 1.983581598441566e-06 2.979775690451701e-07 4.78655481082132e-07 5.575038007963422e-07 1.1382171532854275e-05 4.508613024174967e-06 3.0372831807924545e-05 9.1186269729509e-05 6.78994391553466e-05 0.0002046554261171173 1.7241618125915086e-06 9.096842229925888e-06 3.172155690458652e-07 2.4164428067171473e-05 5.4391891856948775e-06 2.8612752257378032e-06 3.613456632750508e-07 5.7760924203632715e-08 6.48357914640569e-08 7.894021047794095e-08 1.5925293244130524e-05 5.574016605189638e-07 0.0 0.00014849053250073988 3.01943185245639e-05 4.653215024840642e-05 3.5279098193907966e-05 5.855201029226725e-06 5.306794692012677e-06 1.6384305215890705e-06 0.0 1.2325842024705236e-06 2.173185073511717e-05 2.4438498482989495e-06 1.4421475978655545e-06 4.745519998741936e-06 2.2908673168305276e-07 4.241155715214569e-07 4.5654167928447203e-07 3.9999926434125847e-07 1.2017417125807476e-06 8.706902700586146e-07 0.0 2.3966694443964637e-07 7.220973397326339e-08 6.446288850123863e-05 7.490811154352848e-06 0.0 2.2338503032737398e-05 5.8553062443581976e-05 0.0 0.0 0.0 0.0 0.0 0.0 0.0 0.0 0.0 2.586760544070571e-07 0.0 8.821861671490307e-08 0.0 0.0 3.832126783121913e-07 0.0 0.0 0.0 0.0 0.0 0.0 0.0 0.0 0.0 0.0 0.0 0.0 0.0 0.0 0.0 0.0 0.0 0.0 0.0 0.0 0.0 0.0 0.0 0.0 1.5119081593938334e-06 0.0 1.1188307588980727e-07 0.0 8.256669304193115e-08 0.0 0.0 0.0 0.0 0.0 0.0 0.0 0.0 0.0 7.024866430487148e-08 0.0 0.0 0.0 0.0 0.0 0.0 2.4981731045509437e-07 0.0 0.0 0.0 0.0 0.0 1.3940058924920478e-07 0.0 0.0 0.0 1.1159122793801145e-07 0.0 0.0 2.562010837055624e-07 0.0 9.235927237063877e-08 7.045548269361918e-07 0.0 0.0 1.1937519239335639e-07 2.652802602156126e-07 1.473199087936107e-07 0.0 0.0 0.0 0.0 0.0 0.0 0.0 0.0 3.291475169973439e-07 0.0 1.4767147953179718e-07 0.0 0.0 0.0 0.0 3.2783520309978587e-06 0.0 1.380760658329079e-07
0.0015929366896296592 0.00010487833841588973 5.231279847704271e-07 0.0013763737242603123 3.599555500685903e-06 0.0005491934724315874 0.0009490255247641029 0.0 0.00036400465595653233 0.0 1.6040405064677335e-05 0.00037787703506582415 0.0023617301232636387 0.0004150557359205462 1.319134129757479e-06 0.0 0.0 0.0 0.0 0.0 0.0 0.0 0.0 0.0 3.48657581555056e-07 0.0 0.0 0.0 0.0 0.0 9.664256245842314e-06 0.0 3.4364210453705866e-05 0.0 0.0 1.1795009007971756e-07 1.4676330212393155e-05 1.558213084498434e-06 4.521637624693025e-06 1.4701982574498669e-06 8.938368419498689e-08 0.0 0.0 0.0 0.0 0.0 3.5775954475072774e-06 2.2452379961362036e-07 0.0 0.0 0.0 1.1555186948705538e-07 8.488636912158248e-07 0.0 2.7267138973385566e-07 2.1235022218719712e-07 2.4236436460006188e-05 1.2478500954246802e-05 4.491349371487291e-06 7.414325480606607e-06 2.943798596398044e-07 6.541041125475543e-07 0.0 0.0 8.603171471579794e-08 0.0 0.0 0.0 0.0 0.0 2.9562385630016254e-05 8.873003728290267e-07 0.0 3.7291342406450365e-06 2.59308099862911e-07 1.794205457051834e-07 7.897855300360651e-08 0.0 0.0 0.0 0.0 0.0 7.565440743495186e-07 7.250489394331817e-08 0.0 1.3034709270929796e-07 8.072550660587621e-08 0.0 0.0 0.0 0.0 7.727797357128027e-08 0.0 0.0 9.474138236019848e-08 7.470460189650736e-05 7.5551712039656e-06 1.2860718306014681e-07 1.6245668969483844e-05 0.0007219680793012867 0.0 0.0 3.455551903946333e-07 2.2283951531112813e-06 0.0 2.8079659852760127e-06 5.299513267184943e-06 2.8455814283046374e-06 6.284918968347954e-06 9.780873733546912e-06 0.0 8.64978470181835e-05 1.9177679276722387e-06 1.1733581661812517e-05 4.380108992740631e-06 0.0 0.0 0.0 0.0 0.0 0.0 0.0 0.0 0.0 0.0 0.0 0.0 3.2521897245382e-07 0.0 0.0 0.0 0.0 0.0 0.0 0.0 0.0 0.0 0.0 0.0 4.062747523376141e-07 0.0 1.859127165818119e-07 4.953483961376542e-07 1.0118668817846298e-07 0.0 0.0 0.0 0.0 0.0 0.0 0.0 0.0 0.0 0.0 0.0 0.0 0.0 0.0 0.0 0.0 0.0 0.0 0.0 0.0 0.0 0.0 1.1171968693191169e-07 0.0 0.0 0.0 9.294167895283682e-08 0.0 0.0 0.0 0.0 0.0 1.2691353580032285e-06 0.0 0.0 0.0 0.0 4.301837567463945e-07 0.0 1.9080470949390652e-07 0.0 0.0 0.0 0.0 0.0 0.0 1.0205945230424039e-07 0.0 0.0 0.0 0.0 0.0 0.0 1.4203849995269138e-05 0.0 3.0420256059171345e-07
0.000885540680299643 0.0017929246005972419 0.0046368746398700944 1.2842456345966256e-05 2.6059001865918853e-05 0.0 1.3890617175494194e-06 0.0011498894130297197 7.02101152512102e-06 1.6040405064677335e-05 0.0 0.00014215202224104667 0.00028479476142286947 0.0003113695337817259 0.0001236773960038955 1.4939905188336217e-05 4.511064462099584e-05 5.085263419182375e-06 4.903721099951422e-06 6.645781343101524e-06 3.963054537689506e-06 1.1142060162878829e-06 7.555478754432533e-07 2.617274147590075e-06 7.890872927124425e-06 5.011872749612977e-06 7.851434821304723e-07 4.137758704336456e-06 1.7696860417636125e-06 5.001144495554527e-07 0.002089203124999347 0.0005090620845229801 0.0004956780349629887 1.841396015838875e-06 1.298828329155783e-06 2.7524941252318413e-05 7.52063967044408e-05 3.592212564581918e-05 2.31111549896029e-05 9.210148876320888e-06 2.00232723144216e-06 1.9734334976100343e-06 5.399342217135427e-06 9.695720552374412e-06 7.63551845738619e-06 9.573981392162934e-08 0.0004738827643005559 7.096759514814742e-06 1.0898830240868142e-05 2.786714124401605e-06 3.015440626784452e-06 5.615678128009751e-07 4.0582430543432974e-06 9.413561717779745e-07 1.6214745045345125e-05 1.330822821205043e-05 6.158966159146912e-05 0.00024300379875760638 0.00013752841970442775 0.00044954673084129226 2.1671845016609562e-05 0.0001430274048721168 6.859026998996618e-06 0.0002515411345689813 1.2261830553185599e-05 7.803079582425447e-06 1.2602618519127407e-06 7.7389396962693e-07 4.326822995549836e-06 3.4610221220175734e-06 0.00024141978650875029 1.3006324742162028e-06 6.898150386195583e-08 0.0004358587939893614 0.00014886907611749752 0.00017050744840195985 0.00014799000687890334 6.526126019908111e-05 0.0007556182920209697 0.00034139630258405633 2.3729470544736193e-07 0.0001972920406483682 4.960743165518918e-05 3.4598386905791074e-06 3.000650282874823e-06 1.0547674785413905e-05 1.8365936987782997e-06 3.183763131592575e-07 8.83294880047007e-07 9.550231855519011e-07 1.7870945745500024e-06 1.7134957830760988e-06 4.353165079543454e-06 1.8745387733813045e-06 1.8571107144729824e-06 7.02885702805848e-06 7.1474735849266715e-06 0.0 2.6233736514962423e-05 6.030842238585245e-05 0.0 0.0 0.0 0.0 0.0 0.0 0.0 0.0 0.0 2.8824666836792136e-06 2.7389394438800534e-07 6.546038487882818e-08 9.378248210241543e-08 0.0 1.4733359156904287e-06 0.0 0.0 0.0 0.0 0.0 0.0 0.0 0.0 0.0 0.0 0.0 0.0 0.0 0.0 0.0 0.0 2.5061464336502435e-07 0.0 0.0 0.0 0.0 0.0 1.2784519411649435e-07 0.0 7.562986360535762e-07 0.0 9.802112026975092e-08 4.4429002694191255e-07 2.663381484191098e-07 0.0 0.0 0.0 0.0 0.0 0.0 0.0 0.0 0.0 0.0 1.0974827903509725e-07 3.299659285377647e-07 1.895739871661575e-07 2.593980743875061e-07 7.128775680474917e-08 0.0 4.911706399631e-07 0.0 0.0 0.0 0.0 0.0 0.0 0.0 0.0 6.10154079739607e-08 0.0 5.8895456058232766e-08 6.67935609428265e-08 0.0 7.926814168580429e-08 0.0 9.798569764303968e-07 0.0 2.2678240680803154e-07 3.239904502524859e-07 1.511521150060276e-07 8.336221617045534e-08 0.0 7.653439590055654e-08 0.0 0.0 0.0 0.0 0.0 0.0 5.188752054679895e-07 3.441618183987787e-07 7.047452029285794e-08 1.9279012841082001e-07 8.296702142034395e-08 0.0 0.0 5.532698373062065e-06 1.7157093823080982e-07 5.226814182513921e-07
2.8853431490626937e-05 5.817805397752765e-07 4.339171441626013e-06 7.068202562967846e-05 0.0 1.875666015247144e-05 0.000249853239891571 1.9442995212106106e-05 9.227048993604414e-05 0.00037787703506582415 0.00014215202224104667 0.0 0.0027566897763829923 0.000459184216386578 2.465675786029634e-05 5.5214519537470035e-06 1.6120568758357402e-05 1.6221408861568025e-06 2.098253234018806e-06 1.3799707952031866e-06 7.821716732042265e-08 8.215059768231034e-07 0.0 4.7425619820060116e-07 8.731361559169096e-06 3.718293306993963e-07 1.0719520976019303e-07 6.686484799582737e-07 8.217501731121984e-08 0.0 3.973208203894576e-06 3.190973182426828e-06 0.00026108519562880974 1.3236410591467437e-07 5.899374374865781e-07 1.7172243349456472e-05 0.0002200231489947988 4.0458892741434276e-05 7.823227551754173e-05 1.8727661291631188e-05 2.035074054944689e-07 7.193327271200764e-07 1.3218931829108156e-06 6.179710401768567e-07 9.098651059126414e-07 1.0753847679545896e-07 2.1861976676678704e-05 4.1407809801409224e-07 8.262948713382516e-07 8.644634776021432e-07 0.0 4.985297257046879e-07 7.852102098354806e-06 2.2362244567308646e-07 6.4435646429512e-08 0.0 5.603034912308528e-07 6.155146404348853e-07 3.825664325780523e-07 2.9074313081504152e-06 5.317666013431276e-06 5.70776281040945e-05 1.7711198085535893e-06 2.5063897782775014e-06 0.0 5.438720186166456e-08 0.0 1.948875586023871e-07 7.172407440156816e-07 7.978928539312122e-07 0.00019745503518037505 4.5061214638105855e-06 3.6756055908022276e-07 1.203475400367026e-06 1.0450206163018611e-06 1.2308620180333757e-06 1.2962709483428237e-06 3.3227192184198387e-06 2.8643654570597616e-06 6.45024038835415e-06 1.3325942133620409e-07 8.980124654212371e-06 6.565716134650114e-07 0.0 1.302955494251432e-07 0.0 3.730029266264969e-07 0.0 0.0 7.046366751874158e-08 7.408078771683195e-08 0.0 1.4695019410968347e-06 6.774585727277399e-07 5.757692680355278e-07 0.000119760838180825 3.8071298020066174e-05 2.2982855280123555e-07 0.00015240098262206747 1.86686777477159e-05 0.0 0.0 0.0 0.0 0.0 0.0 1.621941875259668e-06 0.0 0.0 5.31637207295501e-06 1.4992247381566746e-06 9.232302706224932e-07 1.7452472622913593e-07 3.0988138849872095e-07 9.894042700525748e-06 5.045880635896233e-07 0.0 0.0 0.0 0.0 0.0 0.0 0.0 0.0 0.0 0.0 0.0 1.5973117675897783e-07 0.0 0.0 0.0 0.0 0.0 0.0 0.0 1.6195224577501483e-07 0.0 2.788580990807804e-06 0.0 3.2538208935307288e-06 5.401553308696459e-07 1.929624574522873e-06 3.26241634977406e-07 1.0222110245254993e-07 0.0 7.774877105247032e-08 0.0 0.0 0.0 0.0 0.0 0.0 8.089225489657726e-08 0.0 0.0 7.485615484852318e-08 4.350696165103918e-07 8.897860070464518e-08 0.0 0.0 0.0 0.0 0.0 0.0 0.0 0.0 6.767908935040108e-07 6.155811173727969e-08 0.0 6.450397454905761e-08 0.0 0.0 0.0 0.0 0.0 0.0 6.831047571462146e-06 0.0 0.0 0.0 6.033755020840366e-08 5.316504819829692e-07 0.0 6.685043775924182e-07 0.0 0.0 7.313909812535871e-08 0.0 0.0 0.0 0.0 0.0 9.918359136409248e-08 0.0 0.0 0.0 0.0 2.4751481523358852e-05 4.1181939619058794e-07 4.487874597102515e-06
5.467972194616583e-05 0.000836291739359818 5.631530287230241e-05 0.0006120164435752687 0.00019522845737899694 1.5135156190670818e-05 0.0005368585951619285 1.901098109212618e-05 0.0004281151819165622 0.0023617301232636387 0.00028479476142286947 0.0027566897763829923 0.0 0.001326006185780904 5.739099416754687e-05 3.1649760859436756e-05 3.7877553716937905e-05 4.870795888779739e-06 4.981940071138932e-06 2.1443336752572704e-06 4.373886976096202e-07 3.333507502809231e-06 1.7537381533868023e-07 9.668508108425408e-07 9.679138492344308e-06 2.4638187693291644e-06 1.2962580965291155e-06 1.3434238033505784e-06 5.497844443543198e-07 4.949499366838305e-07 1.2282341527404116e-05 8.694390575750478e-06 0.0005400246965125815 7.098635900316276e-07 1.8050955741740527e-06 2.8904656129053595e-05 5.6703380958665854e-05 5.9754195424949685e-05 7.515938497098248e-05 2.317111430141182e-05 1.306014917889263e-06 1.3402885285802989e-06 2.4569441668013584e-06 8.974082385530308e-07 2.203765234699578e-06 0.0 8.084784303239469e-05 4.5525082016805003e-07 2.926134674475138e-06 1.7592421244726924e-06 1.3579367125021557e-07 9.939602776381192e-07 8.419027745350317e-06 2.7492733548502304e-07 9.358189563088103e-07 4.968155906547733e-07 1.4381809769406899e-06 3.3339738054084985e-06 2.586871402053153e-06 1.4219625723753985e-05 1.3737211622407964e-05 0.00010125944603962944 5.037089031285835e-06 1.1758655432071147e-05 7.645854535954031e-07 2.3253088172756993e-07 5.4962511261879155e-08 1.2060258495989144e-07 1.02917662475497e-06 1.29414855381363e-06 0.00030575361838605094 2.1026483526288082e-05 1.4885703125338075e-06 8.853689120124383e-06 5.868190687952151e-06 8.09568152996374e-06 9.679947381832235e-06 2.4143525736595435e-05 2.5224329918626897e-05 8.403992167188727e-05 0.0 2.791382548392608e-05 1.036780924048404e-06 1.6370160059052236e-07 2.614288975261587e-07 4.3081491505450045e-07 6.22896342529727e-07 0.0 0.0 5.665186945805774e-07 8.008296619216429e-07 8.043670097942398e-07 4.290975886384206e-06 3.1375876886589443e-06 1.0861639797796809e-06 0.0007943360760680138 6.513741188058484e-05 7.882251022049568e-07 0.00018295265559133174 1.0338655093301984e-05 0.0 0.0 0.0 0.0 5.954743276682351e-08 0.0 1.798763610352064e-06 0.0 1.3878636363444757e-06 1.0552901617457663e-05 2.906634634686978e-06 5.998297227592439e-06 2.5095596222383575e-06 3.828148457761094e-07 2.4108844700344004e-05 0.0 0.0 0.0 0.0 0.0 0.0 2.4016615430604347e-07 0.0 0.0 0.0 0.0 0.0 2.089779967591956e-06 0.0 0.0 2.1652149035455472e-07 0.0 0.0 0.0 0.0 6.579537186844673e-08 0.0 2.2044643721824485e-06 3.1426392794508915e-07 8.832353181300743e-06 2.6809865409037686e-06 9.37238838053668e-06 2.8040626179855747e-06 2.07896364341941e-06 0.0 8.208511375844459e-08 0.0 0.0 0.0 0.0 0.0 0.0 0.0 0.0 0.0 0.0 4.9574305386766216e-06 2.688566011888897e-07 0.0 0.0 0.0 0.0 0.0 0.0 0.0 4.1614609855770133e-07 4.374302226299735e-06 0.0 0.0 0.0 0.0 0.0 0.0 0.0 6.435177548142266e-08 0.0 1.47961629955949e-05 2.1327755772810883e-07 0.0 0.0 1.0267066161665447e-07 2.1786843140301e-06 9.625003033441919e-07 2.8622074465056473e-06 0.0 0.0 0.0 0.0 0.0 0.0 0.0 0.0 8.401819687254841e-08 0.0 0.0 1.0070862200005816e-07 0.0 3.620859661285778e-05 3.46331974005562e-06 1.022323254038499e-05
6.818241002288937e-05 0.0012884510156708172 0.00028981840772316064 0.0004985808723509988 0.0005561109162349463 1.0922771729670302e-05 7.502784194988011e-05 0.00023636098281526712 8.278106717933323e-05 0.0004150557359205462 0.0003113695337817259 0.000459184216386578 0.001326006185780904 0.0 0.00022847619711451546 6.210256154339593e-05 8.485757349446266e-05 1.0623710610194445e-05 9.348147405440631e-06 9.683177315267214e-06 4.2103250066468854e-06 4.092863652175821e-06 7.935742896661066e-07 4.3400321109708266e-06 2.5578575324472987e-05 4.8941621421106545e-06 1.0011892956912232e-06 3.644050830685752e-06 2.0134792582368412e-06 4.804502578623334e-07 0.00010630311680231426 9.02314255615011e-05 0.0008949832650914821 2.8908241654963217e-06 1.3424184106364853e-06 7.566823124913308e-05 0.0008135323687986367 0.0001294581178983236 0.00012533012465616632 4.06155899911817e-05 3.031037062709442e-06 2.151166292039327e-06 8.920650943423398e-06 9.93149874084703e-06 9.327901132452817e-06 9.39864551126196e-08 0.0004331660172016588 2.461801170606275e-06 8.515827375543214e-06 6.143806958720944e-06 1.8903780334735405e-06 1.5070058519105895e-06 1.4462865153031362e-05 1.2834409643833885e-06 4.489637312363106e-06 2.6410702861052053e-06 7.897868947650174e-06 2.4181347512447276e-05 2.3403955939166854e-05 0.00011226515613584785 3.942241604992024e-05 0.00032521299419580507 1.2101498969616618e-05 0.00011919414899123311 4.502304590468412e-06 2.638840886771815e-06 6.232109872214855e-07 4.7018386475009276e-07 5.937420288596134e-06 5.388584929688346e-06 0.0004806394961882777 9.601679948720416e-06 1.2252796881440697e-06 7.935945949107625e-05 5.6136189427575973e-05 7.702516371629889e-05 8.912165857822818e-05 0.00013989777082379143 0.0004496192944821594 0.00022577569696046297 3.519068252393529e-07 0.00028564096143522916 1.3562970925401811e-05 7.095914426741541e-07 1.0496110026369325e-06 2.73815588541749e-06 2.386295523062855e-06 1.8776399875923823e-07 1.4195557476324452e-07 6.401070502398064e-07 9.644843915394832e-07 1.306004940434258e-06 7.212347825374123e-06 2.9690714662685824e-06 2.980941012247472e-06 0.0005240878003162846 6.434508951607766e-05 9.972808420870307e-07 0.00024971809014764213 9.860820572831472e-06 0.0 0.0 0.0 0.0 5.9525620760861054e-08 0.0 4.289377518201078e-07 6.41116600719678e-08 0.0 1.0417640637029843e-05 3.2121199281217423e-06 3.083742616871721e-06 2.3313256484746683e-06 1.6525881517248747e-06 2.0093556168920474e-05 0.0 0.0 0.0 0.0 0.0 0.0 0.0 9.225531048321798e-08 0.0 0.0 9.111795158446122e-07 0.0 7.157517256639635e-07 0.0 0.0 7.531302411007074e-08 0.0 0.0 0.0 0.0 8.056425271689407e-08 0.0 1.324743375709457e-06 0.0 6.359358719700873e-06 2.141319099895256e-06 4.357061124907812e-06 8.55448580860749e-07 1.7690561136337167e-06 0.0 2.537953282713612e-07 0.0 0.0 0.0 0.0 0.0 0.0 1.0483208473243902e-07 0.0 0.0 9.988647261045947e-08 8.982223503840332e-07 3.489043564869387e-07 0.0 0.0 5.694418050097801e-08 0.0 0.0 0.0 6.053691596463692e-08 5.158969854206855e-07 2.4167309481656527e-06 0.0 0.0 5.8610776260240195e-08 0.0 6.184502123327872e-08 0.0 6.614915456168476e-08 0.0 2.3311438837297538e-07 1.3238496453252368e-05 4.7552095151596077e-07 3.501999470580164e-07 0.0 7.798904614851981e-08 3.0258368924126714e-06 0.0 1.3779692597688526e-06 0.0 0.0 0.0 0.0 0.0 0.0 0.0 1.9455072634545285e-07 6.821550501048273e-08 0.0 6.313206561438465e-08 5.198171316321955e-07 9.618822570797999e-08 4.210862353812103e-05 1.9857336710200876e-06 7.188127568135141e-06
1.287490953539286e-06 3.6449321676159335e-06 1.8184952335540716e-05 0.0 4.164457894870207e-06 0.0 8.98140675422336e-06 0.00010456721683032529 3.9866961977587196e-05 1.319134129757479e-06 0.0001236773960038955 2.465675786029634e-05 5.739099416754687e-05 0.00022847619711451546 0.0 0.0008427012925146659 0.0002615740545569142 2.2295324771155606e-05 0.00011196981677860409 1.4554068043098369e-05 7.866366286763774e-07 2.3454193980583033e-06 1.3567630988321002e-06 1.6421431521137023e-06 3.9550566032517006e-05 8.32298572750551e-07 4.194611526362352e-06 1.026068922536696e-06 3.060118126660021e-06 5.577156398499114e-07 2.0006476785943234e-05 4.313043977007006e-05 6.737650027499012e-05 1.075084029008064e-05 3.38067297305796e-06 5.037172466348664e-05 1.450447866932968e-05 3.1176614110466765e-05 2.1545396388220815e-05 2.0808386603476847e-05 8.867071312156672e-07 1.9240980166553205e-06 1.9650636652176948e-05 0.0003138522124043282 2.083028543754655e-05 6.609087072894122e-07 4.977901906479651e-05 1.443097461044946e-06 1.776384480405953e-05 1.9959268578830325e-05 2.5689519401786145e-07 1.0730485649038258e-06 2.978742117193679e-05 2.2585217916546152e-07 0.0 6.422862843252102e-07 2.108891395266295e-06 5.578525746533954e-06 2.8537181936763792e-06 4.094219310338048e-05 7.450387912950728e-05 8.679454068335059e-05 2.5576081067179445e-05 0.00019529259215222495 3.721890868541371e-07 4.320363992170343e-07 1.1343112505267267e-07 4.867924416263785e-07 6.789429234994403e-06 2.0628357024928394e-06 5.3302589710297154e-05 1.800345938903909e-07 2.7964979446248823e-07 6.567618091002619e-05 5.415798729199103e-05 0.0004820546217536725 0.002484857730553042 0.0019569295850233566 0.00015251046405297434 5.5380994237719906e-05 3.496644017490186e-05 7.581007497230826e-05 4.426774709005678e-06 0.0 1.9737671183921215e-07 4.4092789074953235e-07 6.576900465451457e-06 7.18834232886196e-08 1.2341366045716717e-07 2.1592411463268992e-07 0.0 2.886310890043501e-07 1.644032841874296e-06 6.302008568561804e-07 1.7745330503705682e-06 3.923728064628084e-06 1.4315189551219695e-05 0.0 2.0219551151351152e-05 7.547563829226639e-08 0.0 0.0 0.0 0.0 0.0 0.0 0.0 0.0 0.0 0.0 0.0 0.0 0.0 0.0 8.939672526688143e-08 0.0 0.0 0.0 0.0 0.0 0.0 0.0 0.0 0.0 1.123366804476424e-07 0.0 0.0 0.0 0.0 0.0 0.0 0.0 7.275614601416872e-08 0.0 0.0 0.0 0.0 0.0 0.0 0.0 7.008389731080751e-08 0.0 0.0 0.0 0.0 0.0 0.0 0.0 0.0 0.0 0.0 0.0 0.0 0.0 0.0 0.0 0.0 9.998511161139269e-08 0.0 0.0 0.0 0.0 0.0 0.0 0.0 0.0 0.0 0.0 0.0 0.0 0.0 0.0 0.0 0.0 0.0 0.0 0.0 0.0 9.767861618154822e-08 0.0 2.411881899118876e-07 0.0 0.0 0.0 0.0 0.0 0.0 0.0 0.0 0.0 0.0 0.0 0.0 0.0 0.0 0.0 0.0 0.0 0.0 0.0
