0.0 0.001631578806098921 0.00037212412651398824 0.0014465564142771869 2.363534418457041e-05 7.091280654157287e-05 0.00024250168503278956 0.00014800777942810276 6.870756153644803e-07 0.000293156142702648 5.021421460540997e-05 2.6519121984295354e-05 4.4610010903566646e-05 6.059650065324076e-05 7.827448782615797e-06 3.5841165399375796e-06 9.406676134640622e-07 1.8529258718935186e-07 2.0065057760437166e-07 6.875952390407228e-07 1.5635174464326256e-06 0.0 1.0416768817569441e-07 9.775523323997982e-08 8.516835867131811e-08 5.964045039227609e-08 0.0 0.0 0.0 0.0 0.0011316716278934472 7.734611189717496e-06 2.7877517300201645e-05 1.095787200889425e-06 5.975573022470482e-07 3.839094910259531e-07 7.029890352786474e-06 1.771957318324428e-06 6.62024897020805e-07 8.383260562077467e-08 4.70047942624696e-07 2.5291593349091937e-07 1.0715485006374927e-06 8.223120695478266e-07 4.2847562419480725e-07 4.020789886491298e-07 2.0506663669962024e-05 8.322055978214793e-06 2.507134584186525e-07 6.946982037752991e-07 9.246609528444158e-07 2.490503464837856e-07 0.0 0.0 1.185022406315544e-05 1.660840088399936e-05 0.00019020054454285998 0.00020511962438928512 6.602287679073843e-05 1.635867770888415e-05 2.0715529661702503e-06 1.0721073560286092e-05 9.914932565526052e-07 1.2425090825625111e-05 7.286318557618843e-06 1.1253835203325922e-05 3.929328602456638e-06 4.251763257776537e-06 3.7634170415491964e-06 2.87484822132685e-06 7.023256477434406e-06 1.2189384174517844e-05 1.4073197321839839e-06 0.0002415191112806666 1.919962383271591e-05 2.8446950734874893e-05 8.890317904249447e-06 1.8251518877275756e-06 1.2407420639289902e-06 0.00010437620996555428 9.420474235489814e-07 3.816300665368967e-05 2.6245329090598665e-05 6.465872379071388e-07 9.721833183247776e-06 1.1846846779808785e-05 2.8494683722686903e-06 5.246037656400059e-07 1.2465527586593054e-05 1.4762523707910658e-06 2.448903704260005e-06 6.27732307255949e-07 4.962646360858779e-06 1.0314737606444981e-06 6.516751118711054e-07 8.211126237628591e-05 6.554578521316513e-05 2.120527142229098e-06 4.2562042598904403e-07 0.0007153097862727174 0.0 0.0 8.328971473769617e-08 0.0 0.0 3.529261516344806e-06 1.6012580866529396e-07 0.0 0.0 0.0 1.0680393803951911e-07 0.0 5.915823779584409e-07 7.365605665585296e-08 2.6251986832609085e-07 0.0 0.0 0.0 0.0 0.0 0.0 0.0 0.0 0.0 0.0 0.0 0.0 0.0 0.0 0.0 0.0 0.0 0.0 0.0 0.0 0.0 0.0 1.3119240568392576e-07 0.0 0.0 2.7166455433248917e-07 1.9049880243241039e-07 1.3487142109712865e-06 0.0 0.0 0.0 0.0 0.0 0.0 0.0 0.0 0.0 0.0 0.0 0.0 0.0 1.311777960424241e-07 0.0 0.0 0.0 0.0 0.0 0.0 0.0 0.0 0.0 0.0 0.0 0.0 1.2730390689696418e-07 0.0 0.0 0.0 8.018463012563808e-08 0.0 0.0 2.009315681177896e-06 1.7272542025256333e-07 0.0 0.0 0.0 0.0 0.0 0.0 0.0 0.0 0.0 0.0 0.0 0.0 0.0 0.0 0.0 0.0 0.0 0.0 0.0 2.8114762276534615e-07 9.492915299399823e-07 1.3676358664121674e-06
0.001631578806098921 0.0 0.0008024505308200967 0.002096910733704854 0.0009812819336754812 9.310961102824138e-05 0.0020634193900735736 0.0007326955757669401 0.0010288805189128136 0.00046137803553842623 0.0027967785558842377 8.579742318265945e-05 0.0008132583512275315 0.0027286720357418514 6.463554128690833e-05 1.8939349865215655e-05 2.684205524004921e-06 5.376370247016959e-07 9.860526398500723e-07 1.07540106416246e-06 5.308272251817889e-06 2.0433838214395076e-07 7.875522046696689e-07 1.150785970835057e-07 3.4147336295385594e-07 7.052491977458111e-08 7.247911051453032e-08 0.0 0.0 0.0 0.0013303146782351629 8.739482952804387e-05 0.0001360611726051422 2.9756058579076796e-06 7.212014355941555e-07 2.0539108267394056e-06 3.174036846894582e-05 6.337547473611614e-06 6.995420903603308e-07 4.877013337075472e-07 3.4390988936346987e-07 1.3905631789307004e-06 5.421269691146304e-06 3.981416663924657e-06 4.8088107243237326e-06 1.5337894518926772e-06 0.00018488446982473582 3.134994360299333e-05 3.9615124331720195e-06 2.380299421854822e-06 6.889831035260388e-06 1.1515128933351777e-06 0.0 1.7077261408648192e-07 2.4660541661262384e-05 4.374868097480181e-05 0.00011267007430634405 0.00019034033431939673 6.594003737549573e-05 0.00010039832293584565 2.9724793734067985e-06 3.667266303434085e-05 2.1163048815667843e-06 0.0001367447584949083 2.235520804458867e-05 2.8953778842541217e-05 1.218043634202519e-05 1.566118775327649e-05 1.1049289225284773e-05 9.962733365628298e-06 3.288498485819915e-05 1.714654527279795e-06 1.182326881836511e-07 0.0004449532460082088 0.00018380524703962491 0.0002571344665302586 0.00015037853203277312 1.0991246530696899e-05 5.1503556076794495e-06 0.00031899538460648206 4.878586557806547e-06 6.807249734293982e-05 6.791417401603566e-05 9.731281096236103e-07 2.9945312357833608e-05 2.787264332963806e-05 1.3972555485500231e-05 3.091262660465214e-06 3.8294545094090494e-05 3.1000538875741486e-07 9.477920168130905e-06 2.655113345943616e-06 1.666717296785689e-05 3.200816929828432e-06 1.4338937788555654e-06 8.28047427545091e-06 2.0041980892721385e-06 0.0 2.3989789413201386e-06 0.00032468927351299027 0.0 9.425366184294168e-08 2.6312942034029137e-07 0.0 5.734567198695307e-07 8.753691778207925e-06 1.100741423688543e-06 1.8498330203364e-07 1.0042275113174176e-06 3.6379585647276693e-06 1.60847748821443e-06 3.866306104934817e-06 3.0867919085802346e-06 1.0712071262583087e-06 2.7871809985925814e-06 7.45260889231454e-08 1.595186756767016e-07 0.0 0.0 0.0 0.0 0.0 0.0 0.0 0.0 0.0 0.0 1.4696799630918945e-07 0.0 0.0 0.0 0.0 0.0 0.0 0.0 2.804930800577631e-07 0.0 1.3377411076419193e-07 0.0 2.625742030363729e-06 1.2718814166794964e-06 2.1029607405802865e-06 2.1588378237120134e-06 4.829294237441185e-07 0.0 0.0 0.0 0.0 0.0 0.0 0.0 0.0 0.0 0.0 0.0 7.74458634419078e-08 3.32460800306659e-07 0.0 0.0 0.0 0.0 0.0 0.0 0.0 0.0 0.0 1.6301348706423878e-06 0.0 0.0 0.0 0.0 0.0 0.0 2.2096152295201742e-07 0.0 0.0 3.628928114022686e-06 8.137236108946355e-08 0.0 0.0 7.176684009495693e-08 1.0334221690644632e-07 0.0 7.002973197039712e-07 0.0 0.0 0.0 0.0 0.0 0.0 0.0 3.154007707420521e-07 0.0 3.023400748372807e-07 7.421513803488757e-08 0.0 0.0 6.777379696267887e-06 2.4901038534781327e-06 9.75808357637635e-06
0.00037212412651398824 0.0008024505308200967 0.0 3.543566221101492e-05 0.00044393580997518047 4.182714272525513e-06 0.00011325949259004228 0.001841535717356013 0.00030154051994742186 1.0556499333283648e-05 0.0025956994476069237 7.508615025157584e-05 0.00032504070499114057 0.0014140824962760637 4.038841199859852e-05 2.068255563186978e-05 3.387285052060835e-06 1.0373971692364378e-06 3.512755252668752e-07 3.0840732739188353e-06 9.768964602891068e-06 0.0 1.100744919604937e-06 5.04155529979338e-07 1.1488049798377125e-06 6.147151803365273e-07 8.054427451402071e-08 8.044559312287541e-08 1.656580830968996e-07 0.0 0.003142243334915711 0.0009147819691372931 0.0002822053528103072 5.1059915055879195e-06 3.7467963091569767e-06 6.626388589823477e-06 5.8104231612696935e-05 1.3911204449795531e-05 2.401609069351613e-06 1.1141748776468357e-06 1.198555196287263e-06 3.520873062304504e-06 7.266287518997486e-06 1.196095201085346e-06 2.0731988372427794e-06 2.5081832477022876e-06 6.735146851755452e-05 4.8302385857824785e-06 1.507940784000927e-06 1.7304951292182776e-06 1.7388105987096392e-06 7.988832548255883e-07 1.472873607382685e-07 2.3571787623487027e-07 3.909340485625182e-06 6.8100682598593306e-06 1.6238280783208458e-05 4.847834990245176e-05 1.0228646124260126e-05 2.3804432546772364e-05 1.4349641669188506e-05 8.748932248244635e-05 5.798603734776434e-06 9.546649308330652e-05 3.4603843614851693e-06 4.724145586637472e-06 3.3503917179988103e-06 5.8738571228462315e-06 1.3240039269819323e-05 1.7814501721402602e-05 4.9551102552658904e-05 2.7126725430929482e-06 0.0 7.61447076192094e-05 4.8874226716332014e-05 7.90541228252563e-05 6.383305088294962e-05 9.599169789723694e-06 3.61563489034231e-05 0.0009643273321803551 3.862475949226009e-06 0.00023862024489889396 8.800803251499714e-06 2.3155835109194632e-07 4.83330661049783e-06 4.61640931581149e-06 4.870491835011687e-06 1.3991698757638054e-07 7.398153941606114e-06 0.0 3.526127122266772e-06 4.865497714204677e-07 3.1687101763774656e-05 7.581560320101938e-06 3.1432755464685562e-06 4.204742572213383e-06 2.269587319835514e-06 0.0 5.313217069063491e-06 2.815556239000256e-05 0.0 9.825669300463851e-08 2.640310909161953e-07 8.577481794005916e-08 2.8062336792823547e-07 6.444237696228028e-07 5.685565219756608e-07 4.2395555283377826e-07 1.2133667362442417e-06 1.909710206335667e-06 9.792028187185528e-07 3.88848844244414e-06 3.666781864909703e-06 6.013083091355201e-07 1.1920292911724797e-06 0.0 0.0 0.0 0.0 0.0 0.0 0.0 0.0 0.0 0.0 0.0 0.0 1.4221913074760656e-07 0.0 1.0144702704986e-07 0.0 5.675797555082908e-07 0.0 0.0 0.0 1.3594375817359004e-06 0.0 1.0212166570658494e-06 0.0 2.4318141689488356e-06 1.9052536821407774e-06 3.3420294806790245e-06 3.6737214074888324e-06 8.396120335624987e-07 0.0 0.0 0.0 0.0 0.0 0.0 0.0 0.0 3.529852193593406e-07 0.0 0.0 0.0 1.1872178757623328e-07 0.0 0.0 0.0 0.0 1.679581679744064e-07 0.0 1.1416100125568169e-07 0.0 0.0 8.605716491147705e-07 0.0 0.0 0.0 0.0 0.0 0.0 0.0 0.0 0.0 6.302864338528185e-06 9.349483048529269e-08 0.0 0.0 0.0 1.8590883396302048e-07 6.408823850959644e-07 0.0 0.0 0.0 0.0 0.0 0.0 0.0 0.0 7.798974103280012e-08 0.0 7.476513745813029e-08 0.0 0.0 0.0 3.731861192003636e-06 3.6258682535187617e-06 1.0101396597695421e-05
0.0014465564142771869 0.002096910733704854 3.543566221101492e-05 0.0 5.6704568605831206e-05 0.00037026564823033594 0.0006933970510877853 6.618232160656087e-07 7.966960365902714e-07 0.0016401066019610222 2.0125445976205906e-06 0.0007111779640550822 0.0006668051736511289 3.128738933015845e-05 4.9543276076462514e-06 2.801530000694741e-07 9.957330074066513e-08 1.7840248079364796e-07 0.0 0.0 0.0 0.0 0.0 0.0 0.0 0.0 8.147932339941209e-08 0.0 1.535368815675625e-07 0.0 0.0001501137706030136 3.376209214411452e-07 3.776467345192638e-07 2.417639708032112e-07 0.0 9.784763365235313e-08 4.181451912499725e-07 0.0 0.0 0.0 0.0 0.0 3.258156467781809e-07 2.3222750874591182e-07 2.4731559743968176e-07 8.932287070196207e-08 1.9760736567285406e-05 1.042909477688479e-05 6.426098240144367e-07 1.324743301098078e-07 1.0751825136865756e-06 0.0 0.0 0.0 1.1270822386268489e-05 1.875795677913588e-05 9.08130848716116e-05 8.043073905368971e-05 4.1722471853228546e-05 2.6590223862897e-05 5.6802763597768194e-08 7.170354756309182e-08 0.0 1.4810757136950226e-05 9.385011664892023e-06 1.0946794319841496e-05 3.242022585512746e-06 3.704904636907771e-06 7.49282529914715e-07 2.0339586929138701e-07 2.681264004780089e-07 5.316638457188454e-07 1.3500255138265938e-07 0.00019915363184877212 3.5092982051355935e-05 3.9712839401708245e-05 1.2667876739259903e-05 1.3675502244178307e-06 5.185970226768427e-07 1.1288135156265216e-06 3.6978499147584576e-07 9.72150982424351e-07 2.3936113913921972e-05 9.482091273828434e-08 8.81067160811435e-06 9.698960160878522e-06 3.4287705508128672e-06 1.2005338160029261e-06 1.3807756745335978e-05 0.0 2.274996298229435e-06 6.922998565922239e-07 3.410408348092672e-07 3.5659718532415285e-07 0.0 0.0002256889577291523 1.0040210899208107e-05 2.1326639029735858e-07 1.9113050232361499e-07 0.00025203136429612533 0.0 0.0 0.0 0.0 8.829890989375861e-07 9.491630319362647e-06 0.0 0.0 6.396951952299723e-07 7.249952157358689e-07 0.0 0.0 3.526569713770086e-06 0.0 0.0 0.0 0.0 0.0 0.0 0.0 0.0 0.0 0.0 0.0 0.0 0.0 0.0 0.0 0.0 0.0 0.0 0.0 0.0 0.0 0.0 0.0 0.0 0.0 0.0 0.0 0.0 0.0 1.604638781037902e-07 0.0 0.0 0.0 0.0 0.0 0.0 0.0 0.0 0.0 0.0 0.0 0.0 0.0 0.0 0.0 0.0 0.0 8.211119835168053e-08 0.0 0.0 0.0 0.0 0.0 0.0 0.0 0.0 0.0 0.0 0.0 0.0 0.0 0.0 0.0 1.3423298294643398e-07 0.0 0.0 0.0 0.0 0.0 0.0 0.0 0.0 0.0 0.0 0.0 0.0 0.0 0.0 0.0 0.0 8.493327288223078e-08 0.0 0.0 0.0 4.897473943717978e-07 0.0 0.0
2.363534418457041e-05 0.0009812819336754812 0.00044393580997518047 5.6704568605831206e-05 0.0 0.0 0.001635833173984168 0.00019141803171788597 0.0028878004884934955 8.747271611567114e-05 0.0015715779112255425 1.6363893642668687e-05 0.0003191010421704078 0.0022775887799149444 2.2950770281989826e-05 4.193843212030899e-06 1.4211309944422433e-06 2.449052771408225e-07 2.0068393469433622e-07 0.0 2.6354728048969053e-07 0.0 0.0 0.0 0.0 6.8562517079278e-08 0.0 2.4735657233835966e-07 1.534493510356897e-07 7.213129070527155e-08 0.00010042718591918793 4.710124473907708e-05 1.0557700209741892e-05 0.0 1.6575636662199093e-07 0.0 3.112658618371312e-06 2.608361734540321e-07 1.8300331896363222e-07 1.5527084548931982e-07 0.0 2.7498243892973173e-07 5.61075844428971e-07 8.718848536519502e-07 9.685838851406653e-07 1.5271733585007808e-07 7.338048442558971e-05 5.968627289095552e-06 6.75605253735984e-07 2.857465830075557e-07 1.866135088543796e-06 0.0 0.0 6.761242355216595e-08 3.939802935595872e-06 9.030157138189127e-06 1.0207797773276065e-05 2.165657064328137e-05 6.802986976172255e-06 3.264724588076382e-05 8.071616856397666e-08 6.049182115017325e-07 6.84674111777377e-08 3.396731475438657e-05 4.017947032742969e-06 6.457306635917439e-06 2.6558738377289304e-06 2.617871698718426e-06 1.493014531303269e-06 6.763314017235198e-07 3.385161338552612e-06 6.80225279659531e-07 0.0 5.806904248748071e-05 3.925984866645161e-05 7.412286290788224e-05 5.729218336270675e-05 4.416846153876537e-06 1.2322046170087983e-06 7.564629517431662e-06 6.052158789686685e-07 2.5280058310357705e-06 9.16956080959244e-06 2.0188103407751254e-07 4.299804135560629e-06 5.597661261415349e-06 3.1284375616811904e-06 3.5881228070765154e-07 8.389132062411564e-06 0.0 3.1038889609073834e-06 3.3068538935183976e-07 1.298908542603575e-06 4.4461063109858264e-07 3.5161124464321276e-07 9.835761146398326e-07 0.0 0.0 4.827498906659265e-07 2.2454077456621296e-05 0.0 9.377890684782523e-07 0.0 0.0 0.0 0.0 0.0 0.0 0.0 9.79754430825534e-07 0.0 1.6250279574615194e-06 1.150477730740847e-06 1.806982740226526e-07 9.341189822402765e-07 0.0 0.0 0.0 0.0 0.0 0.0 0.0 0.0 0.0 0.0 0.0 0.0 1.215185206915862e-07 0.0 0.0 0.0 1.0833825808027649e-07 0.0 0.0 0.0 0.0 0.0 8.7145872849839e-07 0.0 5.09817185146813e-07 0.0 0.0 1.659887310072692e-07 0.0 0.0 0.0 0.0 0.0 0.0 0.0 0.0 0.0 0.0 0.0 0.0 0.0 0.0 0.0 0.0 0.0 0.0 0.0 0.0 0.0 0.0 0.0 0.0 0.0 0.0 0.0 0.0 0.0 0.0 0.0 0.0 0.0 2.932433226720882e-06 1.5288735197225932e-07 0.0 0.0 0.0 0.0 0.0 0.0 0.0 0.0 0.0 0.0 0.0 0.0 0.0 7.594094835497899e-08 0.0 0.0 0.0 0.0 0.0 2.1088815179513887e-06 1.6776259771131102e-06 1.6627204718039457e-06
7.091280654157287e-05 9.310961102824138e-05 4.182714272525513e-06 0.00037026564823033594 0.0 0.0 9.331488600299102e-05 1.3287863947189697e-06 0.0 0.0007448351275471011 8.792049471543784e-07 0.00010891581947812712 9.510673868230752e-05 8.950288843405678e-06 2.610070595766513e-07 0.0 1.0606412998413049e-07 0.0 0.0 0.0 0.0 1.5324274715118564e-07 0.0 0.0 0.0 0.0 2.565038630411913e-07 0.0 0.0 0.0 2.952282016695608e-05 0.0 5.989744894605414e-06 0.0 0.0 0.0 9.224492875967904e-06 0.0 5.978970745522553e-07 0.0 0.0 0.0 0.0 0.0 0.0 0.0 1.4312079920155817e-06 1.0573126940801275e-06 0.0 0.0 2.182025924166721e-07 2.690248706193747e-06 1.371511023424119e-07 0.0 1.0593989975695173e-06 3.057192472519645e-06 1.4843746211424674e-05 8.705226923746968e-06 5.2780198539041704e-06 1.546379551828817e-06 0.0 2.540422413628454e-06 0.0 0.0 9.625202473317847e-07 9.85974727066944e-07 8.836660070222827e-07 1.4109380640056592e-07 0.0 1.269991096703411e-07 4.621898437160394e-05 0.00034571863802421957 3.4454112597944124e-05 2.0446926697265054e-05 3.4855914305782933e-06 1.7226508392324262e-06 5.296109948072737e-07 0.0 0.0 6.828618159869145e-07 0.0 9.134582542775057e-07 2.7533379921638277e-06 3.727062884953746e-06 8.89709030064687e-07 3.4682233625049425e-06 1.4585114916153875e-07 1.2553321919574238e-05 6.567252569929062e-06 3.166993375866788e-05 7.647334140960151e-07 3.4173111331532955e-06 0.0 0.0 4.4198595117960733e-07 0.00021059750193210176 0.00017532711330642918 4.545401756928067e-05 1.736224209419698e-05 0.0002183079828904634 0.0 1.7260426738669003e-06 1.6892091894691529e-07 0.0 3.9588894614246355e-07 5.141135815171823e-07 1.3511908900230672e-07 2.6510076175960694e-07 0.0 0.0 0.0 2.3272221009253383e-07 0.0 4.2647128641741597e-07 0.0 0.0 0.0 0.0 0.0 0.0 0.0 0.0 1.3611032718427966e-07 0.0 0.0 1.583594319223401e-07 0.0 1.8637945115117569e-07 1.2522469072821635e-07 0.0 0.0 1.2112848464156108e-07 1.4241666010315174e-06 1.1290353232991682e-07 0.0 0.0 0.0 1.8800658538500242e-07 0.0 8.591090935003874e-07 1.1665304536397814e-06 1.3683215593793355e-06 1.853334835757951e-06 5.517514237589132e-07 0.0 0.0 0.0 0.0 0.0 0.0 0.0 0.0 7.615575888995618e-08 0.0 0.0 0.0 1.469595244146803e-06 0.0 7.754377032046802e-08 0.0 0.0 0.0 0.0 0.0 0.0 0.0 0.0 0.0 0.0 0.0 0.0 0.0 0.0 0.0 0.0 0.0 9.17743223934805e-07 1.807180813862833e-06 0.0 0.0 0.0 0.0 0.0 0.0 0.0 0.0 0.0 0.0 1.2738094437477373e-07 0.0 0.0 0.0 0.0 0.0 1.3936442589575024e-07 0.0 0.0 2.3920152774483774e-07 3.93926053276182e-06 4.748249367858064e-06
0.00024250168503278956 0.0020634193900735736 0.00011325949259004228 0.0006933970510877853 0.001635833173984168 9.331488600299102e-05 0.0 1.5490932227133266e-05 0.0012934673548412419 0.0011478316333526743 0.0004556789348359404 0.00015013231666228977 0.003431065565799956 0.0026431480015657958 4.32907680900549e-05 1.0678132545496387e-05 9.019461591523889e-07 5.764694199838576e-07 1.0022107972533074e-07 3.0421516450082055e-07 6.346270978613283e-07 0.0 6.509703478577502e-08 0.0 2.5778971307880583e-07 7.46542972803758e-08 1.2401090219029638e-07 0.0 0.0 0.0 6.921081977237806e-05 2.2445613498213717e-05 1.7723750119005725e-05 2.694884339076371e-07 1.2949240360853506e-07 5.701793804756276e-07 6.480998615162413e-06 1.454069152671542e-06 1.1278410885515801e-07 1.0376793358419111e-07 0.0 4.250014684213278e-07 2.64708794733e-07 1.0041209256540005e-06 6.367517078943935e-07 3.099160757856203e-07 0.00015187370122095382 1.1407207373652026e-05 3.178973377916501e-06 7.912003658356309e-07 1.7258019542944883e-06 1.6559883288414278e-07 0.0 0.0 6.487701873049412e-06 1.2895971231351844e-05 2.4419570382870453e-05 3.400052768952251e-05 1.778442949315276e-05 5.129522046702836e-05 1.0660221464527708e-07 1.9255072021546344e-06 2.833440396638313e-07 3.3854717907820815e-05 6.38818234257972e-06 1.105026368412903e-05 3.7398138925318716e-06 3.6090956317817795e-06 2.7723792938844575e-06 9.50277680741345e-07 9.50871683089181e-06 1.215961183647996e-06 0.0 9.592515276263676e-05 5.553761649374743e-05 0.0001208973708076442 7.34162607215284e-05 7.2042074759745365e-06 1.3702199427741152e-06 9.510260301851804e-06 1.1512233582503845e-06 3.3685685628817837e-06 1.7603754624263848e-05 3.1217310094632643e-07 1.0531147488690807e-05 9.941742456584662e-06 4.2862589873387864e-06 5.056580525650623e-07 1.254701267639781e-05 0.0 4.068352285254009e-06 4.602824264276874e-07 1.8463493529117902e-06 2.962509948204692e-07 5.027843297158265e-07 2.6760643124183633e-05 1.2555265755187025e-06 0.0 1.7986384599279766e-06 6.65981532703656e-05 4.2668576804978856e-07 6.358895533749696e-06 3.956524864953674e-05 1.4403775292661983e-05 1.7232417392860174e-06 5.74739722777663e-05 1.0376131892842188e-05 1.1559504589473512e-05 7.645017157915605e-05 2.1476475629684386e-05 6.991912308544198e-06 9.517579554000149e-05 2.9600124745509788e-05 7.285204039313828e-06 4.9245474714337105e-06 1.5852115651595665e-07 3.5508233950051695e-07 0.0 0.0 0.0 0.0 0.0 0.0 0.0 0.0 0.0 0.0 0.0 0.0 0.0 0.0 0.0 0.0 0.0 7.337393779430597e-08 6.318716844619001e-07 0.0 1.3606911250499326e-06 0.0 1.0259561489032015e-05 1.2806186772368714e-06 6.930995312875089e-06 1.2281812098002577e-06 1.081525023770003e-07 0.0 0.0 0.0 0.0 0.0 0.0 0.0 0.0 1.4161771376798948e-06 0.0 0.0 0.0 0.0 0.0 5.999674740092473e-08 0.0 5.22773661364968e-08 6.36006674531496e-07 9.157258149313208e-07 3.817640434214215e-07 0.0 0.0 2.852802426142366e-06 0.0 5.937331251388113e-08 1.5866178890383227e-07 0.0 0.0 0.0 0.0 0.0 0.0 1.339348206932733e-05 6.872622357633138e-07 0.0 0.0 0.0 8.013445656379246e-08 0.0 0.0 6.835475301736058e-07 6.300704281282151e-07 7.110799300715799e-07 0.0 1.918102697390197e-07 0.0 0.0 8.096259618804252e-08 0.0 1.785582108720514e-07 0.0 0.0 0.0 2.2068475666206757e-05 6.249440858217107e-06 9.898321721431494e-06
0.00014800777942810276 0.0007326955757669401 0.001841535717356013 6.618232160656087e-07 0.00019141803171788597 1.3287863947189697e-06 1.5490932227133266e-05 0.0 0.00028850231418525366 2.118505855357808e-06 0.0013318674435530732 4.573291468658371e-05 0.00013576283403896587 0.001132603787199701 1.2023380573929917e-05 8.21829083499786e-06 2.024410416887208e-06 3.259470359418907e-06 2.0578894978888384e-06 7.923463113150039e-06 1.8081970390939717e-05 0.0 2.4352465647012915e-06 3.0916009314891767e-07 1.7562552109068919e-06 4.5039873870776986e-07 7.256185073911331e-08 1.592630334748259e-07 0.0 0.0 0.000923359067393728 0.0014980732905646502 0.00020173354558222184 2.128956697954727e-05 7.967397859415657e-06 1.033358701471534e-05 4.2282265454938785e-05 1.3387512582541458e-05 2.14098668789546e-06 1.3806566377846438e-06 2.2105347987636253e-06 1.6492669547867714e-06 1.730724008827411e-05 3.7176443397850816e-06 8.502476340146307e-06 1.303983439768325e-05 2.2117351829289432e-05 1.2478249974339692e-06 9.303522729048742e-07 8.45442020552526e-06 7.205660859450155e-07 1.92370248703872e-06 1.3473259661260232e-07 4.510265395116457e-07 1.3512161200357695e-06 1.287371212160875e-06 5.793902167531347e-06 3.175089954308924e-05 3.03666021815814e-06 5.597988339140994e-06 0.00010367994480080711 0.0002004129418121712 2.0525117551630814e-05 0.00023852231993599536 1.0079115228672823e-06 3.1091896189418922e-06 5.909949048577952e-07 3.3203589050127164e-06 1.9099327678318634e-05 3.426790608590441e-05 3.3993976076955757e-05 1.288200258919728e-06 9.218933116949287e-08 2.3609447035373763e-05 4.744970877835532e-05 1.943153229532559e-05 4.955754300145017e-05 1.7952821526101697e-05 0.00048057824087625195 0.0010806144067886192 6.271798854119746e-05 0.0013435024829067945 2.3064745002359034e-06 1.4043342832419134e-07 1.5377128143557284e-06 1.3049506001576878e-06 6.684927943258959e-06 0.0 1.5656189908443218e-06 9.5838187274829e-08 1.3864899058433959e-06 5.187184089574678e-07 3.3683660310237196e-05 5.99963343629119e-06 1.9803589791604074e-06 1.6202989639831119e-06 9.54542200083471e-07 0.0 3.051960539214858e-06 5.2413375479971704e-06 1.1272063065246773e-07 0.0 0.0 1.2262556441966714e-07 2.53694122358314e-07 8.566120543164059e-07 0.0 2.791535393223858e-07 4.5030426939191593e-07 1.7327360275415957e-06 1.240488957460098e-07 1.846925791860539e-06 2.082451870132993e-06 1.3729646509242511e-06 8.788878638240082e-07 0.0 0.0 0.0 0.0 0.0 0.0 0.0 0.0 8.814090083859798e-08 0.0 0.0 0.0 0.0 0.0 0.0 0.0 0.0 0.0 0.0 1.1200650882952322e-07 2.1017941654807698e-07 0.0 2.9768087767450055e-07 0.0 1.1306435668527524e-06 1.170595026722706e-06 2.1632592985599888e-06 2.5357623835994007e-06 0.0 0.0 0.0 0.0 0.0 2.610351223956578e-07 0.0 0.0 0.0 0.0 0.0 0.0 1.6936317624274374e-07 0.0 0.0 0.0 0.0 0.0 0.0 0.0 0.0 0.0 0.0 2.3462136269501765e-07 0.0 0.0 0.0 0.0 0.0 0.0 0.0 0.0 0.0 2.9832815216500974e-06 7.799918053755254e-07 0.0 0.0 2.501809120529771e-07 3.018163080491962e-07 0.0 0.0 0.0 0.0 0.0 0.0 0.0 0.0 0.0 0.0 1.2627596955017332e-07 0.0 0.0 0.0 0.0 2.651658399143222e-06 3.5508838759502535e-06 5.467409082180397e-06
6.870756153644803e-07 0.0010288805189128136 0.00030154051994742186 7.966960365902714e-07 0.0028878004884934955 0.0 0.0012934673548412419 0.00028850231418525366 0.0 2.566903805783876e-05 0.00033068100967414694 1.0022908372936047e-05 0.0006596672366336407 0.0010865229265060508 1.446749192852108e-05 5.147000477514675e-06 2.898896789348912e-07 0.0 2.3694819478111242e-07 0.0 1.326691836835181e-07 0.0 0.0 6.022175922152566e-08 0.0 1.4723931973847218e-07 0.0 0.0 0.0 0.0 7.285248250189741e-06 4.8040096109919425e-06 8.83482645411675e-06 1.5428789883591155e-07 0.0 0.0 3.0459346509371776e-06 7.128112680773813e-07 0.0 6.06127978940067e-08 0.0 1.8446305238147252e-07 2.2090121176311665e-07 2.6285065416335914e-07 2.6320426690236367e-07 8.095435240340426e-08 3.246733262829493e-05 2.0391126975208858e-06 1.234765378419984e-06 8.733918482521207e-08 3.0259620508818256e-07 0.0 0.0 0.0 3.380382033585459e-07 1.1945942275247914e-06 2.867619690065641e-07 1.202829725939306e-06 1.084851311298305e-06 6.743194127166667e-06 0.0 1.234643403297599e-06 0.0 1.6313836289540116e-06 9.543315432700969e-07 1.1427670547856794e-06 5.617435379358579e-07 7.280945339425855e-07 9.392256354819898e-07 4.4301744810136106e-07 3.5330622087460973e-06 0.0 0.0 6.625566386360752e-06 5.2062147178752994e-06 2.2382521485534944e-05 1.4645602550692184e-05 1.5771643422666694e-06 6.157201687693254e-07 1.6147519435745698e-05 2.3328373171669942e-07 9.246679022381583e-07 1.3811352229036396e-06 0.0 1.1818311195137451e-06 8.132349518071535e-07 1.039932048134592e-06 1.2008363533503624e-07 1.6262281601999166e-06 0.0 2.5346501516979763e-07 5.779921117260777e-08 9.851129014501247e-07 4.811540711429872e-07 6.6456744677648e-08 1.7117881569952365e-06 2.991949436806706e-07 0.0 4.5027547449937015e-07 8.739941537992587e-07 0.0 5.129535738599973e-07 0.0 0.0 0.0 8.803897604338078e-07 3.5108209340119786e-07 4.832163912666433e-07 2.193649193677078e-06 3.5098437590687933e-06 0.0 2.780938549169287e-06 9.206602399155934e-07 8.167076752628387e-07 4.096341997699294e-07 0.0 0.0 0.0 0.0 0.0 0.0 0.0 0.0 0.0 0.0 0.0 0.0 0.0 0.0 0.0 0.0 0.0 0.0 0.0 1.3901079193722288e-07 0.0 0.0 1.0269110645668871e-07 0.0 1.2333002287189286e-06 4.547538972418698e-07 9.123594861633473e-08 5.774858033004413e-07 0.0 0.0 0.0 0.0 0.0 0.0 0.0 0.0 0.0 0.0 0.0 0.0 0.0 0.0 0.0 0.0 0.0 0.0 0.0 0.0 4.141366748416116e-07 0.0 0.0 8.002678233885136e-07 0.0 0.0 0.0 0.0 0.0 0.0 0.0 0.0 0.0 2.913770131166273e-06 3.450408156645503e-07 0.0 0.0 0.0 8.685304555607145e-08 0.0 0.0 0.0 0.0 0.0 0.0 0.0 0.0 0.0 0.0 0.0 0.0 0.0 0.0 0.0 2.4844066343903136e-06 1.6034894255812014e-06 3.2378896643466306e-06
0.000293156142702648 0.00046137803553842623 1.0556499333283648e-05 0.0016401066019610222 8.747271611567114e-05 0.0007448351275471011 0.0011478316333526743 2.118505855357808e-06 2.566903805783876e-05 0.0 3.40629956413383e-05 0.002558746881533188 0.004764554266017738 0.00026068828011676916 7.184165859421026e-06 3.955168771929476e-06 9.511654896639292e-07 0.0 0.0 0.0 1.8353658679308544e-07 0.0 0.0 0.0 2.818116240752523e-07 0.0 0.0 0.0 0.0 0.0 1.1406585286204685e-05 1.737760412693111e-07 1.7088635539740436e-05 9.248314092716963e-07 0.0 0.0 1.4396342905444485e-05 1.2977991965572614e-06 1.2367399664263001e-06 0.0 2.0117056201250313e-07 1.2009009667975272e-06 0.0 2.79529517438504e-07 0.0 0.0 1.2604218690503474e-05 1.495423223003747e-06 6.283851152675368e-07 2.1808946053044672e-07 3.158999228835979e-07 0.0 1.2515155764261644e-07 5.706711747476154e-07 1.9303133551231076e-06 2.2685255691790165e-06 1.4604661990507185e-05 7.842131339702965e-06 5.464280274141761e-06 4.843383289778325e-06 0.0 6.136411435762834e-07 1.050755516693503e-06 9.171575279692e-07 1.0354820118088226e-06 1.3409151026545243e-06 5.325888577699153e-07 8.664518388434881e-07 2.5947233636495927e-07 9.250356100452349e-07 0.00010308381853257321 2.5124027339119846e-06 8.710014689998863e-08 2.2140331697261256e-05 5.6326784713620945e-06 9.282221967227161e-06 3.4608544853194175e-06 6.150157814025013e-07 3.719609633640377e-07 3.4087544772600186e-06 6.680087759480669e-08 2.0397040378795764e-07 3.6793256585420407e-06 1.4739800994031715e-07 1.287768388580348e-06 1.912988484693457e-06 7.269965827800574e-07 1.9933398578298723e-07 2.500778435254768e-06 1.7631922230579183e-07 1.5401037400106765e-07 7.356299843827045e-08 1.3873409466377128e-06 1.0490564270575958e-06 3.271996954627952e-07 0.0008364332467466273 0.00032005262176967045 2.4011348978933756e-07 3.409566858205602e-05 0.0002654494191777021 4.162793373837654e-07 5.2538619947295245e-05 7.658979876640357e-06 5.629879738306709e-06 2.4671673476013118e-06 2.9894501329691453e-05 4.4280794923735075e-05 8.765523736420914e-06 6.459922697527197e-05 0.00010257774778681259 5.55958241382964e-06 0.00010903228148200469 0.00014232905421544828 6.594742129732298e-05 1.7574000444832662e-05 3.089262858360838e-07 9.408628224647801e-08 0.0 0.0 0.0 0.0 2.4054531768967135e-07 0.0 0.0 0.0 0.0 0.0 0.0 5.970924408544737e-08 0.0 0.0 0.0 0.0 0.0 1.6389842763781744e-06 8.771872676019769e-07 0.0 8.41546033926429e-07 4.464692013635618e-07 2.7394049897893996e-05 2.478850944215212e-06 1.0830874448249079e-05 4.083081260047469e-06 1.181525781189289e-06 0.0 0.0 0.0 0.0 6.32567127799831e-07 0.0 0.0 1.2265292699441864e-07 8.640278425621335e-07 0.0 0.0 4.59613380176217e-07 3.312752125146442e-07 0.0 0.0 0.0 0.0 0.0 0.0 2.1090323463200076e-06 9.167071542058713e-08 7.79666541919086e-08 6.510588194754625e-06 0.0 0.0 0.0 0.0 0.0 0.0 0.0 0.0 0.0 8.217422919908457e-05 1.2757949332839317e-06 2.712593675431291e-07 3.9475255581424193e-07 0.0 2.3728527963374715e-06 0.0 2.1193348596776151e-07 0.0 0.0 7.854975076596068e-08 0.0 8.523170425199041e-08 0.0 0.0 1.0727404330668486e-06 1.6291873818117096e-07 6.76784427927209e-08 1.9493938546073742e-07 0.0 0.0 9.708429549615472e-05 1.8507672480262554e-05 3.427622094533449e-05
5.021421460540997e-05 0.0027967785558842377 0.0025956994476069237 2.0125445976205906e-06 0.0015715779112255425 8.792049471543784e-07 0.0004556789348359404 0.0013318674435530732 0.00033068100967414694 3.40629956413383e-05 0.0 8.619955187804093e-05 0.0004853575197752199 0.0015458986293051071 1.4222725262608583e-05 9.245197469989342e-06 7.952381757953248e-07 1.7229760814693428e-07 0.0 9.261837506842503e-07 3.0471073001251176e-06 0.0 8.032641155067747e-07 8.805059054922819e-08 7.562816728287294e-07 3.313382291927119e-07 0.0 0.0 0.0 0.0 0.00017423098840213804 7.155702894853331e-05 0.000391600507029515 2.5154066226194362e-06 1.7510855091578263e-06 4.29441433961539e-06 6.880795637223646e-05 1.3037332011179502e-05 2.2368391983482318e-06 1.5062092868487045e-06 4.687239451898271e-07 7.77499222291348e-07 2.1249273816395525e-06 8.962307549334628e-07 4.423297074502349e-07 7.967551329614874e-07 2.4144930925698766e-05 1.3226677399921462e-06 8.761423811612873e-07 5.622123143304034e-07 1.5134732918472842e-07 7.92724643737186e-07 2.3208925294459864e-07 4.318951343919945e-07 1.4933412695165487e-07 9.618156318550894e-07 1.6817066186797338e-06 4.0364718406669806e-06 1.5063257926390678e-06 6.3409606179519385e-06 2.9718327986300564e-06 3.2672877685131755e-05 3.963552822918781e-06 7.3774177676297475e-06 2.679150487252609e-07 9.131171928862839e-07 4.1110667020637743e-07 1.441174642765072e-06 4.3428698574862865e-06 4.9468872524979105e-06 5.417182890613164e-05 1.2290217151014654e-07 0.0 8.658314664640836e-06 7.142646807298442e-06 1.8480405796534944e-05 1.4377692626481696e-05 2.0269514812762817e-06 1.9562067283056574e-05 0.000500547075893306 1.6500507190838026e-06 6.855962283184525e-05 1.0453300507303047e-06 0.0 6.362044776188864e-07 7.998397884778944e-07 9.166766140075684e-07 0.0 1.3351264486426235e-06 0.0 6.937676640385194e-07 6.845263708493372e-08 1.0052297587183477e-05 2.84014112940209e-06 8.56354592540443e-07 3.265492428182469e-06 1.650338821850801e-06 1.1269619637187345e-07 4.2120434673524876e-06 3.230610078913377e-06 0.0 1.138125872997823e-07 0.0 2.8274477381334603e-07 7.937903093956541e-08 1.0427846469488024e-07 0.0 2.1698534509652297e-07 1.3148199116508557e-06 2.618866300194775e-06 0.0 1.4699710737262614e-06 9.564514797032482e-07 6.448657139306689e-07 9.213630358182015e-08 0.0 0.0 0.0 0.0 0.0 0.0 0.0 0.0 0.0 0.0 0.0 0.0 0.0 0.0 0.0 0.0 0.0 0.0 0.0 2.178399825999672e-07 0.0 0.0 1.0925984105644927e-06 0.0 9.438234286504412e-07 9.773812075575468e-07 1.5705471295449412e-06 2.4975890242587915e-06 6.146193848004935e-07 0.0 0.0 0.0 0.0 1.1827278247212959e-07 0.0 0.0 0.0 0.0 0.0 0.0 0.0 0.0 0.0 0.0 0.0 0.0 0.0 0.0 0.0 0.0 0.0 9.39374018300597e-07 0.0 0.0 0.0 0.0 0.0 0.0 0.0 0.0 0.0 3.830480765373896e-06 0.0 0.0 0.0 0.0 2.551350764984071e-07 0.0 3.2654808635425005e-07 0.0 0.0 0.0 0.0 0.0 0.0 0.0 0.0 0.0 0.0 0.0 0.0 0.0 3.3769919389518624e-06 2.393809557863916e-06 3.981160517759113e-06
2.6519121984295354e-05 8.579742318265945e-05 7.508615025157584e-05 0.0007111779640550822 1.6363893642668687e-05 0.00010891581947812712 0.00015013231666228977 4.573291468658371e-05 1.0022908372936047e-05 0.002558746881533188 8.619955187804093e-05 0.0 0.00048752336096453096 0.00035883354891872506 1.4271181883894669e-05 6.919342070788667e-06 4.009129238791391e-06 1.960799984740118e-07 3.0630571189478533e-07 1.1663342579312489e-07 2.1070692009414036e-06 4.409918695815687e-07 5.669951470432336e-07 0.0 7.900200839853112e-06 3.599930410582116e-07 1.431426362125522e-07 9.001568494100838e-07 0.0 8.078023560842683e-08 1.3370228368717641e-05 8.482154678939603e-07 0.00014469576664948705 3.266561711769588e-06 6.84204159821264e-06 1.2759436641027139e-05 0.00029421712548296613 8.209078303810957e-05 1.998394286642855e-05 7.554090570845263e-06 1.3176700808296967e-06 1.4168000526886282e-06 4.741456234681913e-07 8.149609743224737e-08 1.2411698919492617e-07 2.7354941983021903e-06 1.7181395023575025e-05 6.289068290667829e-07 1.4933574069636967e-06 3.1449397565137323e-07 3.471014541410183e-07 8.074677772572855e-07 4.957681793542257e-07 2.021346561808102e-06 0.0 5.870560309235207e-08 6.66505659215702e-07 4.288566366427283e-07 4.821587465878228e-07 1.256860593873251e-06 1.2804026996281357e-06 1.333400173614981e-05 7.204297653641891e-06 2.813499190867059e-07 5.605252614688491e-08 2.450295015326325e-07 6.355691651039117e-08 3.208391700044444e-07 1.098750921040068e-06 1.923330896058957e-06 0.0003782381837447162 4.701118070227027e-06 3.857473828658874e-07 2.335123370634998e-06 3.305921242439091e-07 4.7322633007853705e-06 2.699234988461859e-06 6.190474854444873e-07 0.0 4.20870506931199e-05 0.0 1.8020786591599699e-06 6.063265512351616e-07 0.0 6.215185519324664e-08 2.652300310929812e-07 9.163983252699009e-07 0.0 3.9657679289120405e-07 0.0 1.8622672363525943e-07 2.9009554544097517e-07 7.699899121814623e-06 2.4949313638963828e-06 1.195179981844084e-06 0.0005910266828969648 0.00021992916997105218 3.7260860442180464e-07 5.825490209745554e-05 9.852736435798317e-06 2.5421541707198314e-07 1.6279413777941555e-05 3.1129012742251863e-06 9.52857239466872e-06 1.6759784296982742e-06 1.6843679595683857e-05 1.6687879964989294e-05 8.92940853051528e-06 6.648546186960589e-05 6.480069924176563e-05 4.751679434767882e-06 4.971297417634949e-05 7.397493198553948e-05 3.136095496512243e-05 1.3083447954640815e-05 7.16799461487705e-08 1.5046193928775293e-07 0.0 0.0 0.0 0.0 0.0 1.39783108301661e-07 0.0 0.0 0.0 0.0 9.768451917998804e-07 0.0 0.0 0.0 0.0 0.0 0.0 1.121975938159703e-06 4.4718614113914455e-06 0.0 2.2643785847741137e-06 1.4918550541341555e-06 2.853677999888058e-05 5.803423828971438e-06 1.1322279315467537e-05 6.136083275841522e-06 1.5907709740560524e-06 0.0 0.0 0.0 7.635433648993156e-08 8.746129681351954e-07 0.0 0.0 0.0 1.8003115874776418e-07 0.0 0.0 3.083908164811319e-07 6.030099185897688e-07 0.0 1.4377261201752294e-07 0.0 0.0 0.0 7.180206450293483e-08 9.202844050312549e-07 0.0 0.0 7.74075027884485e-06 1.3623609529637906e-07 0.0 0.0 8.000778131709001e-08 0.0 0.0 0.0 0.0 0.0 6.52036785164168e-05 3.499873453256487e-06 0.0 1.1327789776229626e-07 0.0 3.5174188634922912e-06 0.0 7.499139804765258e-07 2.0250496231846307e-07 3.658663609663971e-07 1.1715678410539393e-07 0.0 1.182083387811483e-07 0.0 7.971224641220325e-08 7.588065626364887e-07 5.630649518938164e-07 2.597488320529435e-07 0.0 0.0 0.0 6.104363171274241e-05 1.821952256878893e-05 3.306631499656431e-05
4.4610010903566646e-05 0.0008132583512275315 0.00032504070499114057 0.0006668051736511289 0.0003191010421704078 9.510673868230752e-05 0.003431065565799956 0.00013576283403896587 0.0006596672366336407 0.004764554266017738 0.0004853575197752199 0.00048752336096453096 0.0 0.003619035279388712 6.823931933278123e-05 3.277380097722281e-05 6.8225234460690095e-06 9.190669773451607e-08 5.994639718655115e-07 2.976371124085641e-07 2.193441406804173e-06 1.040737482869362e-06 8.548961269890952e-07 6.309990952421008e-07 2.933274495924913e-06 2.7710614182819393e-07 2.1485636914662558e-07 3.5771535338710277e-07 6.052257778760912e-07 1.6032915535303622e-07 2.225480156989195e-05 5.322253885625338e-06 0.0006883883840432082 1.2164367237654595e-06 2.6339122681356315e-06 1.651983379434863e-05 0.0011967734129717967 9.579059709440592e-05 2.0783273709955086e-05 4.391891374300675e-06 1.4182154054743682e-07 4.473880136005348e-06 8.094067854286154e-07 6.868412192098865e-07 6.368353976926253e-07 9.779165761197647e-07 0.00010668106761772009 1.5458890042037978e-06 5.165024175796155e-06 1.0239765371748439e-06 7.322683504341674e-07 3.350006923170936e-07 2.444115890264179e-07 9.573790327921826e-07 7.374738707378522e-07 9.654164363508675e-07 1.9385133532758467e-06 2.3173679348666252e-06 2.5647079771966626e-06 1.3674784891683004e-05 1.4339850121941804e-06 4.313393693591417e-05 4.106432358267165e-06 2.4871912935971487e-06 1.2900943824952893e-06 1.976664872422534e-06 7.820432504937065e-07 2.2028302499456892e-06 4.330457693859243e-06 5.575428665466088e-06 0.0004971165429125815 7.414820486948229e-06 0.0 9.31811867865328e-06 4.904309632647261e-06 4.431480815848123e-05 2.7704621094619198e-05 6.8527661678802956e-06 1.0622214116124337e-07 0.0001114285673847129 9.762530610139628e-08 6.306181114405357e-06 1.7187843291760475e-06 6.066325261453046e-08 1.7233692739233958e-06 7.260965036683693e-07 1.5549577773670998e-06 4.029682935480764e-07 3.4222200257466648e-06 0.0 6.852854356217378e-07 4.498104910945391e-07 1.2374103510991759e-05 2.9413462963301835e-06 2.837520974546368e-06 0.00026015221118297897 4.800495926960758e-05 1.532450176401336e-07 3.91314696777329e-05 1.617704650262351e-05 3.051188137972328e-07 2.1174480265996264e-05 6.454218426130949e-06 5.706016457979763e-06 4.885291470816331e-06 2.659046176557775e-05 2.1923056387384603e-05 1.5374102796607322e-05 5.487262606230677e-05 7.790331009660291e-05 1.1975280032152372e-05 7.664502905725847e-05 8.649108836701216e-05 4.274395856585719e-05 2.7317770036624484e-05 7.028965043662083e-07 7.781036179614892e-08 0.0 0.0 0.0 0.0 0.0 0.0 0.0 0.0 0.0 0.0 9.796925971358667e-07 0.0 0.0 0.0 0.0 0.0 0.0 3.6615370036106024e-06 2.9477316114961366e-06 0.0 3.793360631746468e-06 0.0 6.008118776020514e-05 1.3025009611439115e-05 2.5062130017408405e-05 1.1988703062020053e-05 3.5204134421340803e-06 0.0 0.0 0.0 0.0 0.0 0.0 3.645691850084463e-07 0.0 8.053252420322687e-08 0.0 0.0 1.1311130222720302e-06 1.0554973904222975e-06 9.84602837168939e-08 0.0 0.0 0.0 1.279358985566085e-07 6.440937370785968e-08 2.1864346832156115e-06 0.0 7.612855546162628e-08 1.013139014925931e-05 4.783293388671965e-07 0.0 0.0 0.0 0.0 0.0 0.0 1.295498766862508e-07 0.0 0.00011281264184043782 6.123059119955147e-06 3.041395062919982e-07 5.147242687758568e-07 0.0 4.79966814435498e-06 0.0 6.861888992473249e-07 1.4380256549601791e-06 0.0 6.467785425156477e-07 0.0 3.039628749835596e-07 0.0 6.822275538383223e-08 1.2610990238119978e-06 1.1503498247618171e-06 0.0 0.0 0.0 0.0 0.00011506011983383734 4.297644210936615e-05 6.409616499870904e-05
