0.0 0.0026626359811876403 0.00031333566238509207 0.0007060054609146129 9.184868654748202e-05 2.3079675018411454e-05 0.0005888544178375109 6.760197808359622e-05 2.6645776942406363e-05 0.0006215008370459114 6.950534318155742e-05 0.00011927350189692736 0.00017524212616078528 8.926782890173996e-05 8.128490355372153e-07 7.021032071253003e-07 0.0 0.0 0.0 0.0 0.0 0.0 0.0 0.0 1.7493665769022158e-07 0.0 0.0 1.1530863314166488e-07 0.0 0.0 0.0007130582560625154 3.471156191785898e-06 7.714633797710167e-06 0.0 9.772463454377582e-08 2.673468286495979e-07 8.361138104969511e-06 4.2283089179964366e-07 3.2996109910745406e-07 9.256326615214666e-08 0.0 0.0 0.0 7.8754415918765e-08 6.08320140607785e-08 0.0 1.0365446076356595e-05 2.487278335219137e-07 5.839179897870905e-08 6.263268940628027e-08 1.8488468652712422e-07 0.0 0.0 8.714928344773729e-08 3.3209118384138406e-06 1.4506222801948232e-06 0.00011533576511046715 0.0002536816867842956 1.2910028524704276e-05 1.322029901449656e-05 0.0 1.0829265167589497e-06 0.0 1.92997986292364e-05 1.6523698907291369e-06 5.20116369464881e-07 1.3559047447310298e-07 0.0 8.880084529259187e-08 2.2581102194040828e-07 1.2190271943646711e-05 4.55028610424986e-07 0.0 8.111970955765035e-05 4.6487378502555366e-05 8.214778955786888e-06 3.570044622195791e-07 5.268278447950826e-07 6.125694754682869e-07 1.2549107114877855e-05 6.674377782978998e-08 9.588886177034068e-07 6.801112817684482e-06 0.0 5.587747052251314e-07 7.429823823802058e-07 0.0 9.564734461317655e-08 2.7768320287327234e-07 0.0 1.3938950719458201e-07 0.0 1.1641411779315124e-07 1.489752426186482e-07 0.0 1.3452840023447871e-05 2.9775988215697994e-06 0.0 2.6510440571758233e-07 0.00042204411862819456 0.0 1.2998515169860942e-05 2.960073754333639e-06 2.212291827517491e-06 2.6796625707369484e-07 1.6833403156415905e-05 2.1630848139413906e-05 1.6428533602438855e-05 1.6671935844503186e-05 1.904339926312545e-05 0.0 1.4505840739173195e-05 7.363998420072802e-06 2.068805147536645e-06 2.510008117390432e-07 0.0 0.0 0.0 0.0 0.0 0.0 0.0 0.0 0.0 0.0 0.0 0.0 1.8200450315909676e-07 0.0 0.0 0.0 0.0 0.0 0.0 0.0 0.0 0.0 0.0 0.0 2.1628094326955702e-07 1.6074080668807772e-07 1.087555213566935e-07 0.0 2.353723455926802e-07 0.0 0.0 0.0 0.0 0.0 0.0 0.0 0.0 0.0 0.0 0.0 0.0 0.0 2.5254267709653966e-07 0.0 0.0 0.0 0.0 0.0 0.0 8.638915697708744e-08 0.0 0.0 0.0 0.0 0.0 0.0 0.0 0.0 0.0 0.0 0.0 2.6561706973298948e-06 0.0 0.0 0.0 0.0 3.359313073937434e-07 0.0 0.0 3.3465372322856697e-07 0.0 0.0 0.0 1.4965423414310862e-07 0.0 0.0 0.0 0.0 0.0 0.0 0.0 0.0 2.9032372263221518e-06 1.1487606257306632e-06 1.0223663241837259e-06
0.0026626359811876403 0.0 0.0007451821041216058 0.0007022766386975722 0.001067036270960362 4.412475570392378e-05 0.001178310129676502 0.00018210126587594035 0.00043503465142107983 0.0008531960946052649 0.00030307615177780966 0.00011813491550883063 0.0014455379972409868 0.0006633988344437581 2.0261263772672596e-05 9.230359682572636e-06 9.734999730578095e-07 1.64538326714296e-07 4.909584322512277e-07 3.427121174879469e-07 0.0 9.591811126908587e-08 4.1574987255173515e-07 1.5901807861675991e-07 1.1583618532406762e-06 1.589916383264166e-07 1.4616091075848584e-07 1.2234439324286345e-07 1.5424820850930416e-07 0.0 0.0013255011863074757 3.0427886973926e-05 2.782923030661987e-05 3.227981566890057e-07 3.010800720630295e-07 7.92762401443623e-07 2.9000283052951246e-05 1.781288614060993e-06 4.154296935022811e-06 1.2163552511763782e-06 3.773617702368041e-07 1.5377300775403517e-07 1.959325723254818e-07 6.047620669110808e-07 1.1785349833651938e-06 1.6864159085197421e-06 0.00015322363276908308 2.6874411105773204e-06 3.935483687724832e-07 1.9897779016688183e-07 1.4568414282774356e-06 1.491295491267806e-07 8.185569621708972e-08 0.0 2.2409098275736353e-05 1.6927683876491145e-05 9.285274230988554e-05 0.0004765292376075046 6.224979845666855e-05 0.00012553370079064697 6.95524953301857e-07 1.1995733230169636e-06 2.976344710262117e-07 9.976982676750995e-05 1.0746640790349247e-05 5.125082541614549e-06 6.425159963699478e-07 2.0662087133432395e-07 6.85810476499142e-08 2.4508708900069013e-07 3.0770288357146854e-05 4.941882765777223e-06 8.663984129936252e-08 0.00048046288208962305 0.0002496004219013016 0.0001427011693999123 1.4456005909538587e-05 4.585587531600018e-06 7.902341150410804e-06 3.14981833662142e-05 9.408640944259006e-07 5.059717229075257e-06 5.453404908387605e-05 0.0 5.577258353671917e-06 8.663959648615252e-06 9.924917983032496e-07 1.3539835637921874e-07 1.9706324827946216e-06 0.0 8.031756333372325e-07 1.1232968410337429e-07 2.5607820525851456e-07 3.8076601847406035e-07 2.0021416642667889e-07 2.383366410766347e-05 8.334942923420363e-06 2.749072679713572e-07 2.1732425730497953e-06 0.0012878250949305363 0.0 1.3106446834489944e-05 1.4202006570659372e-06 6.541868912174296e-06 9.382201059619419e-07 1.9362792209479832e-05 7.975992880081677e-06 1.713237787544315e-05 1.2061720301031472e-05 1.592212181155817e-05 9.95318730161484e-07 1.9813644378409425e-05 1.2390704871309471e-05 5.272884413759529e-06 2.7476414845323372e-06 2.368175085730662e-07 4.1935631192641283e-07 0.0 0.0 1.3234815417795574e-07 0.0 0.0 0.0 0.0 0.0 0.0 0.0 1.8661029567435822e-06 0.0 0.0 0.0 1.0388738981072829e-07 1.0767624516485913e-07 0.0 6.203327956237743e-07 4.980447488304325e-07 0.0 2.1115085463395216e-07 0.0 7.688621084302376e-06 1.6493831000177125e-06 7.745749684210304e-06 1.6239109346413017e-06 3.1371260757296385e-07 0.0 0.0 0.0 2.893024933680231e-07 1.7826124890194555e-06 0.0 0.0 0.0 0.0 0.0 6.974607801446221e-08 0.0 5.52783046804129e-07 4.82663941615823e-07 0.0 0.0 0.0 0.0 0.0 0.0 1.8742970067319797e-07 0.0 8.021931429815571e-06 5.29509389831033e-07 0.0 0.0 0.0 6.057785227813389e-08 0.0 1.5326491601943719e-07 0.0 0.0 1.2986884426930039e-05 3.691507792206402e-07 0.0 0.0 0.0 9.259973555411107e-06 0.0 6.542523207934365e-06 0.0 0.0 0.0 0.0 1.2748488643989407e-06 0.0 0.0 0.0 0.0 7.861547398969879e-08 0.0 0.0 0.0 1.888942338612922e-05 5.9615093901960856e-06 6.376970442276825e-06
0.00031333566238509207 0.0007451821041216058 0.0 4.208421229410587e-06 0.00044676419043843086 3.5165902025905393e-06 6.659865338189042e-05 0.0017221791195282342 0.0005112834507043033 4.769117932777748e-06 0.0009155445940920036 4.078482641717734e-05 0.00028388440337721356 0.0009852828798944109 2.87542919053952e-05 2.898698666446099e-05 3.6161856992216093e-06 4.023760757936559e-07 1.487388912288631e-07 1.781362365199664e-06 5.364732435862863e-06 0.0 1.4898782407026528e-06 9.273894687044055e-07 7.686129373828e-06 1.6940159445235763e-06 2.5010394341258763e-06 4.396318300757456e-07 4.492408760758225e-07 5.986189361121472e-07 0.002709546531575963 0.0001338354493900747 8.174285732266869e-05 3.1087825133684007e-07 2.7552900021294902e-06 7.935911463214387e-06 4.5856600743212116e-05 6.776403902697285e-06 7.621701462893232e-06 5.035506495060606e-06 1.7718023977569368e-06 6.013238438860138e-07 4.881116498900499e-07 1.2877894391441795e-06 1.4075582977304585e-06 2.8923013205434622e-06 5.4931463797411236e-05 5.268087546968071e-06 7.718738823761099e-07 9.936602655577963e-07 1.733205062447336e-06 1.6110186560248296e-07 1.7841492425102087e-06 1.7567196088959993e-07 9.818483011550783e-06 4.386225528428437e-06 4.8270439531800594e-05 0.0005060362848745577 1.874794108532656e-05 2.9418516411783577e-05 5.227353520908992e-06 9.3253557510205e-06 2.276105572584856e-06 6.309299719565843e-05 2.848795358661892e-06 2.4100120115290194e-06 1.5974336557112044e-06 3.046396115092795e-06 4.693006589591711e-06 1.0881423421799658e-05 3.352117762158712e-05 2.2502425696417416e-06 8.801894412426128e-08 0.00017881938876780144 0.00012422094489000486 5.230362070669525e-05 8.682053234255695e-06 5.938056475936705e-06 5.7425018137190026e-05 0.0005017084099372026 3.423127815876771e-06 0.00011381901386164018 1.4874901996972388e-05 0.0 2.179055385683991e-06 1.8155048999028275e-06 2.129543194822471e-06 0.0 1.100845458543868e-06 4.354619841635247e-07 5.029186529606112e-07 6.967725907374841e-08 1.0892125850889138e-05 1.501414796619445e-06 3.707024799952152e-07 6.321418899625334e-06 2.0852693691209292e-07 3.67752411265294e-07 4.550631740627526e-06 0.0007058967042630816 0.0 3.276679921905519e-07 0.0 5.642556174501204e-07 4.804459014767654e-07 3.593420725151374e-06 2.0598872931511585e-06 5.699310877870195e-07 1.3803472862539167e-06 2.378687512181313e-06 0.0 2.1599846104966264e-06 2.4706654406125195e-06 4.2803642393796644e-07 1.1186114268471296e-06 7.427180142513765e-08 1.0782525434169522e-07 0.0 0.0 0.0 0.0 1.2355639250546976e-07 0.0 0.0 0.0 9.336623493454956e-08 0.0 2.0125629175023165e-07 0.0 3.5069145748159203e-07 0.0 1.6905948479908297e-06 6.524964757078658e-07 1.017192396364395e-07 0.0 1.9552883338080746e-07 1.4057078309482317e-07 5.614954644225159e-07 3.9907163646477353e-07 1.1937722236284464e-06 1.3256038010685023e-06 3.529023166649864e-06 1.3271462402069596e-06 6.740580514341422e-07 0.0 1.7535526277797588e-07 0.0 0.0 0.0 4.58709519613478e-07 0.0 0.0 0.0 0.0 1.20104352371201e-07 0.0 4.1265000642062735e-07 2.0673280498785319e-07 0.0 0.0 7.92879162971299e-08 0.0 0.0 0.0 9.858083165290232e-08 3.7338523634652765e-07 4.022911735987328e-07 0.0 0.0 0.0 0.0 8.278407960772124e-08 2.318825981964707e-07 0.0 2.861600747135264e-07 0.0 2.251450569824923e-06 2.962247259796897e-07 0.0 0.0 7.717133686012179e-08 2.2127465518269506e-06 0.0 3.1720283022209056e-07 0.0 0.0 0.0 0.0 2.2838016966144683e-07 1.7665194979211584e-07 0.0 0.0 0.0 0.0 0.0 3.739570003804924e-07 0.0 3.3133069687400925e-06 5.520074514306019e-07 4.003135644900506e-06
0.0007060054609146129 0.0007022766386975722 4.208421229410587e-06 0.0 3.2577266193864765e-05 0.0003849160398078054 0.0004865292457253237 2.0416701301607123e-07 1.1084196280383198e-07 0.0015384020516077436 6.415891836322499e-07 0.0008743106131788659 0.0009425055197056089 2.5033481925123257e-05 6.041075856864584e-07 2.79311593240531e-07 0.0 0.0 0.0 0.0 1.0251823252248653e-07 0.0 0.0 0.0 0.0 0.0 0.0 0.0 0.0 0.0 2.105152451810518e-05 8.637531958270025e-07 1.1381111977738324e-05 0.0 0.0 0.0 1.4482738399285207e-05 0.0 8.639236203639472e-07 0.0 0.0 0.0 0.0 0.0 0.0 6.514353170845568e-08 4.632671719061134e-06 7.275838169346423e-08 0.0 0.0 7.77692224172293e-08 0.0 0.0 0.0 6.265055138146857e-07 6.403880398417639e-07 1.2777025808160955e-05 2.0920013603081575e-05 1.5276542810137032e-06 3.7079841501273745e-06 0.0 1.0013147296121816e-06 0.0 2.8670996378303624e-06 1.6633496820576913e-07 2.733947581751472e-07 6.358651041951514e-08 0.0 0.0 0.0 3.152502497866722e-05 1.0170134230707078e-07 0.0 1.370926627032747e-05 6.989524501004141e-06 3.4798606054496682e-06 7.637178178464834e-08 0.0 2.767564307059454e-07 8.135710896125859e-07 0.0 2.4793638092910126e-07 1.4904761610343643e-06 0.0 7.663842185425243e-08 1.9065283697863976e-07 0.0 5.634893011000127e-08 6.217101597184883e-08 0.0 0.0 0.0 0.0 0.0 0.0 5.543304281092637e-05 5.717342669039874e-07 0.0 1.023094736215805e-06 0.0001266252152029642 1.276042143333225e-07 1.685217007691194e-06 1.7287895049811681e-06 9.752450194697786e-06 0.0 3.325733302441646e-06 5.92520814082777e-06 6.341971635119561e-06 2.2657024299629322e-05 9.08805452191426e-06 0.0 6.378800461592079e-06 2.6163256503988456e-05 1.3528655950579741e-06 3.4166861856754805e-07 0.0 0.0 0.0 0.0 0.0 0.0 0.0 0.0 0.0 0.0 0.0 0.0 0.0 0.0 0.0 0.0 0.0 0.0 0.0 0.0 0.0 0.0 0.0 0.0 4.5462277920832256e-07 0.0 0.0 0.0 0.0 0.0 0.0 0.0 0.0 0.0 0.0 0.0 0.0 0.0 0.0 0.0 0.0 0.0 0.0 0.0 0.0 0.0 0.0 0.0 0.0 0.0 0.0 0.0 0.0 0.0 0.0 0.0 0.0 0.0 0.0 0.0 0.0 1.0301174964109889e-06 0.0 0.0 0.0 0.0 1.332652300266188e-07 0.0 2.1983927198002174e-07 0.0 1.6225354831497907e-07 0.0 0.0 0.0 0.0 0.0 0.0 0.0 0.0 0.0 0.0 0.0 1.546796094920651e-06 0.0 0.0
9.184868654748202e-05 0.001067036270960362 0.00044676419043843086 3.2577266193864765e-05 0.0 1.2455786005787366e-05 0.0004870599916884706 5.0709238881795914e-05 0.0009612876027808369 0.0005034289203682893 0.0003230293539840871 2.2590648796444208e-05 0.0007427709048239659 0.0008146716258321706 2.8320378515474986e-05 1.3685689175958298e-05 4.430678854838489e-07 0.0 1.627745877936864e-07 8.550220173099215e-08 2.4104723635285104e-07 0.0 0.0 3.33325988289094e-07 2.4306917091013407e-07 2.154978365816317e-07 3.7889912648735474e-07 0.0 0.0 0.0 0.0001714187011296984 2.45953220228812e-05 1.719622549097452e-05 7.585944754839954e-08 6.321455546261861e-08 5.211582861408117e-07 2.024454814809089e-05 9.444985447438558e-07 1.2832871306333254e-06 6.431623635203744e-07 1.227529716532188e-07 5.6674153795298055e-08 6.302818097411149e-08 9.689191319002762e-07 6.585290000839779e-07 7.030139250172544e-07 0.00011928257973187721 1.5742685070931731e-06 6.363058722969945e-08 6.073484222651813e-08 6.105166552671549e-07 0.0 0.0 1.9504212223171507e-07 9.757829964987927e-06 6.317250879379807e-06 2.363612398654988e-05 6.721716269002866e-05 2.028615018303282e-05 5.840480261719809e-05 1.5154901536197832e-07 3.6219322024823253e-06 0.0 5.1541773629224945e-05 3.693661794912753e-06 1.548030390499993e-06 2.5770006379604575e-07 6.116969864573291e-08 2.3226994671126984e-07 1.561380981005873e-07 4.4375172626883695e-05 1.1828681939902335e-05 0.0 0.0001681776691061112 7.987700379256585e-05 9.93170801882906e-05 2.0003343498698643e-05 5.393279139867357e-06 6.268106343015859e-06 1.2585409059738245e-05 6.408751103284278e-07 6.532007402551389e-06 2.019501936394764e-05 7.387417701494641e-08 1.4460096144791409e-06 2.819043969653103e-06 6.342004439162381e-08 0.0 6.018685416867686e-07 2.2816134467192437e-07 4.836642157038281e-07 1.3272124510523959e-07 2.807703646824966e-07 0.0 1.1102566544362181e-07 6.594587253106507e-05 1.750889883633297e-05 0.0 6.690619267430844e-06 4.81132908315547e-05 0.0 1.695571894754723e-05 1.0005442542194716e-05 7.124500241624646e-06 4.9247619649005616e-06 5.011334887111725e-05 2.0185314374815972e-05 5.218487537481531e-05 3.271673949626272e-05 5.5488413102547634e-05 4.136114245256163e-06 6.253553931194299e-05 3.1373473888420556e-05 1.5941991962152226e-05 1.470324751127315e-05 0.0 0.0 0.0 0.0 0.0 0.0 0.0 0.0 0.0 0.0 0.0 0.0 4.6842404278233123e-07 0.0 0.0 0.0 0.0 1.671595841789726e-07 0.0 1.9475499412476692e-06 1.5775633312441335e-06 0.0 0.0 4.003950187830172e-07 2.7982949135541338e-05 2.46893962339724e-06 1.641515130329017e-05 2.36800783147842e-06 8.375189334190653e-07 0.0 0.0 0.0 0.0 1.5625477616921403e-06 5.430413125078839e-07 0.0 0.0 1.4857346901865932e-06 0.0 0.0 1.7906874997436346e-07 6.642703798864151e-07 0.0 0.0 0.0 0.0 5.202295550041432e-07 1.2249183756253322e-07 0.0 1.092647745630549e-06 0.0 2.6034520283572564e-05 9.726990791600932e-07 0.0 0.0 0.0 0.0 0.0 0.0 0.0 4.306664967646798e-07 5.085725085050489e-05 7.629087982830374e-07 0.0 0.0 0.0 3.529171213149755e-05 4.953186865059844e-07 1.7864493205759986e-05 0.0 3.437001509154511e-07 1.13918520677236e-06 0.0 0.0 0.0 0.0 0.0 0.0 0.0 0.0 1.1626560705230151e-07 0.0 6.680905447868139e-05 1.8157830132733437e-05 1.8015644660465217e-05
2.3079675018411454e-05 4.412475570392378e-05 3.5165902025905393e-06 0.0003849160398078054 1.2455786005787366e-05 0.0 9.703773575548364e-05 8.657481047214467e-07 1.3688912045658443e-06 0.00043466281251862735 4.3258239196376003e-07 9.74818405964666e-05 8.986374568886346e-05 5.984183492431096e-06 4.044561071221798e-07 8.495865149215918e-08 0.0 0.0 0.0 0.0 0.0 3.733958889667931e-07 0.0 0.0 0.0 0.0 0.0 0.0 0.0 0.0 2.1720110211866846e-05 9.000580849371716e-08 5.102681506955058e-06 8.919797706256406e-08 0.0 0.0 1.0856625223017475e-05 0.0 2.2762517012653527e-06 2.036100687590482e-07 0.0 1.213943510698968e-07 0.0 0.0 1.0047365969819766e-07 0.0 6.570497637877374e-07 0.0 0.0 1.9242013450036087e-07 2.793009753948692e-07 4.2773431551132285e-06 0.0 0.0 1.9141551938266122e-07 4.898263798025177e-07 0.00015958727849895503 2.877915735246517e-05 2.4325256869256484e-06 5.909380549504878e-07 0.0 9.073216882417838e-07 0.0 1.2863901380703003e-07 0.0 0.0 2.2856663108646327e-07 0.0 7.295633032923475e-08 0.0 6.660870594318603e-05 0.00014544675705577994 1.9724209134225853e-05 3.4737856502612795e-06 3.723685196667418e-07 2.412076400081648e-07 0.0 0.0 0.0 2.6941466800206605e-06 1.2949941864320373e-07 3.4014725863469745e-07 0.0 3.589900689075346e-07 0.0 7.659322877928949e-07 0.0 8.338533876504859e-06 4.510246637146162e-06 1.6748114928617224e-05 2.7498055081203206e-06 2.675321007831679e-06 5.512165436399141e-07 1.9136605250890404e-07 2.4037161796494908e-06 0.00016364945157971796 0.00014254730370045208 1.2293110340149655e-05 2.5787952115221637e-05 0.0001592026213298343 0.0 5.224169540807311e-06 2.522704893184926e-06 9.99658183407464e-07 4.980862001580378e-07 6.884681012443636e-06 9.397328626578378e-06 6.135416858715329e-06 8.856614476915954e-06 1.3304336904032065e-05 6.162327307496361e-07 1.216703591859058e-05 4.758917446113781e-06 1.2462725787982363e-06 7.601648096503842e-07 0.0 0.0 0.0 1.6897068031404847e-07 0.0 0.0 0.0 0.0 0.0 0.0 0.0 0.0 0.0 0.0 0.0 0.0 1.0959440071317955e-07 7.712293061177737e-08 0.0 0.0 0.0 0.0 0.0 0.0 8.162826625188273e-07 0.0 3.985184246818804e-07 2.0801267268533896e-07 1.9344023590823978e-07 0.0 0.0 0.0 0.0 0.0 0.0 0.0 0.0 0.0 0.0 0.0 1.1805136409281774e-07 0.0 0.0 1.5192314952737308e-07 0.0 2.910373345929616e-07 0.0 0.0 0.0 0.0 0.0 6.609074091037455e-07 0.0 0.0 0.0 0.0 8.169422034482872e-08 0.0 1.9685925176053216e-07 0.0 0.0 1.1223073065025127e-06 0.0 0.0 1.4431484875939387e-07 0.0 3.888312459430665e-07 0.0 3.708291406934096e-07 0.0 0.0 0.0 0.0 0.0 0.0 0.0 0.0 1.2611699726553372e-07 2.7216635109536377e-07 1.0705848592173946e-07 8.988768496073015e-08 0.0 5.330564643205882e-06 4.6916207578809974e-07 7.026926830240808e-07
0.0005888544178375109 0.001178310129676502 6.659865338189042e-05 0.0004865292457253237 0.0004870599916884706 9.703773575548364e-05 0.0 7.037078325283934e-06 0.00032718747113536086 0.0017531771458782319 0.00010947240403699478 0.00018736882822786459 0.0017257421127997144 0.000639970722219958 1.5888099643349938e-05 9.920844016498432e-06 4.6892996689996545e-07 0.0 0.0 7.015230913906813e-08 8.531496946892722e-08 0.0 0.0 0.0 4.0786043650017803e-07 0.0 1.4899038695855768e-07 0.0 5.314032842975083e-07 1.4879241513971808e-07 9.041466024404907e-05 8.454453029976308e-06 1.954049767327821e-05 0.0 0.0 9.062689450725694e-08 3.318108249008337e-05 9.733388391358177e-07 1.9583995016853826e-06 5.424842697228169e-07 0.0 1.640274356241006e-07 0.0 5.049821895354487e-07 2.7753288385303026e-07 4.271075131325122e-07 5.874020419725797e-05 6.109893812297943e-07 2.517484541269662e-07 6.708043076816809e-08 6.08576956851845e-07 0.0 1.6282236230339697e-07 0.0 6.700923846075206e-06 4.035783439629947e-06 2.6298681648404057e-05 7.241236247059446e-05 1.6280119308952417e-05 3.4230810620016786e-05 0.0 3.0601520731539555e-06 0.0 2.704741599365775e-05 2.15276130516193e-06 1.0450802027695975e-06 1.876682602503178e-07 6.440839079056124e-08 5.714125786367331e-08 2.455928972029788e-07 5.083025636309826e-05 7.834061784039485e-06 0.0 0.00011598953567549255 4.903361656398924e-05 5.242993598875105e-05 8.816575531431308e-06 2.56463091731372e-06 3.1181632698909822e-06 8.960685841767536e-06 8.042208999666523e-08 2.7578310403792086e-06 1.2600231068050298e-05 0.0 1.5367151575484232e-06 1.8400936860215565e-06 8.409316956384599e-08 7.37534511824495e-08 3.45252297964107e-07 0.0 4.6571020952684943e-07 7.768467955987776e-08 3.083492045296299e-07 6.752530806901451e-08 9.124760379592343e-08 0.00010004693702401275 9.58312759539434e-06 0.0 5.005761724818052e-06 0.0001181628744814623 7.600970281520139e-07 2.347289699854941e-05 1.1792008613866007e-05 1.2381227881866931e-05 1.0890430275987541e-05 7.822613981604979e-05 3.5498735275447425e-05 7.987364267063296e-05 4.4949498465332344e-05 8.003431028257604e-05 5.941988961995633e-06 9.581289800477698e-05 4.168280924070246e-05 1.1140191825174675e-05 1.6584532399272803e-05 8.095165678777543e-07 4.5314739709732497e-07 0.0 0.0 0.0 0.0 0.0 2.3148707185403577e-07 0.0 0.0 0.0 0.0 5.545482868284649e-07 0.0 0.0 5.807763593569441e-07 4.3533899798178757e-07 0.0 0.0 3.7780721436369075e-06 9.88777105587267e-07 0.0 0.0 0.0 1.750195453343949e-05 4.584586857604071e-06 1.5536996541497094e-05 1.5060511554317776e-06 9.061835618289618e-07 0.0 0.0 0.0 0.0 1.2946717099404323e-07 6.899547862607157e-07 0.0 0.0 0.0 0.0 0.0 0.0 1.1416811655441543e-06 0.0 0.0 0.0 0.0 7.914989357675472e-07 2.3764013659809173e-07 2.8504631370636036e-07 6.271676280648191e-07 0.0 2.9827711572918567e-05 8.343683485284668e-07 0.0 0.0 0.0 0.0 0.0 0.0 1.3482352638436147e-07 8.976067072073157e-08 5.437812894719566e-05 1.7437137332407877e-07 0.0 0.0 0.0 2.567713235600226e-05 0.0 1.7625495433859012e-05 1.7027843724369825e-06 0.0 0.0 0.0 3.207157004114507e-06 0.0 0.0 0.0 0.0 0.0 0.0 1.3450289294675255e-07 0.0 6.480957636938891e-05 1.34625223105591e-05 1.1264756744940765e-05
6.760197808359622e-05 0.00018210126587594035 0.0017221791195282342 2.0416701301607123e-07 5.0709238881795914e-05 8.657481047214467e-07 7.037078325283934e-06 0.0 0.0002138816169257585 1.8453606764761437e-06 0.00040659643221765274 1.9059968718456286e-05 9.832939973460546e-05 0.0005461883002613137 5.604337966410512e-05 5.415718991098646e-05 7.194176156080384e-06 1.2164584448128452e-06 7.275779863927561e-07 5.536702002654654e-06 1.3903227116827637e-05 6.577955051639917e-07 3.9988506486839135e-06 3.332194041287667e-06 1.49752980281636e-05 2.139951274278966e-06 6.186391565084479e-06 1.1072303018173236e-06 1.010381100534285e-06 1.5058899171859756e-06 0.0007097103580130506 0.0007670803110811118 0.00010164742278293691 2.1542009563676302e-06 8.186040516209151e-06 2.00987491482246e-05 5.055240932547544e-05 1.5608304955519093e-05 2.058542162795764e-05 1.2944476838293504e-05 7.118661858065199e-06 1.340454585365116e-06 3.093351080126577e-06 2.6345517203244517e-06 3.3187565200683155e-06 8.96892148218195e-06 0.00011945726492281655 1.0787805528853932e-05 2.350443283475531e-06 2.9009413200496527e-06 4.477669400087619e-06 1.7558389420574062e-06 2.4104035272004957e-06 5.767548734956237e-07 5.869420878525126e-06 4.913005395861954e-06 2.1522038815949527e-05 0.00016509864462370088 1.797930615010904e-05 5.0574360678143006e-05 1.926916486943343e-05 3.5543860087863305e-05 5.995228596261158e-06 0.00016715000035035592 3.880953463592348e-06 4.062656459345869e-06 1.884513286861791e-06 7.536313739157605e-06 1.2803225927703831e-05 3.0492841766472897e-05 2.8638247621308125e-05 4.416771604068183e-06 9.120656976356243e-08 0.00017613435480165807 0.0001247076311694598 0.00013008354177996954 3.371070295579437e-05 6.66304663311174e-05 0.0010549722619514008 0.0008908755012712091 1.8891549969060563e-05 0.0006942735582964276 2.033697870855957e-05 0.0 4.794701243583338e-06 2.8901503780022354e-06 6.544505006803216e-06 1.9764669368238498e-07 8.819296145734514e-07 3.276392277975283e-07 1.7979513812450775e-06 8.797702913527342e-07 2.456492328144155e-05 4.32819874107742e-06 1.7706583248868823e-06 6.349288003089515e-06 1.4187608493745197e-06 2.903098904540185e-07 9.046528411523734e-06 8.851702660933247e-05 0.0 0.0 8.364128865781526e-07 0.0 0.0 2.444049179182984e-06 1.3677158809186024e-07 1.662375784506589e-06 1.338904437856173e-06 1.4610678466741024e-06 4.111172346219973e-07 7.267959577175452e-07 8.045688662427659e-07 1.3989621663868298e-06 2.2530542238574194e-06 4.150748974940015e-07 3.671862633298261e-07 3.1545769571445805e-07 3.1334811176856007e-07 0.0 0.0 0.0 1.2864523846109156e-07 0.0 0.0 2.2510088396257104e-07 1.3965010227891033e-07 1.7735505460635563e-06 1.0278589264713239e-07 1.3680853958574726e-06 8.351655447266566e-08 1.3143434018711931e-06 1.1652496763819859e-06 1.2193834584408036e-06 0.0 0.0 8.649391315241386e-07 1.346986160078865e-07 6.316317888354186e-07 1.8895307927179307e-06 2.6947957306113392e-06 1.9064323513098258e-06 1.2937726647237852e-06 1.6517527458373495e-06 0.0 9.154738985861673e-08 0.0 0.0 2.2982466033282806e-07 1.2947560963120671e-06 1.1471311805337596e-07 0.0 0.0 7.895805599800703e-08 0.0 1.0750794767450646e-07 1.9107033797272674e-06 2.2044672055314555e-07 0.0 0.0 0.0 0.0 0.0 0.0 4.274995620145776e-07 8.051431688228012e-07 4.455339966337138e-06 1.816266828857102e-07 0.0 0.0 0.0 8.190564993529861e-08 2.6684976626013873e-07 0.0 9.461661376810137e-08 1.566143594812691e-07 4.595492144344208e-06 8.582573305224242e-07 4.4634802316051523e-07 3.039780310493128e-07 9.614043864077727e-07 1.6121958053387655e-06 0.0 2.100701364552178e-06 2.891754965153264e-07 7.68532825389536e-08 2.001857092093212e-07 0.0 5.708367517699032e-07 1.0934648097189831e-07 0.0 0.0 0.0 0.0 8.172308906166346e-08 0.0 1.0358897734488092e-07 3.5221173418553748e-06 2.827074648553337e-06 3.8845171244087126e-06
2.6645776942406363e-05 0.00043503465142107983 0.0005112834507043033 1.1084196280383198e-07 0.0009612876027808369 1.3688912045658443e-06 0.00032718747113536086 0.0002138816169257585 0.0 3.297733016421637e-05 0.0010394891360699236 7.443519714531102e-06 0.00023800140280970538 0.00040266913678994474 9.5750219134697e-06 7.766418311867114e-06 4.26255894679539e-07 0.0 6.330992481325409e-08 9.173438449422314e-08 1.6776361324939968e-07 0.0 7.396605731367775e-08 0.0 2.9358828940050006e-07 7.798229800560746e-08 3.1887322831061366e-07 0.0 0.0 0.0 6.709747649647114e-05 1.0631929202378433e-05 2.5572346941029926e-05 0.0 0.0 8.89557081943834e-08 1.3391884153840264e-05 2.64152421962576e-07 2.30091132325181e-06 1.5888104929089697e-07 0.0 0.0 1.5633549034269869e-07 0.0 2.9080497648683423e-07 2.6258699101530844e-07 3.005464666074037e-05 2.400818469881201e-07 2.2162162110937588e-07 0.0 9.835494741882962e-08 0.0 1.2333869189480008e-07 0.0 1.3683479730942118e-06 1.7439721433208508e-06 3.987893089918655e-06 1.4941354137588284e-05 3.182958933851368e-06 1.4437501954595696e-05 1.6702246212083317e-07 1.250617271417839e-06 0.0 1.198520339323406e-05 8.982866376460758e-07 3.147339492750412e-07 0.0 5.579553286255514e-08 0.0 3.0450862774826913e-07 1.655121693215241e-05 3.841498876343976e-06 0.0 3.5245984866459936e-05 1.5606605862586757e-05 2.5695799873293638e-05 6.538674847437544e-06 1.5354644077857648e-06 2.8099736460177116e-06 3.78024508691074e-05 5.7549152373489335e-08 3.0740094571425616e-06 4.858902586383495e-06 0.0 2.197097771516262e-07 6.405188908797036e-07 0.0 0.0 4.715720079861175e-07 0.0 2.213834034825257e-07 5.703046018053151e-08 3.246688854736525e-07 5.772255013905068e-08 2.1867130316146145e-07 1.885639716257083e-05 2.704884753078926e-06 0.0 1.6405780660381498e-06 1.8367910723593685e-05 0.0 2.3465904660336696e-06 1.3740677984381248e-06 1.3856659285865267e-06 2.636555925629617e-06 1.9123224296359734e-05 6.6419087586913895e-06 2.0322234131698407e-05 8.258031532518634e-06 1.9168109656650334e-05 9.490634997032666e-07 1.6902927337684187e-05 6.26339775735165e-06 3.106516304607457e-06 4.042726166074725e-06 5.66820951556287e-07 0.0 0.0 0.0 0.0 0.0 0.0 1.1551424378178303e-07 0.0 0.0 0.0 0.0 6.006239991908704e-07 0.0 0.0 0.0 0.0 0.0 0.0 5.508927920795072e-07 1.118930449061434e-06 0.0 1.4153584789658637e-07 0.0 6.8293290064681496e-06 3.5685042231674164e-07 8.913176401473587e-06 5.611397897759163e-07 1.9378193116415382e-07 0.0 0.0 0.0 0.0 0.0 1.0305962673589038e-07 0.0 0.0 2.839754181940166e-07 0.0 0.0 0.0 0.0 0.0 0.0 0.0 0.0 7.701139686619069e-07 0.0 0.0 0.0 0.0 8.09696272597273e-06 9.593663454132114e-08 0.0 0.0 0.0 0.0 6.484748971142688e-08 0.0 0.0 0.0 1.5699469071287316e-05 0.0 0.0 0.0 0.0 1.1011967631819365e-05 3.1248261824871235e-07 8.509288517171562e-06 0.0 8.550788737869641e-08 0.0 1.161306699984276e-07 1.0706706365731778e-06 0.0 0.0 0.0 0.0 0.0 0.0 0.0 0.0 1.3879600260000571e-05 2.9321440908971226e-06 7.1718266342005015e-06
0.0006215008370459114 0.0008531960946052649 4.769117932777748e-06 0.0015384020516077436 0.0005034289203682893 0.00043466281251862735 0.0017531771458782319 1.8453606764761437e-06 3.297733016421637e-05 0.0 5.465265206591576e-06 0.0016441658024718064 0.00313371731202748 0.00020875567923027297 4.405945562854102e-06 2.566972760837702e-06 4.2551182248426207e-07 0.0 1.4101174825275387e-07 1.4620467459723683e-07 0.0 2.4013144716452474e-07 0.0 2.0557901841183346e-07 2.698588243094625e-07 0.0 3.4954677026020597e-07 0.0 0.0 0.0 9.818071848228225e-06 9.580984227920952e-07 0.00010946052921691629 0.0 0.0 3.143991915525646e-07 0.00018192320048340225 2.1908364534309016e-06 5.890438196928962e-06 2.080914765739273e-06 0.0 0.0 0.0 0.0 6.613810855722192e-08 0.0 7.93082833188531e-06 8.134100889932421e-08 0.0 0.0 0.0 1.971610373629381e-07 2.941163417576193e-07 3.835897104983842e-07 1.535100422008882e-07 4.126813905004627e-07 2.3164995215662465e-05 1.026408141017097e-05 2.5400347937536113e-06 4.640371442262229e-06 0.0 7.196726954402206e-06 0.0 2.468070501727073e-06 4.1611778206306843e-07 2.1955912197688188e-07 1.3481598609112678e-07 0.0 0.0 1.8810909210560092e-07 0.0005137566834727659 8.662867981072963e-06 6.390529616651439e-07 1.1858261664079983e-05 6.379133944245754e-06 5.775319804052581e-06 2.6210940819968614e-07 1.6093045578509955e-07 3.9985727590300144e-07 7.484513472105184e-06 0.0 5.559363325222807e-07 1.894345910380562e-06 0.0 0.0 2.0338213861912464e-07 1.3636392541273547e-07 1.9022007283141402e-07 1.280297743418159e-07 2.570991006865111e-07 0.0 0.0 2.5384807514890534e-07 0.0 0.0 0.0003933589214840781 3.196547614477218e-05 0.0 1.3645625517321961e-05 0.00010731932594678469 2.412899735190282e-06 4.557519519721005e-05 1.786442772518123e-05 5.979450243458792e-05 1.1397150987060153e-05 0.00010319713727851498 8.313959214091419e-05 8.13977071751029e-05 0.00010257216624625032 0.00014235534573202636 4.558928062725392e-06 0.00010276073657131203 0.00012655638198147987 4.334400232355007e-05 1.2087700152438767e-05 2.4156229459972274e-07 0.0 0.0 0.0 0.0 0.0 0.0 0.0 0.0 0.0 0.0 0.0 9.958790939212044e-07 0.0 1.1043541291202554e-07 8.604501011161295e-08 0.0 0.0 0.0 2.9915318461172113e-06 2.167024033522748e-06 0.0 1.9625107871649804e-07 0.0 1.1409000189847235e-05 1.8755505848290716e-06 6.1879456189405705e-06 1.0425454007654759e-06 2.5651796489685045e-07 0.0 0.0 0.0 0.0 0.0 2.9392138373776666e-07 0.0 0.0 4.779371456508117e-07 0.0 0.0 0.0 0.0 0.0 0.0 8.214571061614462e-08 0.0 4.391282706311627e-07 2.3859551087695835e-07 1.1385383759605509e-07 0.0 0.0 1.1400113986146877e-05 3.0733486411442997e-07 0.0 0.0 0.0 0.0 0.0 9.545698843254632e-08 0.0 1.259769715279857e-07 3.552522176385173e-05 0.0 0.0 0.0 0.0 1.2756193641338729e-05 9.028790935212434e-07 8.240388521418272e-06 2.512496645988569e-07 1.4201236429102857e-07 0.0 0.0 3.1878929400882676e-07 0.0 0.0 0.0 0.0 0.0 0.0 0.0 0.0 6.76784182206602e-05 7.0869082169248185e-06 4.583248551185074e-06
6.950534318155742e-05 0.00030307615177780966 0.0009155445940920036 6.415891836322499e-07 0.0003230293539840871 4.3258239196376003e-07 0.00010947240403699478 0.00040659643221765274 0.0010394891360699236 5.465265206591576e-06 0.0 5.53328171694975e-05 0.000565454154298687 0.002025999117541741 4.4749925942505756e-05 3.798811971135632e-05 4.372146699763497e-06 5.451540435554163e-07 3.486339890750993e-07 5.019099344396754e-07 2.551635033561304e-06 7.250154690294889e-07 8.35110826887741e-07 9.870821044666293e-07 8.046981425707352e-06 1.7082311360011423e-06 2.532476690126067e-06 6.98708718960148e-07 1.3398612668726277e-06 4.6809278570329325e-07 0.00023064526496276307 9.685200474783486e-05 0.0004968222387178242 7.519120137648107e-08 2.4088022436368175e-06 1.2442788203635981e-05 0.00014894845831474213 3.452686422017169e-05 3.5467669273116295e-05 1.3765472398527395e-05 2.800189104184317e-06 1.2394763867376647e-06 5.134525237502081e-07 1.3557624180738702e-06 1.5525026885278576e-06 1.3164106709201602e-06 9.412665383643335e-05 8.361981997664693e-07 5.657901859366081e-07 9.163379895303332e-08 1.2259062989332575e-06 1.9200553486737565e-06 2.829140613554666e-06 7.971223427269468e-07 3.994609885763223e-06 3.1705580261808836e-06 1.2222830361848887e-05 5.183280382922838e-05 1.0619722441320382e-05 3.578992443596012e-05 1.3746502208881225e-06 5.658129316571394e-05 1.5639443967130695e-06 3.867594931726138e-05 2.223950668328179e-06 1.5384766535070946e-06 4.3862868708293565e-07 9.753882688130894e-07 1.5627707190637353e-06 5.991240604138964e-06 6.62839958671943e-05 4.9790478105055725e-06 1.583050891214196e-07 0.00010354746905067902 5.3239473508327535e-05 7.847887366653012e-05 1.604270358446351e-05 8.263983182758085e-06 7.224406819689267e-05 0.0008118217315496656 2.3756968325100426e-07 4.368899436258434e-05 9.109836035417374e-06 0.0 8.65166140137064e-07 1.2377423337370768e-06 6.047453693055395e-07 6.317378803555269e-08 6.411768553604627e-07 5.206943175825363e-07 4.805662158097853e-07 0.0 4.445770157681564e-06 8.783916000273122e-07 6.279164411977333e-07 1.91235251314563e-05 3.983598003271225e-06 2.58145143948747e-07 1.456087757132385e-05 5.336239268519912e-05 0.0 9.67554570655489e-07 1.912575174933094e-06 0.0 3.3329206566318886e-07 2.2262313085496562e-06 2.476533944774533e-06 4.385494322836528e-06 4.448832438261844e-06 4.118071071199541e-06 3.4680495504028365e-07 9.690218543408626e-06 2.737318863664425e-06 1.5356314939607558e-06 2.693642969886129e-06 1.5190113720323372e-07 2.065824859676112e-07 2.429725902441365e-07 9.666500600302947e-08 0.0 0.0 9.109780639473691e-08 0.0 8.30671854521752e-08 0.0 0.0 0.0 2.7706370200208428e-06 0.0 1.392164421060627e-06 1.1649063351281635e-07 7.339464334405687e-07 5.806752753797681e-07 4.856982460274298e-07 0.0 1.2867849457375926e-07 2.0531590216873725e-07 7.316227712385526e-08 2.8428469192775156e-07 5.052239362049972e-06 1.979807472191368e-06 5.593185162734921e-06 1.3533101709789218e-06 1.5923282628399905e-06 0.0 2.3821850201099138e-07 1.1931223326515115e-07 0.0 2.434059745384615e-07 1.0669676223282697e-06 0.0 0.0 0.0 0.0 0.0 1.0520713238711855e-07 7.125287260455486e-07 8.269643079868296e-07 0.0 0.0 0.0 0.0 0.0 0.0 5.69362465058922e-07 1.794565853336144e-07 4.129378503048349e-06 0.0 0.0 0.0 0.0 0.0 0.0 8.66829965825489e-08 1.9306228812797304e-07 1.5672752763322945e-07 1.1349445638240523e-05 2.751871919395731e-07 0.0 0.0 0.0 7.642167829863414e-06 0.0 4.541435260525694e-06 5.648605100898726e-07 2.2052092376166492e-07 1.1432338747822363e-07 0.0 1.8809992899752704e-07 1.985636941860734e-07 0.0 0.0 0.0 0.0 7.099845059195926e-08 0.0 0.0 8.113738481639983e-06 3.6582927889160796e-06 3.558909475325226e-06
0.00011927350189692736 0.00011813491550883063 4.078482641717734e-05 0.0008743106131788659 2.2590648796444208e-05 9.74818405964666e-05 0.00018736882822786459 1.9059968718456286e-05 7.443519714531102e-06 0.0016441658024718064 5.53328171694975e-05 0.0 0.0006434939296355197 0.00010491901891279585 2.0876700721391255e-05 1.607783711423126e-05 1.478350303091811e-06 1.4440811424650575e-07 8.869355984442332e-08 0.0 7.5365636584386e-08 1.9249362482950446e-07 8.456608099103842e-08 8.07958590287212e-08 1.2499921805291073e-06 1.4215822057046285e-07 8.693581258803048e-07 0.0 7.813255327240926e-08 9.423372219834252e-08 1.6327098865426782e-05 3.5739935972126383e-06 0.0001381963454275299 4.0145047437132004e-07 0.0 1.5681975046180716e-06 0.00023108313383055103 7.101282902122235e-06 2.371395900831307e-05 4.073698717454195e-06 5.733674561665561e-07 8.195267099526252e-08 7.089344867610009e-08 2.145503213632003e-07 1.987295516584e-07 1.5752030745674952e-07 2.760599669716464e-05 0.0 8.274622745159847e-08 2.233532572750071e-07 2.3493267289085354e-07 7.689951537456704e-08 5.457976519206164e-07 3.975071038614347e-07 6.78787420719827e-07 3.9450217239841617e-07 3.6995691596943973e-06 5.657629719113325e-06 2.6271870736130334e-06 6.152280912897138e-06 2.898356112257473e-07 1.1748338753481454e-05 2.2103150767619434e-07 3.5664911445425413e-06 2.051791916100748e-07 1.2722501466732263e-07 1.3449429782387245e-07 1.562895414996821e-07 3.834985141001922e-07 7.309804495336893e-07 0.00017722653809188585 3.825673991644405e-06 1.0117558507379546e-07 1.1020104865901091e-05 3.584475642251194e-06 1.4763761036330211e-05 4.133360143009601e-06 2.038864955612857e-06 1.5281802642819028e-06 1.283522180873356e-05 0.0 3.3150056907433257e-06 2.4107328832678644e-06 0.0 1.9900074720108827e-07 2.8794555935298035e-07 7.807994509278494e-08 0.0 9.119902947032774e-08 7.572906596760978e-08 1.5558711768809802e-07 0.0 5.633403498808495e-07 0.0 2.930112512183081e-07 0.0002671873608136442 1.814079704499883e-05 2.099173183001236e-07 1.8702500015277367e-05 1.4935711975525953e-05 0.0 3.939894457887224e-06 3.766451444770707e-06 3.3984532929726303e-06 3.6982005993701853e-06 2.720518815618177e-05 6.057247838475177e-06 1.7381585053693942e-05 1.808256756227864e-05 2.7636898574957864e-05 3.5869616323032614e-06 3.943534975793946e-05 1.6661401347770724e-05 5.8934279145028636e-06 5.89445313936902e-06 8.676136115197716e-08 0.0 0.0 0.0 0.0 0.0 7.926724279523281e-08 0.0 0.0 0.0 0.0 0.0 6.008010772686562e-07 0.0 2.8922278997635254e-07 0.0 5.455599906874254e-07 4.179962713801066e-07 0.0 6.647739045563942e-07 1.024473021837517e-06 9.731190636404613e-08 0.0 0.0 8.640695699552351e-06 4.906308438928795e-07 5.069316752629689e-06 9.596315017663909e-07 4.7785354170776e-07 0.0 0.0 0.0 0.0 1.3942673340783822e-07 6.954893267203708e-07 0.0 0.0 0.0 0.0 0.0 0.0 6.326860562914285e-07 2.0001168550089328e-07 0.0 0.0 0.0 0.0 7.437158135467518e-08 0.0 1.4033000373883412e-07 0.0 1.0278084430199848e-05 0.0 0.0 0.0 0.0 0.0 0.0 0.0 0.0 0.0 2.8199764077625242e-05 3.6501907525290615e-07 0.0 0.0 0.0 9.777085080349487e-06 1.9361176743673615e-07 9.152068626656585e-06 3.8224362615969455e-07 0.0 0.0 0.0 0.0 0.0 0.0 0.0 0.0 0.0 0.0 0.0 0.0 3.0683877205232935e-05 5.856963062215694e-06 4.634492673796358e-06
