0.0 0.0019872421243789357 0.0009489619063373883 0.0002661952730992092 7.553691953921336e-05 0.0001913343837943506 0.00033027123737990044 0.00027813385471158006 2.9965045148598288e-05 0.00035999392089538845 0.00018500857558342935 1.9244801581701156e-05 5.473071383163141e-05 6.047435316194926e-05 6.690362646727799e-06 1.3078318656210575e-06 1.7198643117624799e-07 2.8282915920823936e-07 0.0 2.9880797628822014e-07 2.0881309681828625e-07 2.8831048467203253e-06 2.414279225563522e-07 0.0 8.355227992019376e-07 7.769977690511064e-08 0.0 0.0 0.0 0.0 0.0011171541678879331 0.00016424358661814835 6.27144339550783e-06 8.791224549869629e-08 2.3200738676749273e-07 7.014231201683983e-07 4.096327935882025e-06 1.9545715893587117e-06 1.3100387744005847e-06 6.14651170982907e-07 7.571131517101313e-07 5.417615282289455e-07 6.437382900948271e-07 8.175455507807539e-08 3.35561534096392e-07 8.655129038099059e-08 3.830405337991116e-05 5.976854570561528e-06 3.883117261144385e-07 9.8204305345384e-07 1.3402544928341148e-06 3.048396494611768e-06 0.0 1.9592597069344195e-07 8.219941739263246e-06 4.82604366993585e-06 0.00010608723458030809 0.0008156715670648365 1.8131126770436965e-05 2.58235174844101e-05 3.531995370333226e-07 1.756984017481012e-06 3.021249603343984e-07 1.8577878839697615e-05 8.233204236052316e-06 6.257035719386121e-06 3.5068916430538515e-06 2.6705420360772855e-06 4.188428195291742e-06 3.7312957496432215e-06 1.2339453001210353e-05 1.3981540644875642e-05 2.1547931640307954e-06 8.295085669176455e-05 5.3865607285367765e-05 0.00010231993952262813 3.181817122373231e-05 5.589212793404387e-06 1.1161448794449859e-06 1.8541776431876482e-05 4.809085218355025e-07 2.2494002909983334e-06 2.4385232737072786e-05 8.106733882149085e-07 3.0057191665780586e-06 6.928084907363948e-06 1.8088743595232163e-06 1.2007658978431806e-07 1.0680514188388552e-06 1.4356539322513221e-06 1.467351332894314e-07 6.993151481700412e-08 9.133278994325383e-06 1.357876334678574e-06 0.0 0.00015779748760605674 3.671671292611819e-05 1.0055235171425605e-05 4.437996471253594e-06 0.0008483386985092398 2.4830776965948464e-07 7.661749268246538e-05 7.463341520598622e-06 1.9574903180053468e-05 7.632507602224075e-07 1.1098824096384394e-05 0.00014520058400967353 3.7710452624249616e-06 1.6151248932858788e-05 6.199062055440195e-05 3.6597308779165705e-06 6.468527401097141e-06 2.3223816742981214e-05 2.2502413924050525e-05 3.1962064878266206e-06 0.0 0.0 0.0 0.0 0.0 0.0 0.0 0.0 0.0 0.0 1.1240057487166843e-07 0.0 3.1073006460570336e-07 0.0 0.0 0.0 0.0 3.8361029478332864e-07 0.0 7.125102448905889e-07 1.4380149245127373e-07 0.0 0.0 0.0 1.4099813266622219e-06 2.949675862326002e-07 3.2789868828132994e-06 7.184876105090624e-07 4.329481202361621e-07 0.0 0.0 0.0 0.0 0.0 0.0 0.0 0.0 0.0 0.0 0.0 0.0 0.0 0.0 0.0 0.0 7.109928695109167e-07 1.8091554276928126e-07 3.469285553253387e-07 0.0 0.0 1.4510632295525362e-06 0.0 0.0 0.0 0.0 0.0 0.0 0.0 0.0 0.0 0.0 1.8130860161503203e-06 1.786999957581887e-06 3.521547214231893e-07 0.0 0.0 1.3929848844047226e-06 3.3039467770242373e-07 0.0 8.064899627712114e-08 1.4839447624084027e-07 9.222791829447814e-08 1.960004727406321e-07 1.4474748910108115e-07 0.0 2.907931937202968e-07 0.0 0.0 0.0 1.6744746169817449e-07 0.0 0.0 7.2234326360049665e-06 2.5553635926147826e-06 9.16109703894131e-07
0.0019872421243789357 0.0 0.0018991511870815395 0.0002831900220617166 0.002112713500989316 0.00013748928973980157 0.0025578106034363592 0.000666507335305874 0.0015625307775322076 0.0008402576186300777 0.0011028850656394538 0.00015112558191531753 0.0014837551196269661 0.0012819482372052045 2.3612824646282006e-05 5.7323615976520475e-06 1.3244375092293342e-06 1.3695045778104606e-06 1.5931324806778132e-07 7.556996746782934e-07 4.3890353844959e-07 2.8730960445472566e-07 0.0 8.909353037450048e-08 3.5083417230946404e-07 1.806410005653368e-07 1.4234212420059468e-07 4.1456761688427685e-07 0.0 1.933339710300376e-07 0.0027832474803036675 0.0001141536327975209 1.796452028774274e-05 8.682862101158265e-08 4.4841554248721374e-07 1.2846078651822891e-06 9.230933217058502e-06 1.6545459280994118e-06 9.073514587076917e-07 1.870744637631645e-07 9.110382365648007e-07 2.682627299718473e-06 8.401583294074888e-07 7.219812996392282e-07 3.4889791110041814e-07 5.295532661719479e-07 0.00010361764857477248 1.3710527613772272e-05 2.7281218288681945e-06 1.1079525343191527e-06 3.4556409372839557e-06 4.251283573479068e-07 8.415711387878759e-07 2.7683963840599914e-07 7.636297132948587e-06 7.168235488328408e-06 8.95737040411847e-05 0.0006166385910105556 2.056051507924491e-05 5.055035110150744e-05 1.0401992585429052e-06 3.912331142393529e-06 8.541396118938034e-07 0.00019705377126173 1.0428624324692092e-05 1.3295983410507999e-05 4.115370926204404e-06 5.825949836140794e-06 4.3802737945066034e-06 3.99130814961529e-06 7.733175616697466e-06 3.5842899556921032e-06 2.9458968896582564e-07 0.00013471216095259367 0.00018568000265558276 0.0003173121502500143 0.00023675258926880886 1.3604437830962743e-05 3.4790970709683366e-06 2.9179387868228234e-05 1.5373735043053782e-07 3.919838660407675e-06 3.694515005002515e-05 9.97564293648311e-07 9.77506793200624e-06 1.1180408753805046e-05 3.806483501055773e-06 1.4992143438251266e-07 1.4156954674234028e-06 9.712940287354726e-08 1.0186330562933647e-06 2.7833019645239617e-07 1.0449501510644373e-05 4.315730023984155e-06 2.6199828339335856e-07 6.12982314587428e-05 8.358938707144678e-06 1.8704851830413687e-06 2.4830801577413706e-06 0.000749882741278628 4.346406493920387e-07 5.463389164660929e-06 3.1189663234893843e-06 2.686589909263211e-06 2.1880697698142894e-06 3.92723132273547e-06 2.2664811296356998e-05 1.9392922353575166e-06 7.915522289988417e-06 1.6715875971971024e-05 3.7028144260388957e-06 4.5241526690701495e-06 1.0806368790922852e-05 1.2355062109572239e-05 2.83390627895981e-06 0.0 0.0 0.0 0.0 0.0 0.0 2.1370384006371985e-07 0.0 0.0 0.0 0.0 0.0 3.094665538718072e-07 0.0 0.0 0.0 0.0 0.0 9.025275657001734e-08 5.881044460046035e-07 1.97719669990048e-06 0.0 1.9960906337636587e-07 0.0 1.6129649099303811e-06 4.682996689080044e-07 2.9558984131213904e-06 7.81645251526748e-07 3.108093122146764e-07 0.0 0.0 0.0 0.0 0.0 0.0 0.0 0.0 0.0 0.0 0.0 0.0 3.0295333905361717e-07 1.6341940922005047e-07 2.510245088689532e-07 0.0 3.1164047281494027e-07 0.0 4.745206094851881e-07 0.0 0.0 4.340083180120743e-07 8.81953015677593e-07 1.0430383481535405e-07 0.0 0.0 8.186145131183588e-08 7.295179324931124e-08 0.0 0.0 0.0 0.0 3.7516713133510427e-06 0.0 1.4781524278802446e-07 0.0 0.0 1.8916723687261134e-06 1.5478234277193748e-07 0.0 0.0 0.0 0.0 0.0 0.0 0.0 2.7923269102825994e-07 0.0 0.0 1.5048488638779942e-07 7.205342894859919e-08 0.0 0.0 5.393260908670809e-06 1.6550190835187743e-06 1.0232802049432809e-06
0.0009489619063373883 0.0018991511870815395 0.0 1.6113983495847113e-05 0.001007971730244033 4.27484040471168e-06 0.0003855935342066882 0.002037968009745974 0.0008146963379246321 4.500196112295683e-05 0.0016258168040030729 5.2181585075907834e-05 0.00020654781608406723 0.0007286186575354583 1.0442022230359236e-05 5.928180482289259e-06 1.5379242578418943e-06 3.4627191030503958e-06 1.0430494036760938e-06 4.350166615253051e-06 3.009070279395458e-06 0.0 5.485334907123461e-07 1.5708613432258318e-06 0.0 0.0 7.458506506612525e-08 0.0 0.0 0.0 0.0021592785124440804 0.000929920297274586 3.2944368453243524e-05 1.1689401772095785e-06 9.751432684456173e-07 1.0116767172798945e-06 1.7065842289032836e-05 1.4476400496520602e-06 2.0095307847490726e-07 8.172051794528777e-08 3.2670756012854763e-06 5.07393837935215e-06 4.864222310129021e-06 1.9553826876874383e-06 3.5123823824031016e-06 1.9968076586938425e-06 2.9518866559205893e-05 3.318742234272434e-06 1.6645758398404113e-06 4.6710358115223875e-06 4.547357287980037e-06 6.569826424738799e-08 0.0 0.0 1.5868546719064646e-06 1.318651157381824e-06 1.9376857756374953e-05 0.00016497938642423202 3.728302406365033e-06 1.1142432556004728e-05 4.080417625077381e-06 9.99441278536047e-06 1.980604831460902e-06 0.0004153920733737724 1.4628888160529642e-06 3.132561899805191e-06 1.8977412156845565e-06 4.202610532503192e-06 2.1871566844536473e-05 1.9451364797859774e-05 8.983035051564097e-06 1.1692211995599577e-07 0.0 2.412702608554233e-05 8.130453744702146e-05 6.423170741972016e-05 0.0001594655433761709 7.372217260916704e-05 1.844045278367837e-05 0.00021214640389514102 2.08797780763092e-06 2.5348889998327953e-05 6.104306928473695e-06 2.5593816172299387e-07 2.2746839896173234e-06 1.7803233514351111e-06 4.02123496479308e-06 0.0 6.159738801454438e-07 0.0 2.5418451627695594e-07 0.0 4.500591945822315e-05 8.600198951002834e-06 7.702644910782395e-07 1.9214509652818198e-06 6.075469209906673e-07 0.0 2.1969247720962807e-07 0.00011453347704720126 0.0 0.0 4.4823813702376315e-07 1.108223253891261e-07 1.881535259653641e-07 1.3989600965199875e-06 3.442342675323049e-07 8.15496829575857e-07 1.083575656919253e-07 2.2659176867942566e-06 0.0 1.3339737450872622e-06 3.371491189171616e-06 2.3005495137477024e-06 8.244836799281825e-07 8.758031145238989e-08 0.0 0.0 0.0 0.0 0.0 0.0 0.0 0.0 0.0 2.142815418455602e-07 0.0 1.6992428494070754e-07 0.0 0.0 0.0 0.0 0.0 0.0 0.0 0.0 0.0 0.0 1.608205824932811e-07 5.668920990240054e-07 4.4050540446580493e-07 2.255022819507496e-06 3.6698553801587074e-07 2.0240983503020518e-07 0.0 0.0 0.0 0.0 0.0 0.0 0.0 9.620700966620756e-08 0.0 0.0 0.0 0.0 0.0 2.1555849724690752e-07 0.0 0.0 0.0 0.0 2.0456130910250582e-07 0.0 0.0 0.0 1.1887534082101337e-07 3.5878761603674263e-07 0.0 0.0 0.0 0.0 1.0554488104161035e-07 0.0 0.0 0.0 8.540870507060563e-07 3.8540498115678544e-07 1.1604042730474714e-07 0.0 0.0 1.8360156477552955e-06 2.943414993573817e-07 1.2034143795102048e-07 0.0 1.5811131836182092e-07 0.0 0.0 2.8457543430590826e-07 0.0 0.0 0.0 0.0 0.0 0.0 1.488628533704078e-07 0.0 6.53924504276949e-07 1.2724192726606807e-06 1.3105551569785874e-07
0.0002661952730992092 0.0002831900220617166 1.6113983495847113e-05 0.0 2.238365291526766e-05 0.00013256701136575552 0.00037022082186165375 1.4638963151834772e-06 4.576336280284934e-06 0.0008279839032060031 2.171853628825947e-06 0.0001481817237255468 0.000748785504628642 9.177127713556772e-05 2.199684168996975e-06 2.7452410535366216e-07 0.0 0.0 0.0 0.0 0.0 3.3982702175811957e-07 0.0 0.0 0.0 0.0 0.0 0.0 0.0 0.0 0.00010597755499274187 1.3538550503533926e-06 2.1915967695153704e-06 0.0 0.0 0.0 1.4723228292372865e-06 2.587424025461365e-07 8.738778761093942e-07 0.0 0.0 0.0 0.0 0.0 0.0 0.0 1.4610389005041974e-05 1.6782649986345763e-06 2.781371404534657e-07 2.5323093981950095e-07 0.0 3.6465246274894326e-07 1.956677466764282e-07 7.908419146202992e-08 1.7256054073145883e-06 1.5405917937576774e-06 1.6953290059097792e-05 9.162545647530667e-05 3.277126969511337e-06 7.84071502135561e-06 0.0 0.0 0.0 8.924276945600904e-06 2.3689704475203867e-06 1.274835306893176e-06 6.743231805070541e-07 1.0871095753221326e-06 3.5311348199779215e-07 9.394077154599057e-08 3.8154348153323475e-06 2.350482759928233e-06 8.592619843734593e-08 2.331868953631576e-05 2.276522445125304e-05 4.7570100939553984e-05 1.9008478443590652e-05 2.1933466839680067e-07 0.0 1.4817059045432722e-07 0.0 1.74451164691039e-07 6.398070582045982e-06 4.516063535003893e-07 6.616586375938335e-07 2.0204552512501525e-06 5.093336121691008e-07 0.0 3.108804498222025e-07 5.637216841080925e-07 0.0 0.0 0.0 7.571683900492842e-08 0.0 7.321138219462343e-05 6.832212541623465e-06 6.40477918964318e-07 1.8200019426142073e-06 0.00014840231284556364 0.0 6.7263661570413806e-06 1.560139940949842e-06 5.477732229140763e-06 2.900740021956993e-07 4.636548825660159e-06 2.402148346927917e-05 9.305963527095103e-07 2.557630302018376e-06 7.763812662470087e-06 1.7603961876781519e-06 7.630130200137294e-06 1.4055984220199005e-05 1.6651546334287418e-05 1.0125025301229497e-06 1.3059991558429159e-07 0.0 0.0 0.0 0.0 0.0 0.0 0.0 0.0 0.0 0.0 0.0 4.493026679885034e-07 0.0 0.0 0.0 0.0 0.0 0.0 6.044700492794984e-07 5.472104542696863e-07 0.0 0.0 0.0 5.297345597232592e-07 0.0 2.387506533297123e-06 0.0 5.574404388954526e-07 0.0 0.0 0.0 0.0 0.0 0.0 0.0 0.0 0.0 0.0 0.0 1.029482340004599e-07 0.0 0.0 1.4086056635757906e-07 0.0 0.0 0.0 0.0 0.0 0.0 0.0 0.0 0.0 0.0 0.0 0.0 0.0 0.0 0.0 0.0 0.0 6.593500036064885e-07 4.92055519183387e-07 0.0 0.0 0.0 1.554378429663664e-06 0.0 0.0 0.0 0.0 0.0 0.0 0.0 0.0 0.0 0.0 1.3140206607445645e-07 0.0 0.0 0.0 0.0 3.750660777060988e-06 0.0 0.0
7.553691953921336e-05 0.002112713500989316 0.001007971730244033 2.238365291526766e-05 0.0 1.2121851608344739e-05 0.0012517671358317482 0.0003515500813453404 0.0015146444677475142 0.0002647687677067821 0.0008949683773875037 4.723596134595341e-05 0.0011370332731181674 0.002105716045557994 1.037860610350044e-05 2.6597623713938063e-06 7.750706127750811e-08 8.865514519540083e-08 0.0 2.7426804138546e-07 0.0 0.0 0.0 8.131510296577489e-08 0.0 0.0 0.0 0.0 1.1439931385618709e-07 0.0 0.00013190486504805051 2.2395893604239245e-05 2.1679414007833385e-06 0.0 0.0 3.6934870996290545e-07 1.4857090379128348e-06 1.7062522732564897e-07 7.62083155655743e-08 0.0 1.8804581807689862e-07 1.1688050301556039e-07 1.6423402908290008e-07 0.0 0.0 8.815466188577114e-08 3.35035409436425e-05 3.234426869326672e-06 7.427162758324798e-07 4.933193899254184e-07 5.42973695257152e-07 0.0 0.0 0.0 9.598436754416182e-07 7.89262853483052e-07 1.2149927608607993e-05 3.96415101840702e-05 3.2721984777765218e-06 1.1204933254177205e-05 7.736458969438208e-08 2.817585277420071e-07 1.2281672297697564e-07 4.1394930075192986e-05 1.4130071819478233e-06 1.5967508831716331e-06 3.731689722909635e-07 1.5055143552800165e-06 5.559902344882163e-07 3.0729717103117834e-07 3.453570700683776e-06 1.6811970161633249e-07 0.0 2.264513242693812e-05 3.8238832892278464e-05 6.874247141896825e-05 8.103575079786495e-05 5.118996100812965e-06 1.249651553078135e-06 2.245702091064934e-06 0.0 7.603695234775378e-07 4.872009822833959e-06 0.0 2.1396238088789273e-06 1.9738584753743217e-06 5.311621359827942e-07 7.343538890459629e-08 2.496455467988824e-07 0.0 2.138039223253204e-07 0.0 7.954381973935053e-07 3.9239057901324804e-07 0.0 1.0848643656043757e-05 5.335781636696865e-07 0.0 3.8869110268736887e-07 5.711510345376713e-06 2.4042780031981005e-07 2.3902776271894127e-06 3.1764340359293854e-06 2.282274846241979e-06 8.019688496966465e-07 4.1219804530171785e-06 1.6363908755875878e-05 3.113523740137427e-06 5.818889880240396e-06 8.563638351009557e-06 3.075299758556022e-06 7.351018700938566e-06 1.5379692588588005e-05 1.88464939744329e-05 3.691470340600966e-06 0.0 0.0 0.0 0.0 0.0 0.0 0.0 0.0 0.0 0.0 0.0 0.0 0.0 0.0 0.0 0.0 0.0 0.0 0.0 5.001725767897346e-07 8.972950569135396e-07 0.0 0.0 0.0 2.378211686166685e-06 3.616199440400376e-07 3.641179167786764e-06 3.7471053367172225e-07 4.5548712337757976e-07 0.0 0.0 0.0 0.0 0.0 0.0 0.0 0.0 0.0 0.0 0.0 0.0 1.5178824020386453e-07 0.0 0.0 0.0 2.1708225458897735e-07 2.8857830585137187e-07 7.531289678596886e-08 0.0 0.0 1.672101639722226e-07 5.342877920690913e-07 0.0 0.0 0.0 0.0 0.0 0.0 0.0 0.0 0.0 4.157090207134179e-06 0.0 0.0 0.0 0.0 3.962153846439729e-06 1.1250410012016252e-07 1.0004698080327013e-07 0.0 0.0 0.0 0.0 0.0 0.0 6.445493360587339e-08 0.0 0.0 0.0 0.0 0.0 0.0 5.773454902981847e-06 5.426176275745788e-07 5.863712228382381e-07
0.0001913343837943506 0.00013748928973980157 4.27484040471168e-06 0.00013256701136575552 1.2121851608344739e-05 0.0 0.00012275900698983442 3.19709912472518e-06 4.887118618071876e-06 0.0005428742918268914 3.472347500990948e-06 0.00016736474249802515 0.00030852184002262424 4.7412018048743645e-05 3.839186450239747e-07 2.683156014211509e-07 9.772596908167488e-08 0.0 0.0 2.981607405714562e-07 0.0 4.208675223004073e-06 0.0 0.0 1.201310230143684e-07 0.0 0.0 1.7441188453068164e-07 1.1717493730537831e-07 0.0 0.00015051719091270735 0.0 5.8201796781137675e-06 0.0 0.0 3.8707875716161673e-07 1.1123954431537772e-05 2.9662283032774913e-06 5.152055019495474e-06 0.0 1.0937338428316449e-07 2.2801932137479175e-07 0.0 0.0 0.0 0.0 1.455072845032213e-05 7.453466392718973e-07 1.493353804119344e-07 6.033469417183511e-07 1.8927966414044988e-07 8.70061496632715e-06 4.0733765074208604e-06 4.750293729819286e-07 9.579782834703973e-07 1.528599857316352e-06 4.300910865764013e-05 0.00011236804966177363 3.3246690678399236e-06 1.0970381532823413e-05 0.0 1.68263364499106e-06 0.0 1.9803090029577602e-06 1.7432059824966575e-06 1.085060913027658e-06 7.389359482250251e-07 6.106779117429687e-07 1.4949418327319603e-07 0.0 3.2255380884631915e-05 5.0629197399593686e-05 5.147409690523042e-06 2.2014310030890944e-05 1.67920188249664e-05 3.631689570655477e-05 7.694728377707384e-06 6.069243621951744e-07 0.0 1.1544439259953924e-06 0.0 2.3337399728572306e-07 4.339860924189242e-06 9.831828064820406e-07 9.333036400690277e-07 1.7660658576162256e-06 0.0 9.97454733354349e-07 2.556197312545607e-07 3.699832609566639e-06 0.0 9.495088237188538e-08 1.0906761955548985e-07 2.3744839917486036e-07 3.8779646938005846e-07 0.0002259910450842608 0.00011362671237557167 4.303629442324092e-05 1.8844777370551185e-05 0.00022440598538673434 0.0 1.4976862100932529e-05 1.527749531192088e-06 5.177950502848309e-06 1.0471100008896442e-06 3.432478458962702e-06 5.1874465120517634e-05 3.205202646025643e-06 2.917544246052676e-06 1.63627903415117e-05 2.405968823951736e-06 2.8759321231807602e-06 9.899347636406457e-06 1.120154745621237e-05 9.773817663026123e-07 0.0 0.0 0.0 0.0 0.0 0.0 0.0 0.0 0.0 0.0 0.0 0.0 4.1228626496798157e-07 0.0 0.0 0.0 0.0 0.0 0.0 3.8762263126994817e-07 0.0 0.0 0.0 0.0 0.0 1.0339171820387526e-07 5.239448434360848e-07 0.0 0.0 0.0 0.0 0.0 0.0 0.0 0.0 0.0 0.0 0.0 0.0 0.0 0.0 0.0 1.673883745447756e-07 0.0 0.0 1.2777543575834516e-07 0.0 0.0 6.891729204364449e-07 0.0 0.0 0.0 0.0 0.0 1.667640549822212e-07 0.0 0.0 0.0 0.0 0.0 0.0 5.402455274257898e-07 3.0146503924006863e-07 1.2337507595794674e-07 2.1261999302612266e-07 0.0 1.0310006186774107e-06 0.0 2.892248280974678e-07 1.426686188512574e-07 0.0 0.0 0.0 0.0 0.0 0.0 0.0 1.1371980177369696e-07 0.0 0.0 0.0 0.0 5.056273100889772e-06 2.5604043021581577e-07 4.846213839184107e-07
0.00033027123737990044 0.0025578106034363592 0.0003855935342066882 0.00037022082186165375 0.0012517671358317482 0.00012275900698983442 0.0 2.156545662687283e-05 0.0013518357418786024 0.0014762327524685404 0.0001679081158612229 0.00022736013199372397 0.00370017154527371 0.002347388697160954 1.4328624239340826e-05 4.876697652403159e-06 3.6815718121925265e-07 5.901306765194505e-07 6.91543554370283e-08 0.0 2.0294037574632724e-07 2.1259562374816717e-07 9.478506917038997e-08 7.002744716664554e-08 0.0 0.0 0.0 9.626307275127029e-08 0.0 6.61538512697503e-08 0.00017391859125116439 1.6349684919544836e-05 3.3401890512787217e-06 7.164651502612318e-08 1.4144073583154648e-07 0.0 4.4471980828226045e-06 5.831899291310382e-07 3.318548706990127e-07 1.1739835180851426e-07 9.479753854307462e-08 2.1018559837872987e-07 5.745672106435156e-07 1.2826926219027395e-07 7.956182407347469e-08 0.0 6.241668183028595e-05 6.522716336172517e-06 1.542847807646853e-06 7.005719496614168e-07 8.890129846691971e-07 1.271815663384307e-07 0.0 7.117862881674012e-08 2.487217299230079e-06 2.813615088067686e-06 2.8315166804519676e-05 0.00011675539318476516 8.813661245244605e-06 2.4919883345340586e-05 4.572228338728796e-07 2.85072939366419e-07 3.214526843637509e-07 5.624620092936055e-05 3.4058538936799534e-06 3.6356446121746523e-06 2.2363402464205245e-06 2.214715228660087e-06 1.4750444645573951e-06 3.135596107279531e-07 9.241910120380878e-06 1.1911940669990798e-06 1.402588945795332e-07 5.6294749446795245e-05 7.380670791944663e-05 0.0001390137845356269 0.00012710439910519603 5.510555584681973e-06 1.0040157441616958e-06 3.027762471245244e-06 7.093754773256687e-08 1.3879030619323009e-06 1.2029051061110326e-05 3.78323614590743e-07 4.0944370749716355e-06 3.3470411352090237e-06 1.1891066678292524e-06 0.0 9.341526047079804e-07 5.089456870393588e-07 1.312299036385757e-07 1.2562503516484784e-07 1.2470513452292468e-06 6.536632103723819e-07 7.87410186163012e-08 7.26981788811909e-05 6.274493155333613e-06 5.616447644478018e-07 1.341185342959832e-06 4.344049377310188e-05 8.780406239949228e-07 1.6073697786948723e-05 2.4403573934081904e-05 1.9364637823508774e-05 2.4651882836130614e-06 2.596619628167318e-05 6.575425487263146e-05 1.1531971497487425e-05 4.188956780836409e-05 5.0752718298483225e-05 1.031826313045061e-05 2.8698228014895107e-05 7.13579513104197e-05 6.989541132915858e-05 1.154080696769168e-05 0.0 0.0 0.0 0.0 0.0 0.0 0.0 0.0 0.0 0.0 0.0 0.0 1.0852248869148626e-07 0.0 0.0 9.718479830715904e-08 0.0 0.0 0.0 1.9285631681810464e-06 3.1742444271771573e-06 0.0 1.7421484880545608e-07 0.0 7.424802721721341e-06 1.633359855167085e-06 1.2233572167122532e-05 2.802362889797078e-07 3.8157647791523137e-07 0.0 0.0 0.0 1.0253687561391419e-07 0.0 1.4941977941004282e-07 0.0 0.0 1.8592231336390593e-07 0.0 0.0 0.0 4.849820924331275e-07 1.325006799912015e-07 1.460728426870114e-07 2.2186572850131036e-07 7.918603449069197e-08 3.964750022197503e-07 5.967724796979508e-07 4.948219918803402e-07 0.0 3.19183683999296e-07 1.7868358266002234e-06 1.3232614477442928e-06 0.0 0.0 1.5075505612930116e-07 0.0 8.563895121902824e-08 0.0 0.0 0.0 1.4254631394202797e-05 8.61353088354279e-07 1.3247394775075827e-07 6.289427215713883e-08 0.0 6.478429922323081e-06 6.830898171558461e-07 1.3244357091886582e-06 7.061690485050255e-08 1.740992403748224e-07 2.295406306615419e-07 1.305769667020697e-07 2.465407188196103e-07 0.0 1.0917148517531178e-07 0.0 1.459747764709683e-07 1.6149446535765632e-07 2.1292821235471947e-07 8.576374967551455e-08 0.0 2.2674013156658902e-05 2.4581968470792058e-06 1.0926365118529816e-06
0.00027813385471158006 0.000666507335305874 0.002037968009745974 1.4638963151834772e-06 0.0003515500813453404 3.19709912472518e-06 2.156545662687283e-05 0.0 0.00021513118652678932 3.3744580816702664e-06 0.0019286574838061545 8.831535485519893e-05 0.00024719548699967943 0.0015145442190116066 2.845292310581979e-05 3.042439917826705e-05 1.0383292820317219e-05 3.375745520508512e-05 2.0538420509419263e-05 6.284038825368365e-05 3.2212343384822885e-05 0.0 1.4174254472437495e-05 1.0867438849493838e-05 1.5953090702267502e-06 5.189367768121732e-06 5.45473781570825e-07 1.8399238175243798e-07 7.098335844049777e-07 4.7615113214896924e-07 0.0010336250173940415 0.0025659520459024683 0.00015911869194767936 2.989717223884589e-05 2.4609644763841135e-05 1.6681159516923384e-05 6.525503472681875e-05 1.777152015552933e-05 2.4798948843078756e-06 1.0765235622874073e-06 1.7458188875051952e-05 2.9000670351855944e-05 4.215683393370616e-05 5.939123777870373e-05 8.976921964187758e-05 5.020151697075737e-05 7.181357440559715e-05 9.406020967771101e-06 1.560346122190823e-05 3.460329848186682e-05 2.3855025309936673e-05 3.766370877523213e-07 4.0233723723656976e-07 8.621459375433495e-07 1.2332912975604495e-06 1.945996850137215e-06 1.3856098775304406e-05 0.00010215784582045651 2.6188606362111797e-06 1.4491479646724984e-05 0.00013579557895867768 0.00012175694737933079 6.664126358073645e-05 0.0004223093217678955 2.8835551710783102e-06 1.1809610563412972e-05 5.7838926253928594e-06 1.4009631700024542e-05 0.00011835161644655932 0.00012576841327464091 1.9888515901799776e-05 1.9643753898083623e-06 0.0 2.77811737216557e-05 9.440057337341478e-05 9.163720696411015e-05 0.0004356970461889678 0.0002477714471341631 0.0012514024386363527 0.0013833517857397637 5.2117489391147333e-05 0.0007425940434288888 9.547944179959914e-06 7.682459712830893e-08 7.553953192188282e-06 2.06760408323739e-06 2.0850817104047877e-05 6.317052276332513e-08 7.826861201385983e-07 9.651018888091092e-08 3.548768476634818e-07 4.864881308293404e-07 0.00024811712277608494 3.961434866338091e-05 3.3928528609811147e-06 2.3337010723418166e-06 1.3926566551694087e-06 0.0 1.7989511476479042e-06 3.5821005806178836e-05 1.0215431918730919e-06 4.7043815650502603e-07 2.2664283354245052e-07 5.196418101986516e-07 0.0 4.966600952349087e-07 3.961349346078282e-06 1.3703538173647166e-07 3.613002764527396e-07 4.683706494210715e-07 1.4670074138499057e-06 8.612699722942526e-07 3.4656558137761077e-06 3.841607308581254e-06 2.7405701639865866e-06 1.826071489952113e-07 0.0 0.0 0.0 0.0 0.0 0.0 0.0 0.0 0.0 2.8942920798865257e-07 0.0 3.91576580982632e-07 0.0 1.0065078644771759e-07 4.967371107934432e-07 0.0 0.0 1.0671199468809048e-07 5.086159326786714e-07 1.2503834234346963e-06 0.0 1.2445972810464645e-06 2.4981600737812373e-07 5.47354503343005e-07 1.6696913067094734e-06 4.993538397429382e-06 1.7300548525878276e-06 1.3652237079829544e-06 3.9281341184090474e-07 2.7661954252331e-07 0.0 0.0 0.0 1.0711940607635345e-07 1.0333727842822245e-07 0.0 0.0 0.0 0.0 4.011154481727482e-07 1.7917275647772317e-07 1.0454970858964784e-06 0.0 0.0 6.45329833695964e-08 0.0 0.0 0.0 0.0 2.9285427302263647e-06 1.030328391850458e-06 8.182745607090401e-07 0.0 0.0 0.0 3.583396350044379e-07 1.6147647149649614e-07 0.0 7.721273826293208e-08 0.0 2.661204773442911e-06 6.863312256760309e-07 8.818864665373915e-08 8.414072827215157e-08 6.830312732874514e-07 3.0617414398094136e-06 8.34248789321697e-07 1.295371453866128e-06 0.0 6.959418588515093e-07 3.5327682750716037e-07 0.0 0.0 0.0 7.546851193883288e-08 0.0 0.0 0.0 4.476172342656924e-07 1.1031995040038573e-07 4.782843439904088e-07 9.272084208782774e-07 5.113103481109529e-06 4.20421554695419e-06
2.9965045148598288e-05 0.0015625307775322076 0.0008146963379246321 4.576336280284934e-06 0.0015146444677475142 4.887118618071876e-06 0.0013518357418786024 0.00021513118652678932 0.0 2.9049922861926326e-05 0.00047313404058067706 4.552467946449531e-05 0.00037793658082150715 0.0009818625367935385 4.9707530112658e-06 3.2503626490704843e-06 1.5261898188557102e-07 1.901959895743099e-07 0.0 2.0218535359386837e-07 1.5058667705164182e-07 0.0 0.0 2.1430593076032308e-07 0.0 9.025073397885752e-08 0.0 0.0 0.0 0.0 4.003143843835036e-05 1.4508820904774428e-05 1.4557937992875529e-05 1.1349789275912659e-07 8.880321719599093e-07 1.3471796355062647e-07 1.521990797859594e-05 6.031714933900358e-07 0.0 3.574000530450405e-07 5.135462179085608e-07 1.1657435537014191e-06 0.0 0.0 0.0 0.0 1.473154538359037e-05 1.278127443832419e-06 9.255568802849994e-07 0.0 5.457344405519536e-07 0.0 0.0 0.0 0.0 2.229737942680064e-07 1.2368318662954279e-06 6.408960566313308e-06 1.4076555955612528e-06 3.062012152835919e-06 1.1632144310952376e-07 8.898466587808047e-07 4.253891079674699e-07 6.7661596300892375e-06 5.164124128589793e-07 3.452741281213766e-07 3.2689198836887665e-07 7.712508086391953e-07 8.586192913048019e-07 9.388916797988328e-07 4.879241103333124e-06 0.0 0.0 6.423145489037729e-06 9.05317639875914e-06 1.76094968905858e-05 2.7386602841736916e-05 4.113305127522691e-06 8.28319088780331e-08 4.941541492979144e-06 9.703390253366806e-08 6.380387722095399e-07 1.3604908119408232e-06 0.0 2.884177749510611e-07 7.08533385569298e-08 3.8131764515718884e-07 7.78871840491188e-08 0.0 0.0 6.16958378028916e-08 0.0 2.3666529507873116e-06 1.2078900726493055e-06 0.0 8.994751247956234e-06 3.766893412967527e-07 0.0 1.5561076731037344e-07 2.2335353019451176e-06 3.5229500677509406e-07 2.1372903539670566e-06 1.5449718425536453e-06 5.543983112421368e-07 4.810739881200676e-07 1.8269570510544155e-06 6.161866292439328e-06 8.38468366127776e-07 2.364869758491773e-06 3.6097055874742592e-06 2.3694247646958716e-06 2.8435423876200596e-06 9.943033497775864e-06 8.634569143680385e-06 2.611888404474939e-06 0.0 0.0 0.0 0.0 0.0 0.0 0.0 0.0 0.0 0.0 0.0 0.0 1.6744392052724402e-07 0.0 0.0 0.0 0.0 0.0 0.0 0.0 3.60217934903708e-07 0.0 0.0 0.0 1.7586299223105728e-06 1.0946641693091651e-06 2.2011607980013397e-06 0.0 0.0 0.0 0.0 0.0 0.0 0.0 0.0 0.0 0.0 0.0 0.0 0.0 0.0 0.0 0.0 0.0 0.0 0.0 0.0 0.0 0.0 0.0 0.0 6.843643637754884e-07 0.0 0.0 0.0 0.0 1.0032951518781722e-07 0.0 0.0 0.0 0.0 2.6482379480625237e-06 5.026642781866574e-07 1.1107740751695956e-07 0.0 1.0538715820475445e-07 2.6759341070150664e-06 0.0 1.2742091021971128e-06 0.0 0.0 0.0 0.0 0.0 0.0 0.0 0.0 0.0 1.0168018716405959e-07 0.0 0.0 0.0 3.819969922904971e-06 8.46127964669458e-07 2.0604992965057488e-07
0.00035999392089538845 0.0008402576186300777 4.500196112295683e-05 0.0008279839032060031 0.0002647687677067821 0.0005428742918268914 0.0014762327524685404 3.3744580816702664e-06 2.9049922861926326e-05 0.0 9.01454364430416e-06 0.0008921549873634306 0.004969186889233306 0.0004407072914773843 1.3181866971407684e-05 3.836961999245629e-06 6.449292820990783e-07 3.16932828044858e-07 0.0 0.0 2.792201365627433e-07 1.1938273497771948e-06 0.0 0.0 0.0 3.0739675582699193e-07 0.0 2.3668003053898718e-07 9.52794781609375e-08 0.0 0.00011401506528661676 5.717810127735516e-06 1.2895248471297402e-05 1.2651572147387537e-07 0.0 5.960035481402661e-07 3.529868187646213e-05 6.473335866119663e-07 1.9577404464212395e-06 1.1845609498350435e-07 2.2731688004688715e-07 5.178144285409113e-07 2.0860781363396217e-07 3.097526425184896e-07 0.0 0.0 5.99861124787895e-05 6.8803224578741774e-06 2.0502097010783868e-06 5.933597793070122e-07 7.851253585318109e-07 1.037299006822891e-06 3.0516601450891097e-07 0.0 2.9285479732539344e-06 3.2061421298010034e-06 3.4345959620127993e-05 0.00011975920058377851 1.1826422190585037e-05 2.637164364228141e-05 0.0 1.3632322935275879e-06 0.0 3.9911937652123166e-05 3.0072035848493492e-06 4.324283987463447e-06 2.1780313356988886e-06 2.3608864059328423e-06 6.533822403868225e-07 3.2897197137111834e-07 0.00015768698794614078 8.34245968167037e-06 4.35507012242328e-07 5.5357967408123395e-05 7.39476789166633e-05 0.00014821243774760427 0.00010690188467729549 1.8418753692607701e-06 3.99779903083789e-07 2.192022070035154e-06 4.241561651970579e-07 4.885193032740441e-07 1.3342720439007717e-05 7.347326634234671e-07 2.7654243729002187e-06 3.1249965252109084e-06 1.073299133060002e-06 1.6181820430968387e-07 8.859309746600974e-07 9.628310491303628e-07 1.5346117837158103e-07 0.0 1.6896892546114262e-06 3.8355794960046277e-07 6.872829824560024e-07 0.00028629820327458124 8.669235634835333e-05 6.1898955178274025e-06 8.11919055636501e-06 0.00011604999281908495 6.011931897763947e-07 4.6253687193459145e-05 2.2317280971069578e-05 1.478184482350048e-05 7.287277630736888e-06 5.3176497359809404e-05 0.0001919390897078691 3.134660276604903e-05 6.814674277958566e-05 0.00010525486418906972 3.128784460117541e-05 9.713155746987189e-05 0.00014430132598549297 0.00014233980298595936 1.8965524446032194e-05 0.0 0.0 0.0 0.0 0.0 0.0 0.0 0.0 0.0 0.0 0.0 0.0 1.4252102926156864e-06 0.0 1.0157126179353675e-07 0.0 0.0 0.0 0.0 5.636933691409748e-06 7.838438094266578e-06 0.0 1.2582955905928672e-07 0.0 8.890762976635437e-06 4.8827935261541554e-06 2.1857619507544515e-05 1.22739869094822e-06 5.766452037826097e-07 0.0 0.0 0.0 2.1454978063433654e-07 0.0 0.0 0.0 1.0101405429299595e-07 9.184987047884695e-08 0.0 0.0 4.239784455446894e-07 1.1816066576211269e-07 0.0 0.0 1.1447147257769686e-07 1.7012713970651926e-07 7.901830211855555e-07 5.241003014944898e-07 0.0 0.0 2.818312245120391e-06 5.485729993142293e-06 2.0496493844166778e-06 3.6009278298468895e-07 1.9307032070858516e-07 0.0 0.0 0.0 0.0 0.0 0.0 1.9175280103058998e-05 4.529442497697519e-06 1.1555497335292392e-06 4.387236522028074e-07 0.0 2.109708444578078e-05 1.6106139782599453e-06 1.1221491802175787e-06 0.0 4.7061656344565287e-07 9.792742963416283e-08 0.0 1.8683734276847902e-07 0.0 1.1554013381758875e-07 0.0 0.0 0.0 0.0 0.0 0.0 4.543242591362161e-05 4.451611965837683e-06 2.0705865019050735e-06
0.00018500857558342935 0.0011028850656394538 0.0016258168040030729 2.171853628825947e-06 0.0008949683773875037 3.472347500990948e-06 0.0001679081158612229 0.0019286574838061545 0.00047313404058067706 9.01454364430416e-06 0.0 0.00028003628291245117 0.000693107101146764 0.0018942752013812252 1.7277500805059333e-05 2.2623913298713373e-05 2.2502164163497487e-06 1.1067863043290046e-06 3.8941068040251146e-07 5.16544601300642e-06 7.854024927943291e-06 3.5153303319282347e-07 2.642261583921227e-06 2.842197947057358e-06 1.8808016285300178e-07 3.962530284037157e-06 1.0387831239964686e-06 8.281035159089411e-07 0.0 0.0 0.0003781016991091175 0.00030358553652364657 0.0004415212675867777 1.5577283708182236e-06 6.733224266198746e-06 8.119920809957763e-06 0.00016179290425360438 1.2140021664031967e-05 5.738918353817797e-07 5.721058808420034e-08 1.1226979589458331e-05 2.140611500361839e-05 1.8528370278750242e-06 8.305977111804009e-07 2.610119658324028e-06 2.4081912719915006e-06 5.0338518485546724e-05 1.9735377015802084e-06 1.3285016279770084e-06 1.9862469509582246e-06 6.140189521873048e-06 1.0458858815913473e-07 6.823052874275012e-08 5.242171208615784e-07 7.882395009033823e-07 3.908798408744695e-07 6.804631768551073e-06 3.444353030788253e-05 2.6797448585827513e-06 1.0035464984306826e-05 5.650354585232726e-06 8.351712293300941e-05 1.59833699719553e-05 5.217153635210537e-05 7.941096953727921e-07 2.6240989444015923e-06 2.931218873609382e-06 3.867501567906429e-06 1.5058482726438687e-05 1.929979739973727e-05 5.95035190926986e-05 8.991549243962849e-07 0.0 1.6387774519907754e-05 2.007596379218323e-05 5.4385357556199176e-05 9.88634279416698e-05 3.264692637400286e-05 2.8109322871524084e-05 0.00010332853692014151 4.355911101427233e-07 2.4066571385604134e-05 3.4927505104098814e-06 0.0 1.6738448972971615e-06 1.6515012411155344e-06 2.318362879920116e-06 0.0 1.4668816859178698e-07 0.0 2.0915769660535103e-07 2.900428582191986e-07 5.175884916898677e-05 2.1484045290459696e-05 2.865518573679629e-06 6.347903638220852e-06 2.832086863300262e-06 0.0 3.1783540116795127e-07 2.0578168058520268e-05 1.5173197420512556e-07 1.707115219302295e-06 1.2012983171472087e-07 0.0 1.1270829673447838e-07 8.760307051214038e-07 2.4323815800845084e-06 7.457037149772494e-07 9.576457341374597e-07 3.9855947157791754e-06 8.236278947714673e-07 8.558709433810581e-07 5.435534517036043e-06 5.095760684843506e-06 5.227535699709278e-07 8.487545905698714e-08 0.0 0.0 0.0 0.0 0.0 0.0 0.0 0.0 0.0 9.297034016220321e-07 0.0 2.954204633755444e-07 0.0 0.0 2.9305434590740314e-07 0.0 0.0 0.0 4.819149605784177e-07 7.194197435728613e-07 7.895390124508039e-08 4.461854688205835e-07 2.7946441844651906e-07 2.452048916151851e-06 8.717813981889554e-07 4.438547709164692e-06 1.0980696629917955e-06 1.2664592594343267e-06 4.427156449569839e-07 0.0 9.763603904948853e-08 1.0678384576628473e-07 1.773697637347456e-07 0.0 0.0 8.695343255927388e-08 1.7265026654084847e-07 0.0 0.0 3.982377329620016e-07 9.311620236740306e-08 9.30169180147423e-07 0.0 0.0 9.489868119227356e-08 0.0 1.938360645578722e-07 0.0 0.0 1.6032334187510976e-06 1.3864636577691222e-06 5.888400997193858e-07 0.0 0.0 0.0 0.0 1.563370411768317e-07 0.0 0.0 1.0953657269807374e-07 5.0371054561141605e-06 0.0 0.0 1.0432508838653892e-07 1.114758645210583e-07 2.4662476500974618e-06 2.3405223166661325e-06 1.6050379104370385e-06 4.491877272093206e-07 0.0 1.5337604626599722e-07 0.0 1.9826086563785312e-07 0.0 0.0 0.0 0.0 0.0 0.0 0.0 0.0 8.86586045463005e-07 2.3173000835400278e-06 1.7844097972327732e-06
1.9244801581701156e-05 0.00015112558191531753 5.2181585075907834e-05 0.0001481817237255468 4.723596134595341e-05 0.00016736474249802515 0.00022736013199372397 8.831535485519893e-05 4.552467946449531e-05 0.0008921549873634306 0.00028003628291245117 0.0 0.0007477067335028382 0.00043261738690207954 2.2069508114588655e-05 3.507408498224352e-05 3.947420277862784e-06 1.947007491156909e-06 0.0 4.839278210456817e-06 8.84663236776133e-06 1.4379527609261824e-06 2.9136672726249117e-06 2.0304569710813615e-06 2.8576909298860128e-05 5.293434713656727e-05 2.152097737302934e-06 1.565004673934783e-05 5.400567365414218e-06 8.967768350212458e-07 2.3008197653092343e-05 6.747555620595782e-06 8.066974308776364e-05 1.0819278407737747e-06 2.47714519977211e-05 5.463836318983643e-05 0.00018964971300077985 7.042227318760258e-05 6.267216193074886e-06 5.606409105632976e-06 3.4113977839757316e-05 3.068538926215043e-05 6.571820215247859e-07 1.011290042360222e-06 3.72388481199336e-07 2.722932776336287e-06 4.490392623416709e-05 1.0922511002345843e-06 1.1469501472008077e-06 3.0450393991137204e-07 1.2220875105656297e-06 2.212447694510583e-06 4.916148247157398e-06 3.2354074005750538e-06 6.250225602585986e-07 7.975016723863449e-08 2.4399394337815644e-06 1.0401530014248858e-05 2.116768535317887e-06 5.6546201121680684e-06 6.114144694054506e-06 1.7146571128568756e-05 1.4589282002987357e-05 5.99642232837866e-06 2.916688251436682e-07 3.7530776098569824e-07 5.018686536621443e-07 5.390283595573045e-07 1.4312003763397375e-06 3.798173243447241e-06 0.00010798718428226242 1.329942771961321e-05 3.4960006442181444e-07 1.3472589531531845e-05 1.1968006078742364e-05 3.7922574235104495e-05 4.593003654815444e-05 1.451933030807797e-05 1.5060732384547868e-06 2.364015730174758e-05 4.5668660502822045e-07 3.5550728932801632e-06 7.597402292571143e-07 0.0 9.083331681645165e-07 8.341368267916331e-07 3.9353361138828094e-07 0.0 1.8030119870487453e-07 1.1187074762621435e-07 2.552768202329304e-07 0.0 1.452120302457834e-05 1.767249962337569e-05 4.097226666736474e-06 0.0006023244737506714 6.657877312643182e-05 8.582667124283393e-07 8.370587261280996e-06 1.1706113114092567e-05 5.955645869481501e-06 1.706263157284258e-05 1.2542076825076158e-05 5.3878000041775685e-06 8.238072671884569e-06 2.9587255543892965e-05 7.140961081524557e-05 1.4718456057259957e-05 3.9300328026234966e-05 7.404300491442092e-05 2.6988974897100015e-05 4.1716668907113833e-05 0.00015171617935874835 0.00015079263434138082 2.9871846812011228e-05 5.192989908154557e-07 1.7952402623369385e-07 9.636011785332978e-08 1.1561323510585268e-07 0.0 0.0 0.0 2.0068041485886853e-07 1.020934175929087e-07 7.940596607875943e-07 1.651583453882422e-06 0.0 3.2001241618104754e-06 6.93169128558605e-07 2.398851306023312e-07 8.133585383469092e-07 2.3383861723947908e-07 5.026656593087762e-07 2.243571942565445e-07 8.418599340411752e-06 1.080846142657465e-05 2.2594905204659948e-07 3.2990892723480915e-06 1.7026364824580506e-07 2.3228987494008648e-05 1.0075628316621636e-05 5.6915297976497765e-05 1.0156755901168162e-05 6.503362527917366e-06 1.273329504138652e-06 0.0 0.0 2.9457246094015316e-07 5.836385778147938e-07 3.550533760162029e-07 3.0900511508084633e-07 5.387323019580767e-07 3.771476512897381e-07 0.0 0.0 3.631345113562547e-07 2.579795682171425e-06 1.4406141701580646e-06 1.1372336258143479e-07 9.61036153297627e-08 0.0 9.498075191958721e-07 2.2186698329330172e-06 3.482913235749255e-07 2.4992369170242037e-06 1.100941593199089e-05 1.1017382794203207e-05 3.1413842329853078e-06 0.0 1.9582362365339058e-07 7.637605317419267e-08 0.0 0.0 0.0 0.0 0.0 6.188501184719077e-05 4.6193694534507336e-06 5.325448683198815e-07 0.0 2.3872170213003543e-07 4.015071836940498e-05 8.091666893674074e-06 6.522976824967982e-06 3.4420057731644775e-07 1.067292593691368e-06 1.2786216499092907e-06 4.918137246285457e-07 7.605067258506842e-07 0.0 0.0 0.0 1.7229575671166047e-07 2.4174859162082637e-07 0.0 0.0 0.0 6.628277923555285e-05 2.7269337018741398e-05 1.9947088322112408e-05
