0.0 0.002206615128709711 0.000706343986465006 0.0008053636658238579 1.8985961550891002e-05 0.0001301414523032526 0.00034078278723648144 4.341698562550224e-05 1.7199299060715649e-06 0.0009079797265765996 5.047452314525214e-05 3.9197717666821225e-05 5.3461176191173354e-05 5.996848228242422e-06 7.418938302075801e-07 0.0 0.0 1.887043942872142e-07 0.0 1.722084518606903e-07 0.0 1.7264568207614523e-07 0.0 0.0 0.0 5.922236559047164e-07 0.0 1.6360725874956389e-07 0.0 0.0 0.0007252923653359296 2.2315180263853544e-06 2.7232159877907973e-06 7.382965504660512e-08 1.465201897491193e-07 9.724156731673774e-08 2.298256537096635e-06 0.0 0.0 3.1916843204152695e-07 2.75736727928168e-07 0.0 0.0 1.7192520595006156e-07 0.0 9.633886633239819e-08 5.697781617568608e-06 2.9673761516400064e-07 6.979508157280566e-08 0.0 0.0 1.6759273372484847e-07 0.0 6.580285378283331e-07 1.3333452486673485e-06 1.479800617063119e-06 0.0001695247204124493 0.0007930189721020043 4.0613239090530915e-05 1.2492751687911461e-05 4.5448650790999425e-07 2.272008457315361e-06 0.0 6.0386311433109145e-06 1.4442048017206652e-07 1.2376059029003574e-07 1.9564309826492492e-07 3.7859593251707674e-07 0.0 2.3736806645388879e-07 6.583059313972841e-06 3.857150936312041e-06 2.2902656917250334e-07 7.625142322716162e-05 1.1017017153548626e-05 6.04151339960069e-06 1.470759061868935e-06 2.0549739997473012e-07 1.5507437553073904e-06 1.1424449568917901e-05 3.6702087721024837e-07 7.341316453724003e-06 3.007282794631256e-06 6.07129962985401e-07 2.959064634295619e-07 1.9442012595232822e-07 0.0 9.088744279502467e-08 7.880740925996323e-08 4.5097591885004065e-07 0.0 0.0 9.552217688829717e-08 0.0 0.0 4.554291871598636e-05 1.0277022485901474e-05 4.896638549271617e-07 6.686683715411973e-07 0.0010205295813893165 0.0 3.630406799937554e-06 1.0754386387648168e-06 9.912604869811114e-07 1.15752896350191e-06 1.3914413819642198e-05 1.2109235342207852e-06 1.6512889621724385e-05 1.547862151775044e-05 1.7257968771378864e-05 0.0 5.77961813888209e-06 1.2096723868259376e-05 3.0778295195430053e-06 7.388793714834366e-06 5.833384742248087e-07 0.0 0.0 0.0 0.0 0.0 0.0 0.0 0.0 0.0 0.0 0.0 0.0 0.0 0.0 0.0 0.0 0.0 0.0 5.19017906994828e-07 0.0 0.0 0.0 6.120705500897728e-07 1.2025814604021499e-06 5.262064861253948e-07 2.3968509734999284e-06 3.9133655070695147e-07 0.0 0.0 0.0 0.0 0.0 0.0 1.210192103886952e-06 0.0 0.0 0.0 0.0 0.0 4.84907305353247e-07 1.0984611880689673e-06 9.860386620746675e-08 0.0 0.0 0.0 0.0 6.814288802661957e-07 3.484596806362197e-06 0.0 0.0 3.5919015284504893e-06 9.197708842561557e-08 0.0 9.212519009612854e-08 0.0 0.0 0.0 0.0 0.0 0.0 5.230370654260546e-06 0.0 0.0 0.0 0.0 1.1303654989167967e-06 0.0 7.916893818013589e-07 1.8821521708835693e-07 5.68124770185813e-07 1.4539361641907815e-07 0.0 0.0 0.0 1.0495313413573532e-07 0.0 0.0 7.912306340431179e-08 0.0 0.0 0.0 2.5707344615080844e-06 3.1125980381331412e-06 1.151686129802726e-06
0.002206615128709711 0.0 0.0019957004435951853 0.0005738718331619229 0.0008429019426318519 7.511483866978869e-05 0.001626763929253046 0.0006143253091095633 0.00020769325494100885 0.0005171372478502136 0.0007076559121822201 3.04289119509785e-05 0.00035272101862063375 0.00035066783653774655 2.0379636737179153e-05 5.49693229510435e-06 5.637289863531009e-07 1.80841740507367e-07 6.579427461539952e-08 2.1161554486849263e-07 2.729519235343156e-06 0.0 2.1270131108741855e-07 7.322975435748547e-07 3.985055964623354e-06 1.9706416047055975e-06 1.954146888642207e-06 6.961186389786167e-07 9.998081109870813e-07 2.548243733615652e-07 0.0022011552748883194 9.78983088475315e-05 5.27201265727347e-05 5.988044963711096e-07 1.3342679721063513e-06 1.3584450714548928e-06 3.5950534478241575e-06 1.55770476345922e-06 9.356285901751652e-07 4.548509170734621e-06 2.3131603083906014e-06 1.0440905788731953e-06 4.275639284053657e-07 1.679865687632449e-06 2.877041705785863e-07 1.3811535203337237e-06 0.00013127137134247201 6.370401277380531e-06 1.737909117607221e-06 8.847743158682097e-07 1.7702439454316793e-07 5.030654437586527e-08 9.03699458910134e-07 4.932009989019753e-07 1.2038172254900135e-05 9.745309648850876e-06 0.00015823632804015428 0.0007519560706790029 6.479553574160155e-05 8.119687368218996e-05 9.537912749188003e-06 1.6432576883476615e-05 1.5107344642561041e-07 0.00014136190668885966 2.737148269389051e-06 2.1346290604560517e-06 8.488522732745521e-07 1.0534196160610234e-06 7.949155327889126e-07 1.8303981417953398e-06 6.966643388145596e-06 5.736181148215303e-07 2.611421027478978e-07 0.0002779641464131489 0.0001374746873121963 0.00012394223609968452 7.451079357196322e-05 1.0480180937769965e-05 3.9941995336866e-05 0.0002628051647003868 1.0028145963964946e-05 0.00011337687997690343 2.5914406932588293e-05 3.417176921453743e-06 4.931076155023917e-06 3.728487312013422e-06 2.334530189238221e-06 1.1656261018215845e-06 3.993349203782555e-07 3.649938210985073e-07 2.304644823893362e-07 2.882094468472622e-07 1.966600831013407e-06 1.729381818982266e-07 4.1980731839223836e-07 1.2139018577399015e-05 1.1331052479017471e-06 0.0 2.0500402529153866e-06 0.0006825277504194971 4.539588639503838e-07 1.1834806054185307e-06 3.5376567998115624e-07 4.355280038821154e-07 8.776332033425863e-07 4.224192539547834e-06 9.653102131189814e-07 3.929769809388749e-06 1.4815231725833437e-05 5.256057411512176e-06 8.169184955101594e-07 2.554999851177848e-06 2.603709265223625e-06 1.2215505619664284e-06 3.282890822833145e-06 1.4495307355739047e-07 0.0 0.0 0.0 0.0 0.0 0.0 8.878434239719674e-08 7.86518956656521e-08 0.0 0.0 0.0 0.0 0.0 8.704951249663881e-08 0.0 6.167563419310284e-08 7.704056688430627e-08 0.0 0.0 9.33710577778207e-08 0.0 7.978314969641747e-08 0.0 3.2371545771840065e-06 4.341250444575381e-07 3.179099460115151e-06 7.070495360563463e-07 5.478407044162083e-07 0.0 0.0 0.0 0.0 0.0 0.0 0.0 0.0 8.320194718590626e-08 0.0 0.0 0.0 6.390258163249284e-07 7.321623895629213e-08 6.382746420332393e-07 1.0202131518609976e-07 5.727841439176575e-07 6.08995427432162e-07 7.96052293239006e-08 5.560176833731838e-07 1.0724160396278589e-06 0.0 2.667744246192615e-06 0.0 0.0 0.0 0.0 0.0 0.0 0.0 0.0 0.0 2.798453067982712e-06 0.0 0.0 0.0 0.0 3.6431791423339027e-07 3.7480725706629055e-07 1.5716062442877813e-06 7.194266817114887e-08 0.0 3.3902485374893436e-07 0.0 0.0 0.0 4.508709890705495e-07 5.3368411562636123e-08 0.0 3.528485313642056e-07 0.0 0.0 0.0 2.382168528993128e-06 2.2392663303533554e-06 1.3517578354363384e-06
0.000706343986465006 0.0019957004435951853 0.0 5.500212885377435e-05 0.0004835305633738021 5.982557149924251e-06 0.00020496273864312282 0.00240869471513883 0.00024712173510623266 5.686064186876494e-06 0.0016985423021903853 3.1855342172799974e-05 0.0004622497303216735 0.0007623183350474579 9.216750861430227e-06 6.7872243607924775e-06 4.80098554728667e-07 4.2272125980121654e-07 0.0 1.3696841667799923e-06 1.159512187147746e-05 1.7728604473646803e-07 1.3401052602989367e-06 1.6358551792074096e-06 8.96381843902755e-06 3.7689123108514676e-06 3.614400904401671e-06 2.0156708300217568e-06 1.1354148365814184e-06 5.250046404828728e-07 0.0027299860757788825 0.0014612151433360996 8.693027567656505e-05 8.559928678938324e-07 4.905886157901753e-06 2.3651022495350432e-06 8.14842713694752e-06 1.994687566259319e-06 1.5674757506504984e-06 9.046409882124851e-06 9.710793492341222e-06 1.3759043538810875e-06 9.366690591326983e-07 7.933499312289418e-07 1.0253967103289525e-07 1.5250948149906296e-06 3.19921423256158e-05 1.2084526958897568e-06 8.534002091962534e-08 1.865270686271821e-06 2.0202605942095329e-07 6.407960886086317e-08 6.470764652214399e-07 4.713533641105019e-07 2.7803862374427903e-06 2.748646532865731e-06 4.4866332362632953e-05 0.0003406233582555582 1.486815129826108e-05 2.031317376241426e-05 3.143148843260485e-05 3.2251198130606566e-05 9.656376227601386e-07 7.657830472111024e-05 5.045771439716616e-07 6.868884437277932e-07 1.1318143956568325e-07 4.426110229509432e-07 3.2995217433788813e-06 1.2288075868175638e-05 6.027687210628245e-06 1.5343035024704843e-07 5.599877970508934e-08 6.469544141911296e-05 3.832614088468529e-05 3.4239536257930804e-05 2.475037734547228e-05 1.4216378590239249e-05 0.0002145479479041074 0.0006276562595564915 4.055366145584675e-05 0.00027591212499257815 5.611437864840452e-06 5.209507285816554e-07 1.4711862271120594e-06 1.0350567385291604e-06 5.37090708115423e-07 2.5287045930602563e-07 7.432805684146163e-08 0.0 1.656554073300172e-07 1.7538173731396875e-07 1.237676438324162e-05 1.438051317047844e-06 4.0542165376371344e-07 2.55633238999748e-06 1.4943252222829736e-06 0.0 4.436724768871932e-07 8.760106915952368e-05 0.0 0.0 5.499654787059073e-08 0.0 0.0 3.0947491582173373e-07 3.038063624929377e-07 1.1244423701907852e-06 6.155435811680283e-07 8.366933323107892e-08 8.709625110115605e-08 6.314278517737158e-07 7.485756721827105e-08 4.165806641560682e-07 4.7072213399634715e-07 0.0 0.0 0.0 0.0 0.0 0.0 9.890581537735669e-08 0.0 0.0 0.0 6.337379534738209e-08 0.0 6.216294008885224e-08 0.0 6.83475431154439e-08 7.019179294577025e-08 0.0 2.8802908840620534e-07 0.0 1.1647147869798584e-07 7.819509249915226e-08 0.0 0.0 0.0 1.0694240507101455e-06 2.2313973297778503e-07 4.7217947847286694e-07 1.5665840185316345e-07 0.0 0.0 0.0 0.0 1.1966340389370974e-07 0.0 0.0 0.0 0.0 0.0 0.0 7.268928390983633e-08 0.0 1.3230589348927913e-07 7.09884061902098e-08 0.0 5.8799690497623596e-08 5.840242701695351e-08 7.067966072104289e-08 0.0 0.0 0.0 0.0 3.649345843390292e-07 0.0 0.0 0.0 0.0 0.0 0.0 0.0 0.0 0.0 8.660345393239635e-07 0.0 0.0 0.0 1.2564991262994514e-07 7.895144585427318e-08 0.0 9.772371760141811e-07 3.299239640770935e-07 0.0 1.6937941289063088e-07 0.0 0.0 0.0 1.6173690839390502e-07 0.0 0.0 1.871571344292464e-07 0.0 0.0 0.0 4.7525094158471325e-07 6.48972163672461e-07 6.77538719601691e-07
0.0008053636658238579 0.0005738718331619229 5.500212885377435e-05 0.0 4.893678822010357e-06 0.00010971199018111995 0.0005695647994409304 2.638741275994716e-06 2.585371462176226e-06 0.000717239221581959 3.861729931956606e-06 3.9214324973769256e-05 7.932349801082877e-05 4.737826086990821e-07 1.002159855288723e-06 5.763666340129525e-08 9.269754500806364e-08 0.0 0.0 0.0 1.3541152864795734e-07 0.0 0.0 0.0 0.0 7.163588683735895e-08 7.399154963793689e-08 0.0 0.0 0.0 4.805810204964849e-05 2.1826610578908614e-06 9.457171125857177e-08 6.875234555354348e-08 0.0 0.0 1.1140831879709246e-07 0.0 0.0 0.0 0.0 0.0 0.0 0.0 0.0 0.0 1.1728891754279357e-05 6.873903584911471e-07 2.399118123174912e-07 7.477458005564032e-08 0.0 0.0 0.0 0.0 2.685066772028758e-06 9.386564221205527e-07 4.0792669013460866e-05 0.0001086900399029812 1.4995323762707697e-05 1.444126905186515e-05 3.9238271663425994e-07 5.564697276644172e-07 0.0 1.0243627293698446e-05 2.31835737151075e-07 3.9263477578839344e-07 1.9930052354498686e-07 1.9595156035137573e-07 6.600717320971638e-08 0.0 6.932294153827528e-08 0.0 0.0 5.963708147420819e-05 1.5896425222621825e-05 1.1113941620491977e-05 3.3245188057304855e-06 4.134309825286755e-07 0.0 0.0 0.0 4.928378634949571e-07 4.371724957701057e-06 1.0769130839224794e-06 1.0737624788583053e-06 5.687561908504147e-07 2.192098156725784e-07 3.119221112396048e-07 5.461624337970524e-08 6.689180610295159e-08 7.155627583777661e-08 0.0 6.746716584885881e-08 0.0 0.0 8.99473965614604e-06 1.9092383403899164e-06 0.0 0.0 0.00017734209592731788 0.0 4.5971454280664704e-07 0.0 0.0 0.0 3.434519982764984e-06 3.2828204950604686e-07 8.934747173595079e-07 1.5511404197756294e-05 1.6655165207433912e-06 0.0 2.0888179089375998e-07 7.839577045813373e-07 0.0 7.717539744907081e-07 0.0 0.0 0.0 0.0 0.0 0.0 0.0 0.0 0.0 0.0 0.0 0.0 0.0 0.0 0.0 0.0 0.0 0.0 0.0 0.0 3.757736116717519e-07 0.0 0.0 0.0 3.8766423317656864e-07 0.0 1.9498405755732334e-07 0.0 0.0 0.0 0.0 0.0 0.0 0.0 0.0 0.0 0.0 2.3369249490817996e-07 0.0 0.0 0.0 5.926262352542674e-07 0.0 1.595741510484338e-07 0.0 0.0 6.214497948774358e-08 7.949594619958136e-08 0.0 0.0 0.0 1.0835437166864511e-07 0.0 0.0 6.245023641795739e-08 0.0 0.0 0.0 0.0 0.0 0.0 3.7230708862414846e-07 0.0 0.0 0.0 0.0 2.912828789803944e-07 0.0 0.0 1.9646267039527568e-07 0.0 0.0 0.0 0.0 0.0 0.0 0.0 0.0 0.0 0.0 0.0 0.0 0.0 4.6166960993668656e-07 0.0
1.8985961550891002e-05 0.0008429019426318519 0.0004835305633738021 4.893678822010357e-06 0.0 4.5554934455846235e-07 0.001956547329781565 0.0003913434036729998 0.0016936258866007674 1.9738967266899616e-05 0.0010500398840075904 1.4941715751058613e-06 0.0007219140605590901 0.001444905124083283 1.1946228757098193e-05 3.5169725243582215e-06 1.8895686874360404e-07 1.031408918945991e-07 0.0 1.2272450399278366e-07 3.486684115502467e-07 5.670516975582037e-08 6.115566599637101e-08 8.188046029220137e-08 0.0 1.6058877843380641e-07 0.0 1.6224183776304915e-07 1.3714453121858746e-07 0.0 7.058008907354458e-05 1.4629808478324337e-05 4.86931927793766e-06 3.030164722591416e-07 1.3006611956185038e-07 0.0 1.3570769632184842e-06 4.033573181670814e-07 3.421889390357581e-07 2.0281396597573686e-07 3.9854802520661385e-07 0.0 6.200898509947955e-08 5.21009462092517e-07 2.0338567106178845e-07 5.211675017017283e-07 5.000431208709833e-05 1.4614635273584195e-06 3.7286958377192754e-07 3.29218746644498e-07 1.024208115271362e-07 5.4838874704546744e-08 1.2652598541079118e-07 0.0 1.9417183871986393e-06 2.0607061382944944e-06 1.5713094096873255e-05 3.596802691644555e-05 6.331620767987522e-06 1.766532039824451e-05 1.9246948838729557e-06 1.941166357667719e-06 3.060494441806903e-07 4.417931751067016e-05 2.3483388719990844e-07 2.6643832538912964e-07 9.464598195972864e-08 4.131808581944655e-07 1.8754652671068206e-07 7.271500822018373e-07 6.213229596139917e-06 0.0 0.0 3.9655682199208364e-05 3.0446942914061202e-05 4.3043367412997156e-05 3.847681314424539e-05 5.436956776429085e-06 1.2083159906017485e-05 4.678909263179052e-05 3.318904642339541e-06 3.0700608217912644e-06 4.734524653918969e-06 3.3280547282280745e-07 1.1530147354656951e-06 8.491034383073569e-07 4.7354155261178665e-07 3.9492480128883706e-07 1.5739572947903592e-07 2.324919684610603e-07 1.0986994152150111e-07 0.0 4.544373458946636e-07 6.82631341533239e-08 1.0277649592308514e-07 8.642377336233988e-06 6.07497612972241e-07 0.0 1.9490397946485037e-06 5.671031901520786e-06 0.0 1.4436114080850156e-06 5.493475187203192e-07 7.542276427367072e-07 4.279211909498887e-07 4.7392642445030994e-06 2.8382704063311264e-07 3.472102872826668e-06 3.467002179373621e-06 2.350569582565508e-06 1.9520980609204175e-07 3.6653983016379727e-06 5.7799166776875694e-06 3.2762989108971887e-06 4.520148047730913e-06 0.0 0.0 0.0 0.0 0.0 0.0 0.0 0.0 0.0 0.0 0.0 0.0 0.0 0.0 0.0 0.0 0.0 0.0 0.0 0.0 0.0 3.95635886698019e-07 0.0 0.0 4.030100087075743e-06 1.03939489795233e-06 6.015962964093219e-06 8.491453252043389e-07 1.286726441750348e-06 0.0 0.0 0.0 0.0 0.0 0.0 0.0 4.7362742246066713e-07 0.0 0.0 0.0 0.0 6.282571363085176e-07 0.0 5.09077652375691e-08 0.0 0.0 1.2113472206967752e-07 1.9673553863540535e-07 0.0 0.0 6.715533248526848e-07 1.5384748765075164e-06 0.0 0.0 0.0 0.0 0.0 0.0 0.0 0.0 0.0 2.780554938105217e-06 0.0 0.0 0.0 3.3625451408837426e-07 1.0620533884126805e-06 0.0 1.6148872474270933e-06 1.751075054166657e-06 2.9004685151922256e-07 2.1889139610379368e-07 0.0 2.934683264867874e-07 0.0 2.091529246362309e-07 0.0 0.0 0.0 6.100740309086437e-08 0.0 0.0 2.59963588297545e-06 2.2193707627438583e-06 1.4782551601055349e-06
0.0001301414523032526 7.511483866978869e-05 5.982557149924251e-06 0.00010971199018111995 4.5554934455846235e-07 0.0 3.930768823363648e-05 1.0333040652893069e-07 1.2009939308830453e-07 0.00036788251207655617 2.1032448643822204e-06 0.00010964235486388214 5.50211424708546e-05 6.647206607329669e-06 1.0183099926270891e-07 4.449379224058392e-07 0.0 0.0 0.0 0.0 0.0 4.726415662384307e-06 0.0 1.882040185851629e-07 9.810176089366566e-08 2.3776665890177906e-07 0.0 0.0 1.080601617784494e-07 0.0 6.861191964590907e-07 0.0 2.0982421246079404e-05 0.0 0.0 0.0 7.403849071451889e-06 5.018193806406046e-07 3.874087597492973e-06 2.5469379256036005e-07 0.0 0.0 0.0 0.0 0.0 0.0 6.792828913600618e-07 0.0 0.0 0.0 3.580349774043195e-07 2.4813524429760893e-05 3.9145220994238243e-07 6.577086231714254e-07 5.125023960163085e-07 4.1720556213229126e-07 6.370639564134663e-05 1.41416519409499e-05 1.0144610690336834e-06 1.5900953834773832e-06 4.4131493301168956e-07 7.525961263569768e-06 0.0 3.394403426469754e-06 7.482043431064705e-08 7.593628795656624e-08 1.4280809114848978e-07 6.371322432442778e-08 2.3696046438999077e-07 0.0 0.00010572957096075012 0.0002498450694356229 1.1042157236225485e-05 4.600088474834753e-06 0.0 5.706988526577623e-07 5.607540834588037e-07 1.0735350300272905e-07 9.124821830804531e-08 7.400231114543902e-06 2.0337185371142522e-07 6.087681408133226e-06 2.626320069213132e-07 8.722190446323767e-07 1.4618337473333393e-07 3.12330856606185e-07 2.4067350108512866e-07 1.460184538100308e-06 8.770865678550897e-07 4.394856194048641e-06 1.2221636213853917e-06 3.3412382491736346e-06 8.728394817737763e-08 0.0 7.120105071726406e-07 0.00027627830879633244 0.00021477469580751766 9.665029807427717e-06 1.2952719169335843e-05 0.00023210424686731328 0.0 6.215472980754022e-07 5.622828159502306e-07 1.5915775923442852e-07 0.0 8.150668337560345e-07 0.0 1.1912460931281251e-06 3.332993004297538e-06 1.8730881160789094e-06 0.0 1.2115866400045894e-06 1.0014920688041941e-06 6.684246721771882e-07 6.021855453284532e-07 3.1826829127344987e-07 0.0 0.0 1.0672519466209523e-07 0.0 0.0 0.0 0.0 0.0 0.0 0.0 8.199157074644838e-08 1.2306286295578067e-07 0.0 0.0 0.0 5.997577029957267e-07 1.5610745699401891e-07 7.851853478228407e-08 0.0 0.0 0.0 7.992973184926322e-08 0.0 9.068418409896334e-07 0.0 0.0 8.256881596459941e-07 6.734290936813112e-07 0.0 8.233510877287727e-08 0.0 0.0 0.0 0.0 0.0 0.0 2.653260677721594e-07 0.0 0.0 9.981789730678026e-08 1.4251710058366698e-06 8.06173942111886e-08 0.0 0.0 0.0 0.0 0.0 0.0 0.0 0.0 3.455629522842888e-07 0.0 0.0 0.0 0.0 0.0 1.4206860395088442e-07 8.640787539653155e-08 0.0 3.0426716233291607e-07 1.0985999381098502e-06 1.6643639006330157e-06 0.0 0.0 5.377185425228937e-07 0.0 0.0 0.0 0.0 1.9472512392937047e-07 0.0 0.0 0.0 0.0 0.0 0.0 9.983602402879146e-08 1.0006419597432316e-07 0.0 0.0 0.0 3.9775003902177394e-07 1.1817200170062633e-06 1.0212276326691034e-06
0.00034078278723648144 0.001626763929253046 0.00020496273864312282 0.0005695647994409304 0.001956547329781565 3.930768823363648e-05 0.0 2.663522777420244e-05 0.0011294844448443396 0.0009285010724614115 0.0005671215155791189 0.00016181785379383828 0.0008993724501668813 0.0014626579935879812 2.5981576624759823e-05 9.167496370501888e-06 2.1320522907342076e-07 2.5326641824902e-07 0.0 1.6628141929346898e-07 1.324669696908705e-06 0.0 9.680902757382487e-08 2.10124360586946e-07 5.48174109067583e-07 8.138150101513961e-07 4.28814765056407e-07 4.772770156287658e-07 4.93697627111902e-07 7.244657149942446e-08 0.00022514573627973637 2.970114184205161e-05 8.931380674874435e-06 7.286760639265548e-07 3.543443035142073e-07 1.7731766633885525e-07 2.5293554058972736e-06 1.8563647541368244e-06 1.0132427041331775e-06 7.341228507363844e-07 1.3610331031967455e-06 5.8661722202164825e-08 6.138691117859949e-08 1.3403112502180716e-06 3.5028597963725515e-07 1.6942080240208676e-06 0.00013670323070877886 4.1995686775755786e-06 3.1247924654532285e-07 6.222433739724497e-07 1.300755982251123e-07 0.0 6.757684815193504e-07 2.9862925342472764e-07 8.296358826689971e-06 5.538233523072326e-06 7.541740392347522e-05 0.0002156798533144752 3.670292343619819e-05 5.826124631945482e-05 6.415982156012625e-06 6.151482451784184e-06 1.0655750538281056e-06 0.000123128545040156 2.0530465819757146e-06 2.201720543883842e-06 2.560569611428729e-07 8.733634564158043e-07 8.836342183423396e-07 1.4677563483811909e-06 1.1030172145672127e-05 8.668604777936083e-07 8.286651976824796e-08 0.00016872320521867288 0.00011191180130692052 0.0001207863626136905 8.729576747927026e-05 1.3595686619375517e-05 8.480102836169959e-06 7.386885024751585e-06 7.4790174117915155e-06 9.944288039536313e-06 1.9261572911282753e-05 2.9215637297852416e-06 3.638630825311307e-06 3.437902179910919e-06 1.2754617344908048e-06 9.554975051516241e-07 7.552092560356566e-07 1.6426191191097516e-07 1.459023616830715e-07 4.651343447416334e-07 1.6986978225125929e-06 2.5985415273286806e-07 2.497942812920928e-07 3.9025754433842214e-05 2.955278738926995e-06 0.0 1.253787148820677e-06 7.094934124274442e-05 6.49571464371968e-07 2.0818967453728324e-06 2.91556638410307e-06 5.409822075189655e-07 2.141269919427346e-06 2.6130904761010285e-05 1.7359422754367369e-06 2.1676822546711316e-05 3.5034309249213535e-05 2.0915906905754266e-05 6.922524876704369e-07 1.6724332117471536e-05 2.0521381082900125e-05 1.0236838548036635e-05 2.2793030445455124e-05 0.0 0.0 0.0 0.0 0.0 0.0 0.0 0.0 0.0 0.0 0.0 0.0 0.0 0.0 0.0 7.508682872148702e-08 0.0 0.0 0.0 1.2263311550980295e-06 2.325293925688546e-06 0.0 1.4720441243118057e-07 0.0 1.7614846189018908e-05 2.801790392941328e-06 1.1488689054489722e-05 3.7260552384835904e-06 5.515693369325483e-07 0.0 0.0 0.0 0.0 0.0 7.320078971235697e-08 0.0 1.1689437365673424e-06 1.4366146008786914e-06 0.0 0.0 0.0 2.196497223889276e-06 7.603918031204702e-08 1.7960176034589678e-07 0.0 4.91337943208301e-08 9.538253565763171e-07 4.394398403928544e-06 2.0245208331576e-06 0.0 6.641196294445279e-07 8.75378791232099e-06 0.0 1.887556572433709e-07 0.0 0.0 0.0 0.0 0.0 0.0 0.0 1.7356868767638722e-05 8.290995354398668e-07 0.0 0.0 0.0 3.6676598520613587e-06 7.393172070630035e-07 6.8792978530865575e-06 6.730853993057976e-08 1.2262564544368899e-06 2.9498033842078395e-06 0.0 0.0 0.0 2.194431911110864e-07 5.946518060497035e-08 0.0 1.1664930623823361e-07 0.0 0.0 0.0 1.1824606245427785e-05 8.8354829963437e-06 6.850346468314805e-06
4.341698562550224e-05 0.0006143253091095633 0.00240869471513883 2.638741275994716e-06 0.0003913434036729998 1.0333040652893069e-07 2.663522777420244e-05 0.0 0.00028226895814003646 2.510769657631033e-06 0.0020400481544885847 2.8016280322342874e-05 0.00016724739128340453 0.00048802706786343615 1.996587321969089e-05 2.1110987161971883e-05 1.1256460627068707e-06 1.4892209181432512e-06 2.2673961690875654e-07 3.1697648578770882e-06 4.540909581618701e-05 3.5185032551863883e-07 5.920516631168744e-06 9.11053848688014e-06 3.746337139795553e-05 1.62157767540993e-05 1.0748236425715668e-05 5.457149202091401e-06 3.0479793816013e-06 1.941064095594486e-06 0.00047072862754516515 0.0011265390897870291 0.00017514981740237922 2.6928246572641077e-06 1.8383792441760083e-05 9.60151961704754e-06 1.0122040693458439e-05 3.873314470812605e-06 4.143189236708254e-06 2.302544272962797e-05 3.841328659584223e-05 5.415296061854319e-06 2.2538509589640204e-06 2.1276518164289537e-06 4.4720401672450094e-07 6.211007367511341e-06 5.628224894572795e-05 1.1413628736709914e-06 1.206212975707326e-06 2.6501860045676024e-06 2.7969970817888663e-07 0.0 3.2731598023766518e-06 9.687038872649173e-07 1.6977268360654964e-06 1.159622419115573e-06 1.8965234426016626e-05 7.533254934692e-05 8.10646889103823e-06 1.3438143740978204e-05 0.00020475038291725765 0.00012687014579940956 3.199820585093399e-06 9.47080272275876e-05 5.328098799472608e-07 3.0290822983341767e-07 6.416119865354912e-08 5.226130760237131e-07 6.150132054967531e-06 3.3553435603495985e-05 9.165660607495316e-06 1.0956319927498232e-06 0.0 3.622806538520568e-05 3.4174519790696496e-05 4.394324715627728e-05 7.001459282462764e-05 7.202174035758387e-05 0.001971264050952279 0.0013791305421578985 0.00036837548758587656 0.0013324101419655318 3.6046613482623333e-06 3.7891649699986766e-07 7.072026897566596e-07 5.033203855990359e-07 1.109792382776793e-06 1.733439224308345e-07 0.0 0.0 1.30993318493404e-07 8.581945561614021e-08 4.537710222512589e-05 4.1064242526819865e-06 7.938425725372082e-07 3.4475154499629728e-06 1.6656237957591535e-06 0.0 3.0439335949665797e-06 1.4337311890714613e-05 0.0 2.3165866692670638e-07 0.0 0.0 0.0 1.5787299385481834e-06 0.0 1.7013699651761228e-06 1.0004005372127689e-06 1.2174226041158633e-07 2.834752942797353e-07 1.182882071806721e-06 5.620415106815814e-07 5.477753407269723e-07 1.6926617169151343e-06 1.5331790593967228e-07 0.0 0.0 0.0 0.0 0.0 0.0 0.0 0.0 0.0 2.5036775996307446e-07 0.0 2.784141766887613e-07 1.6271471068391417e-07 0.0 8.095048127848484e-08 1.420377298925586e-07 7.605968354014612e-07 1.6952806178294044e-07 3.209401310106285e-07 4.397104200732563e-07 0.0 0.0 1.383152145341588e-07 3.084420639961719e-06 3.668789366708556e-07 2.0164730620614294e-06 9.464286670421534e-07 5.28026389471683e-07 0.0 2.7477792693786275e-07 8.154686020447083e-08 0.0 0.0 1.286485024105794e-07 0.0 0.0 7.772700288309829e-08 0.0 0.0 2.5722867049931277e-07 0.0 7.104383194074758e-07 5.865801868322022e-08 0.0 4.938921009437649e-08 0.0 0.0 0.0 0.0 2.8024525899460783e-07 7.252690952225078e-07 0.0 0.0 0.0 0.0 0.0 0.0 0.0 0.0 0.0 1.4659196130787492e-06 1.102837389178817e-07 0.0 0.0 0.0 7.552645889539252e-07 0.0 1.1586189853474855e-06 3.6091204485884527e-07 0.0 0.0 0.0 1.7433458443306294e-07 0.0 1.1948073930365302e-07 0.0 0.0 1.2476142475458956e-07 0.0 0.0 0.0 3.669895389905773e-07 1.1137871898380729e-06 8.84729194499538e-07
1.7199299060715649e-06 0.00020769325494100885 0.00024712173510623266 2.585371462176226e-06 0.0016936258866007674 1.2009939308830453e-07 0.0011294844448443396 0.00028226895814003646 0.0 1.6674147051448597e-05 0.0008640627739553248 7.284966807129136e-06 0.0008944953075716164 0.0007100790895712785 2.6613751610178563e-06 1.628064739161073e-06 9.510755865922174e-08 0.0 0.0 0.0 7.685396913758675e-08 0.0 0.0 8.778438251033567e-08 0.0 0.0 0.0 0.0 0.0 0.0 1.2945974005981398e-05 2.850717821128038e-06 6.867802076537505e-06 5.810355108376034e-08 7.909353297093292e-08 0.0 5.243533048536032e-07 7.180347351255676e-07 0.0 0.0 0.0 0.0 1.2700648523544584e-07 1.79224245708992e-07 0.0 5.05158713707778e-08 1.079494668218951e-05 3.076468872089484e-07 0.0 9.04110080465731e-08 0.0 0.0 9.337891431932853e-08 5.910888058450022e-08 5.6753609145225e-07 4.783582037510544e-07 2.45999725649948e-06 5.6898768032808805e-06 1.4353606079305017e-06 3.3629984506253804e-06 8.727305406630798e-07 1.0678190149794603e-06 1.3930913055171323e-07 8.917925956669587e-06 0.0 0.0 0.0 4.8784955083247065e-08 0.0 7.295322070850062e-08 1.6368562091083197e-06 8.076142103368074e-08 0.0 8.421156910419024e-06 6.1124494728206945e-06 9.61592559728526e-06 8.103555794891483e-06 2.411641621345182e-06 3.2939758459070584e-06 2.5225992380102156e-05 7.420103444770684e-07 2.7046271467442242e-06 9.709314513060103e-07 4.868485258174698e-08 2.728446998205969e-07 2.3125070330554995e-07 1.5845454991038996e-07 5.427440076366398e-08 1.197779247123675e-07 0.0 1.078067736570957e-07 6.364011158367967e-08 1.4144917819262701e-07 0.0 0.0 3.5321070033844387e-06 0.0 0.0 6.903421852377196e-08 5.832618240860185e-07 1.6742139467161708e-07 3.700705149670478e-07 7.338505199462331e-08 2.1786572656431186e-07 0.0 1.3409641004790992e-06 3.175892965139093e-07 1.1089568874693438e-06 1.8010849847851493e-06 1.967722230165925e-06 0.0 1.2751304552098009e-06 2.4431689110329053e-06 1.130370765926589e-06 1.6086856121220838e-06 0.0 3.8140159241305976e-07 0.0 0.0 0.0 0.0 0.0 0.0 0.0 0.0 0.0 0.0 0.0 0.0 0.0 0.0 0.0 0.0 0.0 2.1846550119698197e-07 8.064844611659829e-07 0.0 0.0 0.0 1.1938022247707838e-06 3.262831264577398e-07 7.87765596311819e-07 6.161331393651929e-07 0.0 0.0 0.0 0.0 0.0 0.0 0.0 0.0 2.6325200921682054e-07 0.0 0.0 0.0 0.0 0.0 6.675641756739087e-08 0.0 0.0 0.0 0.0 0.0 1.3106501432057173e-07 1.0201680060627808e-06 0.0 1.0544555753246437e-06 0.0 0.0 0.0 0.0 0.0 0.0 0.0 0.0 0.0 2.2617042024833306e-06 0.0 0.0 0.0 0.0 8.25595947887364e-07 0.0 0.0 0.0 0.0 0.0 0.0 0.0 0.0 0.0 0.0 0.0 5.0018803429050404e-08 0.0 0.0 0.0 1.3403461698089645e-06 1.6942307434972423e-06 6.941745749154153e-07
0.0009079797265765996 0.0005171372478502136 5.686064186876494e-06 0.000717239221581959 1.9738967266899616e-05 0.00036788251207655617 0.0009285010724614115 2.510769657631033e-06 1.6674147051448597e-05 0.0 6.724368320325098e-06 0.0009948987652929812 0.0022845436632739817 4.708663004092565e-05 2.8797645739555714e-06 1.596753475049361e-06 0.0 0.0 0.0 0.0 2.7882322986760205e-07 1.8336933844206182e-07 0.0 1.654050387003624e-07 4.6888889700467666e-07 2.6067305060779105e-07 0.0 0.0 1.1041324481912927e-07 7.751252614020741e-08 5.110881048986607e-05 1.1664201206483998e-06 5.245339240067589e-05 1.705914798545674e-07 2.7083804237850456e-07 2.3099566863289762e-07 3.7032335000351434e-05 0.0 7.698229948915351e-07 7.720544872033819e-07 1.5200490098381413e-07 1.5836638857023635e-07 0.0 2.4019868845843117e-07 6.511881236799215e-08 2.1223260584684344e-07 2.0361266599186673e-05 8.000594958511594e-07 1.4117877733649078e-07 1.3604013991494275e-07 0.0 1.9120097891517967e-06 0.0 6.66177066137796e-08 3.727580433576975e-06 2.2138122596270784e-06 7.59755026962266e-05 0.00015821099674743266 2.1593700215410897e-05 2.6320321442640275e-05 8.816530946601475e-07 4.2623893440625385e-06 0.0 1.3878830101810176e-05 6.342457410996702e-07 3.983570741150663e-07 3.351994460350538e-07 2.0957367468097317e-07 1.840956874306408e-07 9.978135070822399e-08 0.00018504916034706468 1.3197608213074439e-05 7.952833635543819e-07 8.550125948485531e-05 2.640304592415094e-05 2.1973463738463216e-05 5.227685177951634e-06 1.2306384697783276e-06 2.0365004563789e-06 4.008748249889684e-06 1.5999199397738183e-06 4.1205842616080625e-06 7.022825399206169e-06 9.62916166618102e-07 9.058663253049881e-07 8.626268133040368e-07 4.4553609934629967e-07 6.489130588325233e-07 7.502875969423549e-08 5.694126517981181e-07 1.9760182005481995e-07 3.9978801513990185e-07 4.454661135872462e-07 1.3008140268488304e-07 1.7126652679971848e-07 0.0001923868217305167 3.140448064773495e-05 1.3640133561612858e-06 2.9770553228312758e-06 0.0003616380336386766 7.550076780922564e-07 1.0448947779797897e-05 1.3507398875872791e-05 9.437825056877788e-06 5.529264538283002e-06 4.3963279138463204e-05 5.651295516823183e-06 3.5883089587251376e-05 3.665022228832783e-05 5.195613479773689e-05 2.192288267441002e-06 2.237682914769543e-05 3.535279007263813e-05 1.1473893212923313e-05 2.2616406157991606e-05 9.046116092422824e-07 7.63945910970977e-08 0.0 0.0 0.0 0.0 0.0 0.0 0.0 0.0 0.0 0.0 0.0 0.0 0.0 0.0 0.0 0.0 0.0 8.976159941977289e-07 3.928558494854783e-06 9.464819332209586e-07 7.212861706916678e-07 0.0 1.688602216022729e-05 1.995187536430932e-06 9.218149472395883e-06 4.8999247383077085e-06 3.0209859466458343e-06 0.0 0.0 1.560243769991191e-07 0.0 0.0 0.0 0.0 1.3266538107671424e-06 1.22560507483444e-06 0.0 0.0 0.0 1.0937902445048526e-06 7.803062791974025e-08 4.240911855957352e-07 3.8288690871802e-07 1.2248464495316817e-07 2.837644032810416e-07 2.401449884109162e-06 5.443352396975069e-06 3.753379449471444e-07 5.555451182645794e-07 6.526734092036556e-06 2.8732462828948893e-07 5.061575400637747e-07 6.576741188827889e-08 0.0 0.0 0.0 0.0 0.0 0.0 1.818121982991208e-05 2.5410708284808294e-07 0.0 0.0 1.078429440406668e-07 4.499135615092354e-06 0.0 4.211637307399272e-06 1.3581823219320904e-06 1.2371535654545903e-06 2.872764708170277e-06 5.865693889735378e-07 0.0 0.0 2.8914229388950176e-07 0.0 0.0 5.1379441110754135e-08 0.0 0.0 0.0 1.2359781017657535e-05 3.048006786664308e-06 1.4706943284619463e-06
5.047452314525214e-05 0.0007076559121822201 0.0016985423021903853 3.861729931956606e-06 0.0010500398840075904 2.1032448643822204e-06 0.0005671215155791189 0.0020400481544885847 0.0008640627739553248 6.724368320325098e-06 0.0 0.00011507364636054141 0.001475722366285224 0.0013960420348836803 1.2920186559919197e-05 1.0827023201782355e-05 3.8106360966504783e-07 3.6216634561929517e-07 0.0 4.2443053151232964e-07 4.732073090498543e-06 2.9882829558141013e-07 5.348239248836068e-07 1.120911910139344e-06 9.085819520691186e-06 4.074806441760112e-06 2.8715962674868892e-06 1.3190365908489633e-06 1.6175561360752975e-06 8.697095880774203e-07 6.0883404219683285e-05 3.0334591390095004e-05 0.0002605842004277714 5.572423559820769e-07 2.738658464742119e-06 2.673011070320008e-06 0.00013641212172906797 1.896586675057437e-06 2.6928240465254955e-06 9.200499102072691e-06 7.212711059687627e-06 1.246522970021733e-06 4.795105258209875e-07 8.85502101314005e-07 5.7611315305932965e-08 3.2904755416853353e-07 2.3086350210995958e-05 4.0193200082338734e-07 1.5013440893679722e-07 3.7623434310900563e-07 0.0 1.4944612117853288e-07 1.5367462419394408e-06 5.095273221151999e-07 5.841312422589456e-07 3.927667295299989e-07 4.652421078596945e-06 1.1390769450051591e-05 1.7033440384917754e-06 5.356016247747026e-06 1.7012982483395467e-05 8.162088535450428e-05 9.633624895100156e-07 2.0693441740902558e-05 0.0 5.358853153030411e-08 5.6903244502541056e-08 0.0 5.316546409897157e-07 2.199639518022415e-06 6.303940345414149e-05 5.821836017104309e-07 0.0 1.083519472317909e-05 1.1627103755900863e-05 1.9286272504842928e-05 2.4837679689096658e-05 9.870115462087801e-06 0.00028779642286583056 0.0006590902226286642 2.515778461795438e-05 0.00035354373165751956 1.002485960392204e-06 2.494598896871209e-07 2.8925296461194804e-07 1.640022160812342e-07 1.7188489231574496e-07 5.865258555252576e-08 6.554765836377823e-08 0.0 4.991278604623853e-07 4.0276178938924363e-07 4.102059738666221e-06 4.175432272962248e-07 7.10204440720351e-07 2.907345371380743e-05 3.0906312653391015e-06 0.0 2.095332985070227e-06 3.6291464601937055e-06 0.0 2.2883287220015522e-07 7.553293174750044e-08 1.4984428855234906e-07 7.952251821512259e-07 2.8605818311388237e-06 0.0 2.6391896802838203e-06 3.328055563718496e-06 2.6064643999356954e-06 4.121387280279067e-07 2.320631444518643e-06 3.887138407381048e-06 2.2112788181453415e-06 4.685881028636502e-06 0.0 1.0316934742802047e-07 0.0 0.0 0.0 0.0 0.0 0.0 0.0 0.0 0.0 0.0 0.0 0.0 0.0 0.0 5.964677518097843e-08 0.0 0.0 6.094353058102395e-07 2.2220401790702234e-07 0.0 1.6538123455221185e-07 0.0 6.598568493352439e-06 0.0 2.5679150086912825e-06 8.537541346649994e-07 4.7232547431664494e-07 0.0 8.246299255237074e-08 0.0 0.0 0.0 4.533323731678601e-07 0.0 0.0 3.2378192220291144e-07 0.0 0.0 0.0 2.7581940727853817e-07 1.5004229489634522e-07 0.0 0.0 0.0 7.838692794021033e-08 1.4876698961354322e-07 1.0499013023791018e-07 3.967671700442377e-07 0.0 3.6418516311145263e-06 0.0 0.0 0.0 0.0 0.0 0.0 0.0 0.0 0.0 4.901814295171245e-06 1.6772656365547068e-07 0.0 0.0 0.0 1.448588111827961e-06 2.3155732340434623e-07 1.6057746560034422e-06 6.565458452564512e-07 6.986282469967493e-08 5.187013489573334e-07 0.0 0.0 0.0 0.0 0.0 0.0 5.8504337304745815e-08 0.0 0.0 0.0 2.888305699702707e-06 2.0317654048041367e-06 8.078624340524568e-07
3.9197717666821225e-05 3.04289119509785e-05 3.1855342172799974e-05 3.9214324973769256e-05 1.4941715751058613e-06 0.00010964235486388214 0.00016181785379383828 2.8016280322342874e-05 7.284966807129136e-06 0.0009948987652929812 0.00011507364636054141 0.0 0.0009335065755543011 0.0001690500612179489 1.6684834649806844e-05 1.7434116990537096e-05 4.982947152771162e-07 1.3699157295462995e-07 0.0 5.539425645756142e-07 5.2347870810583516e-06 2.3906878782443054e-07 1.0607020632733367e-06 1.5325221831467631e-06 8.368577538942033e-06 4.9528123520052475e-06 2.4222029873611467e-06 1.324513597005326e-06 9.160609403413495e-07 2.486729065691191e-07 9.706067372207924e-06 9.665102446235299e-06 9.258580143285569e-05 3.328993604481894e-07 4.204729668030333e-06 2.061609977695607e-06 0.0003656345062085812 1.6938966108454418e-06 2.3372746091520777e-06 4.894204448089593e-06 8.193954114232655e-06 1.0026417182819604e-06 0.0 1.0724702585588986e-06 1.593642768317247e-07 8.728139235843313e-07 2.381782828993046e-05 2.6817691743953905e-07 8.456343501575823e-08 1.9545468784600423e-07 1.6260243738334947e-07 5.241238576858492e-07 6.538010002685203e-07 2.605919200905414e-07 5.436214387001595e-07 3.4618767436779154e-07 9.063221937971159e-06 7.5003241666961745e-06 3.2427032058789034e-06 4.054618980181236e-06 2.0856789489486923e-05 1.842414575942868e-05 4.6622842677750353e-07 1.860459183414759e-05 6.170814014500053e-08 2.6834157256939806e-07 0.0 7.062058519655844e-08 7.602013113043588e-07 2.7553434722993557e-06 0.00024117841006537487 3.210103796315806e-06 2.1872036974873176e-07 9.286388162346989e-06 9.37938227225334e-06 1.950137694044996e-05 3.1876499311402355e-05 1.2001848072688731e-05 1.8922000747790894e-05 3.970593040094608e-05 2.4466667200209556e-05 4.4435008693129296e-05 2.0023870990847007e-06 4.373051750691825e-07 2.1500651222089898e-07 1.3196814526489434e-07 1.1035829300175465e-07 9.165180415482928e-08 0.0 1.657791283151297e-07 5.6734025933771346e-08 1.5475649341193303e-07 5.434782561627249e-06 1.0894762116998202e-06 0.0 0.00028253593992507234 1.7297238951447524e-05 0.0 1.988501209191433e-06 6.370900837135796e-05 1.2544849152422032e-06 8.754160912378072e-06 6.270743652543329e-06 2.1233482101535097e-06 9.177220037665494e-06 5.1260792681145326e-05 7.5461763451916445e-06 6.204818137040432e-05 4.6169363209409215e-05 6.710480431117905e-05 4.888771483516035e-06 3.8920602433442514e-05 5.5116965605073275e-05 2.8036858426995866e-05 4.8653778323304085e-05 1.5099779301223545e-07 1.4904662972340534e-07 0.0 9.507455923052535e-08 0.0 0.0 0.0 2.5787112843211485e-07 0.0 1.9013852581056003e-07 0.0 0.0 0.0 0.0 0.0 1.760322325669079e-07 0.0 2.1030305293306873e-07 0.0 6.701935578399462e-06 5.325431381482982e-06 1.081129784536357e-06 0.0 0.0 3.6617494047118915e-05 3.4930470248883785e-06 1.8412751389918807e-05 1.0175288579420383e-05 2.527012549063917e-06 1.2788012483366076e-07 0.0 3.7490294270614694e-07 0.0 3.9303744308430463e-07 6.769124144837056e-07 0.0 0.0 1.1187351497789712e-06 0.0 3.526223382117775e-07 7.76064430810427e-08 9.749061186508126e-07 3.450559122025008e-07 4.549117383331959e-07 0.0 1.1680322214033512e-07 2.661570338420601e-06 4.650907077120845e-06 4.392378881888324e-06 7.293191521416048e-07 6.95356417646909e-07 1.9119629616237372e-05 8.333183321086613e-07 6.618354963502154e-08 1.288960811862535e-07 0.0 0.0 0.0 0.0 0.0 0.0 4.360508412799884e-05 2.5960400396911367e-07 0.0 0.0 0.0 9.586872883648873e-06 8.617059416245062e-07 1.3675913267908503e-05 3.2888334365638414e-06 4.085443001914015e-06 4.520312116551704e-06 1.7970003551746905e-07 8.286118435573143e-08 0.0 0.0 0.0 0.0 0.0 0.0 0.0 0.0 2.478272068455004e-05 1.4649940201454502e-05 1.0963145810953582e-05
