0.0 0.00253508458752619 0.0005795156079672288 0.0010212912465224037 1.5713140735824833e-05 6.299172708987388e-05 7.026318842249904e-05 0.0002737380224665007 6.052009135959308e-07 0.0004790774245995656 0.00016194957119057622 8.00981774467679e-05 2.3958196450610326e-05 7.903914417968016e-05 4.602509022756255e-06 5.947004562914862e-06 4.965463135800796e-07 0.0 0.0 1.441228538022092e-07 7.174220708279799e-06 0.0 3.0685269324814516e-06 1.1734068473404645e-06 2.6269842262511067e-07 5.631593105221997e-07 4.248297955037872e-07 2.2748142945175186e-07 8.273273161728048e-08 0.0 0.0006363004589879803 2.3211506481423e-06 1.2283553631809966e-05 1.0310305143039889e-07 1.4216076820291436e-06 5.151768442114005e-07 5.344586593597068e-06 1.3281571421413967e-06 7.403917993203042e-07 4.140093682902545e-07 1.307195385740797e-06 2.0521475927639032e-07 3.0095893082845217e-07 7.320837896769891e-07 0.0 0.0 1.3979633936727168e-05 4.7033020472499804e-06 7.710992252199554e-07 1.0280628144451823e-06 1.3444105892663745e-07 0.0 2.90546268840432e-07 5.790674434188512e-08 9.201160640501534e-06 7.500540603460766e-06 0.00011268843248323675 0.00022945667682026138 8.22243905362801e-05 2.6456308509305473e-05 4.45399710551798e-07 1.867367452183604e-06 0.0 1.1647014861565619e-05 4.791839270961696e-06 1.7626922883505368e-06 2.457191995015852e-07 9.108470538612813e-07 3.4197513642257127e-07 2.2676600349920547e-06 1.3724484768642338e-05 5.185173371144149e-06 3.73178384962246e-07 0.00010072986947562417 5.644372142406788e-05 1.9085914728045677e-05 4.198731072799144e-06 1.65962986212347e-06 2.1836156533020817e-06 4.145287683501526e-05 5.378506809349917e-08 1.261932345934027e-05 2.426897597987807e-05 2.2465081726271946e-07 4.810295190528194e-06 1.7680910092390708e-06 1.4889335386252843e-06 2.3391481081880156e-07 3.647388878744481e-07 9.32511237846399e-08 4.5193961876323243e-07 0.0 1.7170284661580887e-06 1.5784814332982546e-07 7.129499270126408e-08 0.00012647974009699381 1.0728323881377067e-05 1.5484413911491017e-06 1.9561759097023917e-06 0.0007395762039104369 0.0 4.453253883026333e-06 6.039270730577442e-06 1.3594794638214263e-05 6.333150344962653e-07 1.3922304633123536e-05 7.383708712864999e-06 1.0746034235596727e-05 3.8265504377396315e-05 1.9265381494605206e-05 6.437989730216987e-06 1.0403979951208972e-05 1.765077823105955e-05 7.1530804847669995e-06 1.6349305742884934e-05 1.420744535521161e-07 1.0525209545992446e-07 0.0 0.0 0.0 0.0 0.0 0.0 0.0 0.0 0.0 0.0 2.4073217059585935e-07 0.0 1.0527134741286139e-07 0.0 1.920303534608156e-07 0.0 0.0 1.8170277907086359e-07 2.509681002215983e-07 0.0 0.0 0.0 1.0208546386093075e-05 3.4679523995986743e-06 8.74576590429141e-06 1.397660100461451e-06 8.614061484076374e-07 0.0 0.0 0.0 0.0 0.0 0.0 0.0 0.0 1.3171344280021963e-07 0.0 0.0 6.69733111004771e-08 5.707646945932339e-07 1.4570030244648467e-07 7.175675060389538e-07 6.872016184581523e-08 9.338634659824802e-07 0.0 4.4107157549274195e-07 6.780738829088377e-07 1.5664958669565145e-07 2.015523269574473e-06 8.952300468850718e-06 1.7536083505227542e-07 0.0 4.757422402905817e-07 8.43205746191039e-08 1.167874282010271e-07 0.0 9.344807446870036e-08 0.0 1.0942455556947324e-07 3.4246782142795306e-06 1.349526640197537e-07 0.0 0.0 7.164846213982095e-08 6.455139826207811e-06 1.010273826085725e-06 3.740389529153178e-06 2.827154757014294e-07 2.1758012271514723e-07 8.514573104659739e-08 0.0 0.0 0.0 1.367176259313953e-07 8.772037334227211e-08 0.0 3.0368638667906203e-07 0.0 0.0 0.0 3.1543892330956254e-06 2.944648138867615e-06 5.321168992272479e-06
0.00253508458752619 0.0 0.001582136097873733 0.00033911030486299037 0.00118704843892255 7.838491345393611e-05 0.001864817077035888 0.000753586962098586 0.0017298938220194294 0.0012577891139612378 0.0011638908880851058 0.00014990659449752803 0.0012903164280420895 0.0018469680803108429 7.257036555159913e-05 4.3956161380581964e-05 1.9147310511737825e-06 4.4749435037249777e-07 5.385553335248443e-07 1.4116601875758702e-06 1.4952398132628032e-05 1.1870180016368107e-07 4.972148767719659e-06 3.3896404047455166e-06 6.173056732848814e-07 8.639867916181235e-07 1.0546295714132005e-06 3.9699089644974753e-07 3.3800051322802126e-07 2.631003189276539e-07 0.0012918749955645082 1.4181309056637919e-05 2.491495995904941e-05 2.2645303905712513e-06 3.507263143317873e-06 1.4274352491259364e-06 1.2238662155166276e-05 4.373338488989987e-06 1.0396356752953279e-06 1.8024597898385565e-06 2.902195706472042e-06 1.1438979215070546e-06 1.416110523510534e-06 3.913397218362435e-06 1.1263803130884942e-06 5.025366030479368e-07 0.00016397461745469845 3.968045885507374e-05 4.754662401638195e-06 3.0880294436461715e-06 2.7232084568460756e-06 4.1552913178563464e-07 6.811719718514431e-07 6.18070561294574e-07 1.770745570238006e-05 2.9506231681929533e-05 8.363445695536322e-05 0.0005482134416441558 0.00014119241715424672 0.0001580308596601081 1.3925991514102788e-06 8.582632284359386e-06 2.656257282663079e-07 0.0001264244912865138 2.121895152237134e-05 1.5800153722460526e-05 2.3531028985306976e-06 7.572647397843521e-06 3.5010233939828594e-06 8.920471578980538e-06 1.2083446343995018e-05 1.7731548621107648e-06 2.3119245079608705e-07 0.00033117214879142256 0.000244536438170853 0.00020621466854680036 4.7081370163684676e-05 1.1970468233348574e-05 5.460569168544279e-06 0.00011315875410613503 1.5047208754166447e-06 3.827667075522741e-05 0.00010868622942362238 8.829073601799902e-07 3.206172015117388e-05 1.0698184765208599e-05 1.3241408227239975e-05 2.735915207755863e-07 5.142400429558533e-06 8.15662537146774e-08 3.635075402241565e-06 1.5239696699773084e-06 2.699371423159951e-06 2.25307345627023e-06 1.4758892374358698e-06 3.990579531810108e-05 4.211411071790979e-06 5.494938321549318e-07 1.1856451309194584e-06 0.0006202848733053171 2.0951236650801755e-07 5.274245208955417e-06 9.320926323194729e-06 1.4109343248398265e-05 8.063922221242647e-07 2.4482041481917558e-05 9.953321143567374e-06 1.7136148813584353e-05 2.3165059532776704e-05 2.467836890521465e-05 1.2371643549311544e-05 3.243304358878628e-05 4.4227776054827736e-05 1.866770802861167e-05 4.4026318014356936e-05 3.460405417203677e-07 3.7550596209989565e-07 0.0 3.954077721562712e-07 0.0 0.0 0.0 0.0 0.0 0.0 5.929865959642268e-08 1.0640330002082446e-07 3.238069402153911e-07 0.0 0.0 0.0 1.1429239584198261e-07 0.0 0.0 1.0315550215996485e-06 4.3330609003150323e-07 0.0 8.253364360818048e-07 3.245058275901502e-07 2.8567823453991503e-05 9.399325757929132e-06 2.1813659273097695e-05 2.777940693682902e-06 1.3974491162162024e-06 1.0101179154365006e-07 0.0 0.0 0.0 4.046378013830413e-07 5.264596058490738e-07 0.0 1.5037542048786804e-07 4.360232646604296e-07 0.0 0.0 8.340136457628321e-08 8.047989061749979e-07 6.158569166864376e-08 1.942738711225653e-06 0.0 2.4353839823490357e-06 1.1269462516805212e-07 8.906694374233116e-07 4.5120319385144197e-07 0.0 1.1605733135525584e-06 2.5028247873404722e-05 6.8039069799738e-08 0.0 1.0853223792163644e-06 3.40339663221807e-07 0.0 6.599761326332663e-08 2.1196735819902922e-07 1.3765740313157736e-07 3.6529152357441113e-07 1.0414389657522534e-05 2.961092347202068e-07 0.0 7.840174930563535e-08 3.40947132104082e-07 1.4928647478174427e-05 3.8746389029274473e-07 7.992131655743059e-06 7.066073277488375e-07 1.159272067265403e-06 5.245462426812114e-07 7.256853484360824e-08 1.5329367054591355e-07 1.396593375393348e-07 2.1249395002299194e-06 9.597361344219906e-07 0.0 1.1113953877018752e-06 2.5091713251465573e-07 2.0314326045396847e-07 0.0 1.1361644912074151e-05 6.4277003627512654e-06 1.4163040150655381e-05
0.0005795156079672288 0.001582136097873733 0.0 2.341680070450219e-05 0.00016175290856928264 4.26998868352519e-06 2.7630677322617533e-05 0.0032417880632426223 0.0006257878141083937 4.049542709156226e-05 0.0014673258888767689 2.2417171327506814e-05 0.00013534596115279243 0.0006570460735338258 3.6136257747666175e-05 4.084315265056404e-05 1.3861645726886636e-06 2.3465510073456186e-06 3.9745122271229387e-07 1.3370989365404614e-05 8.097003815514536e-05 2.1155115963761954e-07 2.2322526662139583e-05 1.9000719005088975e-05 2.469229075887879e-06 5.483166129447964e-06 3.4811585227862324e-06 7.406362529254575e-07 4.198248157075659e-07 3.1499976099606255e-07 0.0025126332452832826 0.00010557843854324364 4.251923376372953e-05 1.0262292917282743e-05 2.140390464768841e-05 1.6008033373454475e-06 1.3436057539257375e-05 5.494655543170076e-06 5.002689492637014e-06 3.5318935752515363e-06 1.3089510648547591e-05 3.968691778157619e-06 1.978351220781598e-05 5.317396806851416e-06 2.427927678349409e-06 1.8644750065306455e-06 7.107498060529239e-05 7.9299710028972e-06 2.8347500531374132e-06 1.173513048919239e-05 1.2617503211702854e-06 1.0059722402428644e-07 3.492732246297344e-07 7.872056947150074e-07 3.7475105173065006e-06 4.99459440940462e-06 1.3832984141538142e-05 0.00024944623537366957 2.446943017053744e-05 3.31242892675758e-05 1.033666448425638e-05 2.3593169424545054e-05 3.7898106688285e-07 7.636550952050248e-05 3.3011462716561798e-06 3.193437855158836e-06 6.69586406786517e-07 3.195910698746461e-06 1.5102428950700721e-05 5.627579234724663e-05 1.3331306032285766e-05 1.937717953690333e-06 5.695153918098518e-07 5.484865201974939e-05 9.541453903405528e-05 6.056784044547147e-05 3.3085741884532125e-05 1.049577487028409e-05 0.00010230802899496204 0.0005263617604758209 4.136673849703377e-06 0.0002586325755270495 1.884874389061748e-05 1.6810977365277593e-07 5.213068753278524e-06 1.7212477503735434e-06 6.000646000314425e-06 7.604262611777676e-08 7.648303433998416e-07 2.9053131605034484e-07 2.5694039778720914e-06 7.590321162039009e-07 1.0991028894166284e-05 1.7542173703091712e-06 8.648571411094777e-07 1.174722333661761e-05 3.4919761121751647e-06 1.7920196169794936e-06 2.3678342345911078e-06 0.00010268599157036704 0.0 1.2391380727829142e-06 6.258262322195703e-07 9.434570573097167e-07 0.0 2.4555596519073376e-06 4.065764221326461e-07 1.6392407853268223e-06 1.7507618521727531e-06 3.2246103731693247e-06 2.6240925301232503e-06 3.522562086724311e-06 6.961555264085049e-06 4.140782609607236e-06 1.4988654792541908e-05 2.3123193992678055e-07 2.110053733714511e-07 0.0 3.157052196789494e-07 0.0 0.0 0.0 0.0 0.0 0.0 1.0651980167725984e-07 0.0 2.6266542230764378e-06 0.0 0.0 0.0 6.00959600884865e-07 0.0 5.089745617035031e-07 6.993946005514154e-08 5.186374110357708e-07 0.0 9.32141321281545e-07 4.6473869325241967e-07 1.1763823667731035e-05 3.801298786202165e-06 8.901187613308009e-06 3.6526520675813772e-06 2.746452050497119e-06 2.1801396104342513e-07 0.0 1.422950213478841e-07 0.0 2.0016430829064183e-07 6.572740616422463e-07 0.0 3.797740173009251e-07 6.849405039268827e-07 0.0 0.0 2.2811367508834528e-07 1.4080136819582478e-06 3.003438582732861e-07 2.2784764553103876e-07 0.0 2.8512571273005555e-07 0.0 3.761255553756461e-07 0.0 3.312312361933621e-07 9.86670696085393e-07 1.1852676747920367e-05 1.0731197900026098e-07 0.0 4.2304221113324647e-07 0.0 0.0 0.0 0.0 0.0 1.5051938587540285e-07 4.676533206058051e-06 3.9147324619768623e-07 0.0 5.5112858882855446e-08 2.1681580038477678e-07 4.162386968290023e-06 6.657407631914545e-07 2.4513463403227277e-06 1.5580472577176326e-07 1.4055096600119718e-07 2.140547761803806e-07 7.732650133574225e-08 2.0382267903205036e-07 0.0 2.9768516545830073e-07 0.0 0.0 2.5861510414877355e-07 0.0 6.897252553349296e-08 7.101321840281917e-08 3.850349245645548e-06 3.999316327322554e-06 7.935471003954407e-06
0.0010212912465224037 0.00033911030486299037 2.341680070450219e-05 0.0 2.9411387492037325e-06 0.0001788454085151347 0.00010735195374308274 1.436768735915368e-05 2.921038470557115e-06 0.0008484699153879133 9.77859844193064e-06 1.5253351680074935e-05 3.93070310432423e-05 4.03111920961449e-05 4.6709455718458275e-06 7.304853731858319e-07 2.4962983965078446e-07 0.0 0.0 0.0 2.0781093038427443e-07 0.0 0.0 0.0 7.384357603615653e-08 0.0 7.167946136668499e-08 7.100610027134641e-08 2.5407241635074366e-07 0.0 6.0334792340226384e-05 1.0964402924715202e-06 9.335246523523663e-08 0.0 0.0 1.1852193299515519e-07 2.8459034439140684e-07 3.4695581086390947e-07 2.379607473199208e-07 0.0 0.0 0.0 0.0 4.2031211544579903e-07 1.1714063365590016e-07 0.0 1.537522122316178e-05 6.4516312284949844e-06 7.360967942135592e-07 4.387909544528407e-07 5.454106126724761e-07 0.0 0.0 0.0 5.20075526734762e-06 5.519724885689942e-06 1.804388474430865e-05 5.8005900785389406e-05 3.0847793274428904e-05 2.4442532057478378e-05 2.9034097438636707e-07 9.74492002109013e-07 0.0 1.2765921848420878e-05 4.287568516669208e-06 2.1242137713713155e-06 2.3075065053134726e-07 1.1812223671377641e-06 1.5382583808239676e-07 1.2067619070243496e-07 1.2062654102831346e-06 0.0 0.0 6.408431519572617e-05 4.768355693043544e-05 2.3265583605036623e-05 5.486673317676484e-06 8.011906876195086e-07 6.371392812709601e-07 5.030124053539434e-07 2.0081270407188784e-07 3.783262459273011e-07 2.0749386528564653e-05 3.720614935662402e-07 4.720578874264987e-06 2.3737748668424528e-06 1.8602584328619433e-06 0.0 7.677158406251239e-07 2.4088340496268623e-07 5.915440806943061e-07 1.980047756236812e-07 0.0 2.434933173641088e-07 0.0 9.049270509920237e-06 3.285956136667393e-07 9.179344359488625e-08 1.9652097519121867e-07 0.00011314470727976655 1.8713351740904207e-07 3.4789892604349278e-06 7.967485394216364e-06 1.6876194133660342e-05 3.8897622453302486e-07 1.9919738923089468e-05 1.003743279395676e-05 1.1223982691240343e-05 3.983607245194447e-05 2.004345453236079e-05 4.540120773549045e-06 1.3459405005773982e-05 1.9599768189052442e-05 9.259634846055625e-06 1.7002612855715443e-05 0.0 0.0 0.0 0.0 0.0 0.0 0.0 0.0 0.0 0.0 0.0 0.0 0.0 0.0 0.0 0.0 0.0 0.0 0.0 3.685894670215982e-07 2.0272934346582555e-07 0.0 0.0 0.0 7.762816567339968e-06 1.7362241104324239e-06 7.818060960807244e-06 1.3043044532800262e-06 8.989135724431461e-07 0.0 0.0 0.0 0.0 0.0 0.0 0.0 2.8512361500256856e-07 0.0 0.0 0.0 6.388662059621689e-08 0.0 0.0 3.032917687837995e-07 0.0 2.5121650886801404e-07 7.795539060835641e-08 9.495269661421926e-08 5.356260998599567e-07 0.0 0.0 1.01874522183051e-05 0.0 7.401818710097903e-08 7.910272026589837e-08 0.0 0.0 0.0 0.0 0.0 0.0 1.915713772862519e-06 5.649667455229601e-07 0.0 0.0 6.23948959392473e-08 5.954061756582608e-06 4.851900372004742e-07 2.808515868470985e-06 3.0232669157592597e-07 4.6622502981384406e-07 1.5419499098016538e-07 0.0 8.177696926224804e-08 0.0 2.071376588548285e-07 1.2080379852956562e-07 0.0 0.0 7.467384243352842e-08 1.2673752006518907e-07 0.0 1.9228195253860933e-06 1.0098494817420742e-06 3.38780173010418e-06
1.5713140735824833e-05 0.00118704843892255 0.00016175290856928264 2.9411387492037325e-06 0.0 3.057453887024546e-06 0.0014925631400618596 9.720153325021501e-05 0.002895454527860682 0.0007104827762991513 0.0007429871015400346 7.246502291916364e-05 0.0007612368170966859 0.00201729927730354 1.2302523777450445e-05 1.1200855603959726e-05 0.0 0.0 0.0 0.0 1.8092102910337085e-07 0.0 0.0 2.0106952719822336e-07 0.0 0.0 2.2153884089275085e-07 0.0 0.0 0.0 6.933989729563528e-06 1.6890650469432194e-06 3.3346252245396458e-06 6.78196899305469e-08 1.6564889889681189e-07 2.0610267782469708e-07 1.4509693379649774e-06 2.1375851577728944e-07 1.793977678241809e-07 0.0 8.631400969504323e-08 7.095721614990775e-08 1.4319580910077405e-07 3.1522509464012126e-07 6.183314808820022e-08 0.0 2.11961742228997e-05 3.5139424631982975e-06 6.796844945033855e-07 2.1445010588879035e-07 6.817768480368244e-08 0.0 0.0 0.0 5.557568733360426e-07 1.3543397509956098e-06 6.226660034034062e-07 7.014662096813053e-06 3.009069123721684e-06 9.58018628291499e-06 0.0 1.0335549525598063e-07 0.0 5.700434209306927e-06 6.261789757029967e-07 5.99503292467468e-07 1.420642100423874e-07 7.55242041174269e-07 0.0 2.169594075087408e-07 7.1304491399885e-07 1.4336264301771329e-06 0.0 8.949483300973583e-06 7.4932792184136304e-06 2.0334043797543716e-05 7.0208435387519145e-06 1.6111597472388558e-06 0.0 1.232174437761088e-06 0.0 4.4407321139689437e-07 3.7176997308447083e-06 0.0 1.4425200687668864e-06 1.6158492193930435e-07 1.3778766305193084e-06 0.0 2.8763643797630054e-07 0.0 2.2126854517055494e-07 7.607305966531848e-08 2.679522588972112e-07 2.1658492308335915e-07 0.0 1.1948101635920921e-05 9.409290458461793e-07 0.0 0.0 8.073310753815536e-07 0.0 5.535708998747572e-07 8.456104489902952e-08 1.3676041674373348e-06 1.0714329342634002e-07 5.730355435228417e-06 1.0083552115281538e-06 5.001792740063289e-06 6.038943089113944e-06 4.826391986906834e-06 3.7394383959406e-06 1.124887426431917e-05 1.3537369126699876e-05 7.767765196047693e-06 1.6701096268783037e-05 8.36138620137192e-08 6.436447820376137e-08 0.0 0.0 0.0 0.0 0.0 0.0 0.0 0.0 9.382949317977499e-08 0.0 0.0 0.0 0.0 0.0 0.0 0.0 0.0 9.84060368852467e-08 1.2726494060935896e-07 0.0 1.7302080825554012e-07 0.0 9.817856869740506e-06 1.617055959521414e-06 5.435624313187283e-06 5.383590475139875e-07 7.935638973001186e-07 1.9515101300838207e-07 0.0 0.0 0.0 0.0 9.58102381829165e-08 0.0 0.0 1.9079207671022483e-07 0.0 0.0 0.0 0.0 0.0 0.0 0.0 7.539402292077916e-08 2.670478743666301e-07 0.0 0.0 1.1256367983291977e-07 0.0 6.351607438313743e-06 0.0 0.0 1.619539475592255e-07 0.0 0.0 0.0 8.521753460857939e-08 0.0 0.0 3.666666914212115e-06 9.135776680881075e-08 0.0 0.0 0.0 4.656014409564802e-06 1.1454801689975813e-07 1.6422119593994669e-06 2.060828979043927e-07 3.7161717602851596e-07 3.7648190506475246e-07 7.267439701478932e-08 6.810161979080546e-08 0.0 2.9942272492076944e-07 0.0 0.0 0.0 0.0 0.0 0.0 6.207195786361503e-06 2.532667631320861e-06 2.2557062362582587e-06
6.299172708987388e-05 7.838491345393611e-05 4.26998868352519e-06 0.0001788454085151347 3.057453887024546e-06 0.0 1.6651669887145995e-05 8.4058510473847e-07 1.6938445469615573e-06 0.00032162982874765127 9.68069066953449e-07 0.0002512598226603137 5.946429855821939e-05 7.608774894312129e-06 0.0 0.0 0.0 0.0 0.0 8.307320457340661e-08 0.0 1.2562598942356117e-06 0.0 0.0 0.0 0.0 0.0 0.0 0.0 0.0 3.173258585994446e-05 1.7352449100974696e-06 1.0108459984638846e-05 0.0 0.0 0.0 1.9333511337080197e-05 1.7061240591351604e-06 3.5409813455567273e-06 0.0 0.0 0.0 0.0 0.0 0.0 0.0 9.786330528741889e-08 3.0421855892953953e-07 0.0 0.0 3.2153501178107646e-07 1.3303615803185623e-06 0.0 0.0 0.0 0.0 6.985030400653515e-05 7.79650927629736e-06 3.048933992763061e-06 1.8642173113153543e-06 0.0 3.5132722227672206e-06 0.0 6.542698518971773e-07 2.6899640393236454e-07 0.0 1.1283878854334978e-07 7.277406452599136e-07 0.0 0.0 7.463624161112281e-05 6.0351937184827504e-05 4.554577896557952e-06 2.5053921300158923e-06 8.104152014728858e-07 0.0 0.0 0.0 0.0 1.927026256234587e-06 0.0 1.1053185115857453e-06 3.532342479505766e-07 4.4250432808035794e-07 1.055033136469745e-07 2.746972258629929e-07 5.817545050518518e-07 2.7307752992992813e-06 1.4588198167443975e-06 1.0373667921013647e-06 1.4003073241281763e-06 9.104859194679068e-07 0.0 0.0 2.898613820289008e-07 0.00016885233152778736 8.251926281416813e-05 1.464826242214924e-05 1.44022099526749e-05 0.00014854629401380915 0.0 1.5587257617808104e-06 2.0041802018070444e-06 5.678035368157901e-06 5.283284971942119e-07 3.126541349168349e-06 3.6372111009530778e-06 3.6248646500596643e-06 9.625153131614384e-06 6.387669584678641e-06 3.5626891009916476e-07 2.641609667142375e-06 3.989814281765649e-06 1.9471570768506162e-06 2.540708588470095e-06 0.0 0.0 0.0 0.0 0.0 0.0 0.0 0.0 0.0 0.0 0.0 0.0 0.0 0.0 0.0 0.0 0.0 0.0 9.612725430314304e-08 0.0 0.0 0.0 0.0 0.0 9.191487231821919e-07 0.0 8.981713257483295e-07 7.540632644603995e-08 3.523803738694858e-07 0.0 0.0 0.0 0.0 0.0 0.0 0.0 0.0 0.0 0.0 0.0 0.0 2.958333340587255e-07 3.0879448038775675e-07 0.0 0.0 0.0 0.0 0.0 3.9890928002159574e-07 0.0 0.0 4.415151717893302e-07 7.514535500467399e-08 0.0 0.0 0.0 0.0 0.0 0.0 0.0 0.0 4.1546838254040994e-07 8.776335554278109e-07 3.133475578293402e-07 0.0 8.899381931913148e-07 1.5213821867610168e-07 0.0 0.0 0.0 0.0 0.0 0.0 0.0 0.0 0.0 0.0 0.0 0.0 0.0 0.0 0.0 4.832136007881711e-07 1.5585734903352257e-06 1.0085628346954291e-06
7.026318842249904e-05 0.001864817077035888 2.7630677322617533e-05 0.00010735195374308274 0.0014925631400618596 1.6651669887145995e-05 0.0 1.2040113181892527e-05 0.0022558955660350647 0.0019440216342686129 0.00013465917076905962 0.00011015055697708868 0.002570084802337707 0.002435490564300015 3.3627411122450626e-05 2.2745165987031472e-05 1.104611337008914e-06 1.3488825200091688e-07 1.8528120989603726e-07 0.0 9.18234321413611e-07 9.123434500866548e-08 8.921881072720016e-08 1.2854193810956369e-07 1.4521723587518036e-07 1.6623525379838067e-07 6.560497995968664e-07 1.416804626181025e-07 0.0 4.6490143919345615e-07 5.807410081924031e-05 2.6253900005009294e-06 8.40339709748644e-06 5.707209864375946e-08 2.3330998177336414e-07 0.0 5.846272528080074e-06 7.802265647937437e-07 4.663721724335727e-07 3.1490379821302244e-07 7.538689064732333e-08 3.815062452357808e-07 2.8519240160816474e-07 1.6102113245730305e-06 1.2801298080323473e-07 4.032079290459749e-07 8.388523083430352e-05 1.413113258893345e-05 2.4045063388272983e-06 1.0852965370993223e-06 1.0796748961318377e-06 0.0 8.869618902928145e-08 2.748397063423067e-07 5.4794637677112554e-06 8.858442682276836e-06 1.3630117639692626e-05 6.204599375311306e-05 3.408948292525189e-05 5.4124241387240246e-05 7.436997835754624e-08 1.4432417813023017e-06 7.731988288767089e-08 3.610000824830971e-05 6.729779366921912e-06 5.078172289499444e-06 3.825500272933689e-07 3.2818118191041307e-06 4.1215353470947374e-07 7.965577126876397e-07 3.1008432210837457e-06 3.465018626357225e-07 0.0 8.393274163248136e-05 6.363615076991242e-05 8.256455954819236e-05 2.2277594098321116e-05 4.583866787276956e-06 3.182863342888706e-07 3.022588958519427e-06 3.819185924638042e-07 1.0638826897843105e-06 3.532220805183327e-05 7.985234907587106e-08 1.1558660705824593e-05 4.0652862977229956e-06 6.2028994896203065e-06 1.364446668023901e-07 1.58715279291229e-06 0.0 1.5943165039964313e-06 1.2333604787402553e-07 1.3865818413267914e-07 1.0632718268261018e-06 4.314303162546101e-07 1.6180545400299516e-05 1.2894390795041884e-06 8.904169653137637e-08 7.637430276044056e-08 2.2455122027287293e-05 0.0 2.082721127081952e-06 5.299689309312336e-06 6.460159985065852e-06 2.663255631539319e-07 1.0673058850042509e-05 3.715559973384057e-06 1.2229903336815014e-05 1.6266918740327488e-05 1.3629000517310896e-05 7.900911052027936e-06 2.0612385789560415e-05 3.2351586355619e-05 1.8350446417701222e-05 3.5309416152043486e-05 1.5970575408647722e-07 1.1970820967404007e-07 0.0 1.8261340964396222e-07 0.0 0.0 0.0 0.0 0.0 0.0 0.0 0.0 5.539850808465838e-08 0.0 0.0 0.0 0.0 0.0 0.0 7.442528623908944e-07 1.1859655552576018e-07 0.0 4.659765033175695e-07 0.0 1.896553759785898e-05 3.029002234700562e-06 1.1629511192428362e-05 1.3163281275521137e-06 2.2445562018455827e-07 0.0 0.0 0.0 0.0 6.523297980932895e-08 0.0 0.0 8.392870969654341e-08 4.5894364800266726e-07 0.0 0.0 0.0 1.1709035419213306e-07 0.0 5.336771743186966e-07 0.0 3.7707346421608673e-07 0.0 2.769363448966121e-07 1.2288994844643597e-07 0.0 4.3760077458663173e-07 1.6722830087892734e-05 1.226457541109717e-07 0.0 5.958968039479065e-07 7.65331408001585e-08 1.0202151027804477e-07 0.0 7.631048470489218e-08 0.0 0.0 6.500733636156134e-06 5.708294460196641e-07 0.0 0.0 6.175607899452611e-08 8.207415836936663e-06 8.938594068298477e-08 5.831682913545886e-06 4.1489616962189965e-07 3.3246266822415254e-07 7.249866401931089e-07 6.78730712025981e-08 7.203777679143652e-08 0.0 4.3663851163338675e-07 1.6585908176302068e-07 0.0 4.442746262336069e-07 6.30185668201129e-08 0.0 0.0 1.0454658742151671e-05 4.5066274382688084e-06 9.358470992499619e-06
0.0002737380224665007 0.000753586962098586 0.0032417880632426223 1.436768735915368e-05 9.720153325021501e-05 8.4058510473847e-07 1.2040113181892527e-05 0.0 0.00010361146500320441 1.4205689995706464e-05 0.0013051040484455471 2.0375713928434458e-05 0.00013611705006379276 0.0009743679960281232 7.173423738710136e-05 8.068451293139391e-05 4.184036661456499e-06 1.1800191092370223e-05 2.1535286409131976e-06 5.915529835440409e-05 0.0001958498391436405 1.4861996670283604e-07 6.449366652949057e-05 4.705912181209137e-05 3.2489554151708752e-06 1.160177686862504e-05 5.578386448949581e-06 2.1719157927300776e-06 5.747631517432316e-07 9.93936163451634e-07 0.0018417683373784962 0.0017208509930178022 6.928591070899723e-05 4.3458478909510955e-05 6.135844306808708e-05 3.6096167827820395e-06 2.3058392494199822e-05 1.3869353201933366e-05 4.721066169289225e-06 4.021696128648389e-06 2.872048489304281e-05 1.2041956598812184e-05 6.0800421686143835e-05 2.2878562830213042e-05 2.6055669150930447e-05 3.413629813113702e-05 0.00011101519640236898 1.266902326207776e-05 8.515251533299003e-06 4.644897476820472e-05 2.60925882024748e-06 6.067976849030586e-07 7.001979783249988e-07 3.392494426630505e-06 3.90175475538567e-06 4.862769475923962e-06 1.24929575528779e-05 0.00020552266528669244 2.599643727449202e-05 4.442217086771802e-05 0.0001985399028368048 9.842825959271072e-05 4.258101238975904e-06 0.00032995812510337556 3.529713498997186e-06 4.439774527298097e-06 1.0555350448764777e-06 5.182377878213044e-06 4.614135430811053e-05 0.0001200440399821179 1.4731435077861508e-05 1.5969320731910774e-06 2.996915168787667e-07 6.0245137239893844e-05 9.795081154642365e-05 9.674564665583413e-05 9.265627128600293e-05 0.0002444286862818998 0.0005704946019687707 0.0017827958562432818 0.00019994580378191802 0.0011249607021130532 1.963690082225294e-05 7.181784538490611e-08 8.50028297018678e-06 2.1333165793184917e-06 1.2797548946334798e-05 2.975633982701732e-07 1.5585434810471758e-06 3.4309321574515405e-07 3.3867790808832756e-06 9.148488155213204e-07 2.033975231742712e-05 5.613126145480724e-06 3.660853668230166e-06 6.41004701957931e-06 3.692515333864674e-07 2.348454494695312e-06 3.403460308853788e-06 4.7468136741076775e-05 0.0 5.268434475532459e-07 1.3179621111306624e-07 1.8591257401568665e-07 0.0 4.1080452623153546e-07 0.0 1.7755976068444478e-06 6.695146267945071e-07 1.0892836806628736e-06 1.016003950205251e-06 1.5287127968152202e-06 3.566160312015267e-06 1.400314206559931e-06 6.990890950625993e-06 1.5317296872050982e-07 4.666898720829804e-07 0.0 2.3019569554616257e-07 0.0 0.0 0.0 1.3273604959517487e-07 0.0 0.0 3.4350223960715877e-07 3.1685671179350494e-07 2.42566583786301e-07 0.0 7.570926657912899e-08 0.0 7.73889476189339e-07 1.36108148887526e-07 0.0 0.0 0.0 0.0 4.34095990495232e-07 2.1728521522843535e-07 7.765324200205913e-06 3.376939753744421e-06 7.341883548127988e-06 4.936867183395679e-06 1.990344854653273e-06 2.1999408379931205e-07 1.4391376458269024e-07 0.0 0.0 0.0 7.548494502965782e-07 7.702965639735138e-08 1.2261055942913363e-07 3.4106145118113205e-07 0.0 1.605885909488716e-07 2.1141443023141632e-07 1.9247841013886043e-06 3.1779141673576335e-07 1.9218575028465603e-07 0.0 4.755919864345802e-07 2.180309125671178e-07 1.1428693703652202e-07 0.0 8.411637381172887e-07 3.021177484902319e-07 5.480185253974942e-06 0.0 0.0 1.7288172656615474e-07 9.369884011229245e-08 0.0 0.0 0.0 7.067615366461015e-08 8.066210016981953e-08 2.1991186230981035e-06 0.0 0.0 1.5699723435118255e-07 5.531797373373553e-07 4.157857102556632e-06 1.8846881287740805e-07 1.2867099407575947e-06 1.796627131627863e-07 3.0003308819557705e-07 8.760085472945095e-08 5.81914696007949e-07 0.0 0.0 4.5882989931893394e-07 1.013388484718481e-07 0.0 3.8671026401556085e-07 1.4685558461249982e-07 1.3141775750443955e-07 2.0740644609883143e-07 1.9193314052647307e-06 2.8410352265220104e-06 9.483247490914038e-06
6.052009135959308e-07 0.0017298938220194294 0.0006257878141083937 2.921038470557115e-06 0.002895454527860682 1.6938445469615573e-06 0.0022558955660350647 0.00010361146500320441 0.0 0.00034182764320894065 0.0007747520073890673 5.6438832267112904e-05 0.0011478737911005676 0.0019947919678609837 1.1257956769092668e-05 1.0757995765281258e-05 1.6336040548634148e-07 0.0 0.0 2.29324120416277e-07 6.715862340387987e-07 0.0 1.4198995520334194e-07 7.295919769760871e-08 0.0 0.0 2.672049258024883e-07 0.0 0.0 6.770025145562972e-08 1.4820097839956832e-06 9.867980964967718e-07 5.586712230351607e-06 7.242133565594734e-08 2.9853276049891354e-07 0.0 2.0390519326060146e-06 4.829670824534908e-07 0.0 0.0 7.51330750493849e-08 0.0 8.154740716525486e-08 3.592684152778697e-07 0.0 0.0 1.8486927811233616e-05 1.2311950818643198e-06 3.812969674564877e-07 1.357848678688046e-07 0.0 0.0 0.0 3.770353091457951e-07 4.0677012487459747e-07 6.69926182071479e-07 6.862844260049142e-07 1.199749906420465e-06 1.542341746440248e-06 8.462317407182109e-06 0.0 1.953221498593666e-07 0.0 4.437449519287369e-06 3.647968464350159e-07 5.425045718598044e-07 0.0 2.62578965294216e-07 1.4867422006384254e-07 6.014222982865708e-07 4.2872511517133985e-07 6.044924945245905e-07 0.0 4.270769830101406e-06 3.4026510433012574e-06 1.4397039158127322e-05 5.9444583742891e-06 1.452948121946468e-06 7.745965282023174e-08 3.43514070318786e-06 0.0 2.8013535574431665e-07 1.9830597817845183e-06 0.0 1.0111608584030941e-06 1.3657448077887783e-07 3.34549553524142e-07 0.0 7.969433598516484e-08 0.0 4.302709941954346e-07 0.0 7.216809516532e-08 0.0 0.0 7.156012876808101e-06 1.2718495449597931e-06 0.0 9.783627524379986e-08 6.88323478404206e-07 0.0 3.331508406897477e-07 1.053790650122197e-06 1.2117114313910049e-06 1.000515131820276e-07 4.7376428078670315e-06 6.666920566798402e-07 4.59094198840313e-06 5.687451350319907e-06 5.956747352163365e-06 2.2999383759398082e-06 9.024763702488475e-06 1.4145766576296477e-05 8.10533708933918e-06 1.651016838189551e-05 9.016057251900478e-08 0.0 0.0 0.0 0.0 0.0 0.0 0.0 0.0 0.0 0.0 0.0 0.0 0.0 7.339449265014167e-08 0.0 0.0 0.0 0.0 2.8762168788797064e-07 2.779125754151244e-07 0.0 0.0 0.0 8.331410047988232e-06 1.4100438673341613e-06 5.981833089955589e-06 7.736981870124967e-07 1.5007114158038277e-07 2.227047248320654e-07 0.0 0.0 0.0 7.248829794572901e-08 1.1108000667830468e-07 0.0 0.0 3.2297209652950265e-07 0.0 0.0 0.0 0.0 0.0 1.852112212218811e-07 0.0 7.109153199100243e-08 0.0 0.0 0.0 0.0 0.0 7.451492171034952e-06 0.0 0.0 2.1788623065244133e-07 0.0 0.0 0.0 0.0 0.0 0.0 4.3296931237555025e-06 1.0762133959365855e-07 0.0 0.0 0.0 5.630159598395284e-06 0.0 1.5689568925602984e-06 1.732898641972211e-07 4.2363626398759335e-07 8.217796047787554e-08 0.0 0.0 0.0 0.0 0.0 0.0 7.968598278717169e-08 0.0 0.0 0.0 3.1653539651042863e-06 1.418650975205168e-06 3.620942649184075e-06
0.0004790774245995656 0.0012577891139612378 4.049542709156226e-05 0.0008484699153879133 0.0007104827762991513 0.00032162982874765127 0.0019440216342686129 1.4205689995706464e-05 0.00034182764320894065 0.0 0.00010375543803212411 0.0016717121379779532 0.0069762224303835055 0.0009763638958631501 4.0118672067092696e-05 2.6238361373845997e-05 4.7237836691837626e-07 1.619901274658833e-07 1.529168244093611e-07 6.171361533339599e-08 8.864476076509058e-07 0.0 1.2505199367238667e-07 1.563566779425452e-07 4.2390481553187864e-07 2.76190345862291e-07 1.6644325879919842e-07 2.9823059817489276e-07 7.625455787589043e-08 2.8198737098967164e-07 5.711419621608814e-05 1.3680145677856911e-06 0.00013170752736426806 0.0 6.113895113782221e-08 4.5364038549977744e-07 0.00023095757201584908 8.440007330546749e-06 4.2774817566807684e-06 6.73565918393211e-07 6.330784674036633e-07 2.7700459410685204e-07 1.8804757505603526e-07 1.4683604746290456e-06 7.585944501122085e-08 3.894080122737593e-07 8.285430094492294e-05 1.3505299733551816e-05 1.7723495421715078e-06 6.989899607041586e-07 6.258339631703089e-07 9.050895555765489e-08 0.0 0.0 3.4067346163332902e-06 6.966626824337507e-06 2.8583958155598737e-05 5.481370713247206e-05 3.3434996635018e-05 5.089358340243173e-05 1.849536297144661e-07 7.084950222746501e-06 7.339534116912515e-08 3.1522394899807374e-05 4.532437288019574e-06 2.7933382491372064e-06 4.1733543071375607e-07 2.2148478834790375e-06 8.097144520703578e-07 3.4431107618620275e-07 0.000610664453830126 1.4132747768388526e-05 2.770079881827861e-07 7.73833736788753e-05 5.43988124289024e-05 6.957304035015465e-05 1.9566211393980227e-05 3.866971397838832e-06 1.758525437894268e-06 1.2581163213082816e-05 0.0 6.6482678568236555e-06 2.8681826127740566e-05 0.0 8.643394959753969e-06 3.474931307962203e-06 3.445774842772558e-06 4.2062465327139037e-07 2.5072961217629814e-06 0.0 1.1163727010652395e-06 7.665807296409443e-07 5.358088897049813e-07 3.8182533551352256e-07 3.407762922347418e-07 0.00039109247930946674 3.531689714794553e-05 1.4123051751391991e-06 3.2211464169830145e-06 0.00022837184330111538 1.854995211027086e-06 4.023778847720169e-05 5.1367490904266264e-05 0.00013333353493979582 3.109371944656654e-06 0.0001671075073097655 9.254499396094902e-05 0.0001294507724245421 0.00023996812361932709 0.00016729546290536376 6.716088915698156e-05 0.00018823781860764855 0.00029515350815381957 0.00011495155585491551 0.0002453138812728293 1.3130584916410155e-06 1.741279270698531e-06 0.0 1.6300046844753253e-07 0.0 0.0 0.0 7.29644349453347e-08 0.0 0.0 0.0 2.297642330710385e-07 0.0 0.0 0.0 0.0 6.083390856325181e-07 0.0 1.63716797601397e-07 6.793899344380572e-06 1.5524725917038742e-06 0.0 4.6403915534643994e-07 0.0 0.00011773415886343118 2.641380336031105e-05 8.18549744279228e-05 7.092229469118238e-06 1.6893211676843961e-06 1.2789320292072418e-06 0.0 7.734002107154612e-08 0.0 2.6684399411087096e-07 7.859280278276048e-08 9.668732397220055e-08 1.708646046113914e-06 2.2129333795245418e-06 0.0 0.0 0.0 9.737665136641206e-08 2.379113540870921e-07 1.6274097625759453e-06 1.4179045424833662e-07 6.575722736389994e-07 2.444761286187377e-07 2.2952729027308713e-06 2.725200317447901e-06 3.3872060414937926e-07 1.7662969525542836e-06 0.0001054699627591756 1.5020227641808817e-06 3.377801905599596e-07 8.11734101668893e-07 1.2182077681526362e-07 0.0 0.0 1.5475123288580837e-07 0.0 8.575994565479119e-08 4.9507809021197635e-05 3.135257553010663e-06 0.0 0.0 1.468760527759797e-07 8.350322066307142e-05 5.233654766617249e-06 2.6659201829064854e-05 4.37003850909724e-06 5.30102231849344e-06 1.8715769642887655e-06 1.187821365268411e-06 5.037564527946024e-07 2.557115853230805e-07 6.527109999606233e-07 0.0 0.0 4.861894040032702e-07 1.636130567276747e-07 6.148403815162086e-07 9.557335053869905e-08 6.843731063536039e-05 2.2162694280736803e-05 4.950411440926764e-05
0.00016194957119057622 0.0011638908880851058 0.0014673258888767689 9.77859844193064e-06 0.0007429871015400346 9.68069066953449e-07 0.00013465917076905962 0.0013051040484455471 0.0007747520073890673 0.00010375543803212411 0.0 0.00010558657317688867 0.0009483711000866952 0.002597586385053517 4.7942601715169474e-05 7.088031176319637e-05 1.3385330444014534e-06 5.901186536539145e-07 6.840728461263042e-08 9.178517619159027e-07 2.5833747576122197e-05 2.193943882937248e-07 8.95048436010035e-06 6.857314221419926e-06 2.1011808555558874e-06 2.202767820406501e-06 3.1088874403170726e-06 2.9602446295976023e-07 2.583267491142121e-07 4.250189539551825e-07 9.780221963270122e-05 1.2483517378496876e-05 0.0006197951316378713 1.116027716816518e-06 6.598898010120884e-06 3.053301145553375e-06 0.0001157704185861226 3.281806642195533e-05 5.994908597787619e-06 1.8199465640200548e-06 9.91356711467521e-06 2.7385244649120706e-06 1.4453308586096645e-06 6.136723046267211e-06 6.314815452487167e-07 1.300195650950218e-06 6.933784902737704e-05 4.687211562909779e-06 3.5115489184236744e-06 1.9681669819895357e-06 4.885092360481981e-07 5.281010846786435e-07 5.269945405002421e-07 2.715798661114734e-07 6.745594869829527e-07 1.4076919659856508e-06 3.1940125240684038e-06 1.2716112874288167e-05 7.612861701144291e-06 1.7942814419097115e-05 1.6165612493840586e-06 2.8598139769207695e-05 3.658498584935468e-07 2.476916511273218e-05 9.81259681099586e-07 1.304224744349515e-06 1.743362530936863e-07 1.544058022218214e-06 3.861690771936824e-06 1.2834574689713343e-05 3.86374897776657e-05 3.4852991445779223e-06 1.7207998926260605e-07 1.4702301055998979e-05 1.8013200916664723e-05 4.316087006833522e-05 3.487146652301877e-05 1.271379020913263e-05 2.574057199409706e-06 0.0010210803650422314 8.072179489450746e-07 0.00012568263900217708 6.2825348582501115e-06 0.0 2.9914349665067445e-06 3.3999109162338274e-07 1.5757838735998298e-06 1.6467569947666846e-07 4.2021080227916843e-07 3.44286615269506e-07 1.061023416509613e-06 3.625858746616774e-07 3.985294272994451e-06 1.257495639571235e-06 8.713158366262019e-07 1.181198754740051e-05 1.750065029527521e-06 2.5931664738795097e-06 3.029853148393199e-06 4.879852835896736e-06 0.0 0.0 3.031948302039283e-07 1.4782327337324485e-07 0.0 1.5763094698281854e-06 2.012138697053064e-07 1.7026401061848059e-06 1.1617990227942044e-06 2.021443796639903e-06 1.3577402096779878e-06 3.2839575491956264e-06 5.603223532967684e-06 3.1024420712623833e-06 1.0824315325502907e-05 1.6885072399914512e-07 1.5080381415266842e-07 0.0 0.0 0.0 0.0 0.0 0.0 0.0 0.0 0.0 0.0 9.205261617600717e-07 0.0 0.0 6.73673680304116e-08 8.443163585465671e-07 0.0 0.0 2.44639647654848e-07 2.623526605673207e-07 0.0 1.1462252629449863e-06 9.835856696211392e-08 1.0107070195395759e-05 5.761140708030811e-06 7.382907644948653e-06 3.4955835859195454e-06 2.4755400395355806e-06 0.0 1.1673220847117825e-07 0.0 0.0 1.783741145224793e-07 8.00429396387507e-07 0.0 0.0 3.5913326505977464e-07 0.0 0.0 6.364743723674962e-08 1.2987159611208307e-06 7.200817290690086e-08 1.3897224929244078e-07 1.3359592930507115e-07 0.0 1.307545314969595e-07 0.0 0.0 1.5510771456675666e-07 5.673750969538451e-07 5.023645606386372e-06 0.0 0.0 8.316376983291279e-08 0.0 0.0 0.0 0.0 0.0 0.0 2.6959936152204386e-06 9.67987269723439e-07 0.0 6.67502448877021e-08 0.0 2.7236067516569334e-06 8.839631299252176e-08 5.609498943669976e-07 5.391198296345991e-07 6.53009084679529e-08 2.7271354875536394e-07 9.285858004689265e-08 0.0 0.0 0.0 0.0 0.0 6.963477103014759e-08 5.725611884131014e-08 0.0 0.0 2.95284583632908e-06 5.035800051575801e-06 8.013527985855058e-06
