0.0 0.0011054500898275525 0.0003017115959107107 0.000696129683012806 1.3182625289470365e-05 0.0001678810095075963 7.945379907854022e-05 1.6696706913100923e-05 1.3385828325926255e-05 0.0006652747246437636 9.415683504638928e-05 8.547793986269363e-05 8.972758933766004e-05 0.00010813639600226002 2.1468529364619e-06 1.760521826835644e-06 8.185105063558925e-07 1.8661135741124485e-07 1.2557887114240524e-07 2.4792035257652315e-07 9.082463509994489e-08 7.054398815319057e-07 3.2751257332046196e-07 8.168414863904203e-08 5.917146611277961e-07 7.007667164920522e-08 0.0 0.0 2.946769478369941e-07 0.0 0.0005898473335798678 4.406544403104669e-06 1.9544359868463037e-05 2.2307528428684387e-07 0.0 1.7341254399011495e-07 1.7990700220997933e-05 1.3197457851740297e-06 5.162874902753051e-06 8.163313022050879e-07 0.0 2.4022626584768805e-07 5.7012392953001044e-08 1.0799030483532662e-06 1.3609000464992903e-07 6.5291604460354e-07 4.679211981997326e-05 2.7912161777576254e-06 7.799381210591539e-07 5.252580563687744e-08 7.770661397410346e-07 7.340682728115917e-07 1.9527683615404427e-07 3.969107267416446e-07 4.848660453786693e-06 7.797557822109381e-06 0.00024812771257886116 0.0006041646168881901 6.441612614566744e-05 4.982002464582226e-05 6.994893654060047e-07 5.072687916249623e-06 1.7753956751946464e-07 7.116129568423174e-05 1.1119144683393661e-05 1.4489502980590859e-05 1.1792165463266485e-06 8.750360367474694e-07 1.192277512292184e-07 0.0 1.7155020006687975e-05 4.5291684746622395e-06 9.155549068655407e-07 0.0002176529183636947 5.565359053229361e-05 4.0879881885223335e-05 3.435251075386893e-06 1.938445600125585e-06 1.188228655009197e-06 4.473432065584014e-05 2.1803873635500266e-07 5.56988173937158e-06 2.3897974435833538e-05 5.9532193141265394e-08 3.493333470880919e-06 6.065549837059374e-06 2.1351088566567055e-06 5.635835201864178e-07 2.0875743565156807e-06 4.815467928898403e-07 5.027983765867157e-07 0.0 1.1503633294814275e-07 2.1660540297918642e-07 3.8611722080439854e-07 0.0004210016715154392 9.840887636495564e-05 9.373678469716339e-07 5.959994932080078e-06 0.001024577896188936 7.314184858043618e-07 8.095683947258784e-06 6.118723489770755e-06 3.8645937571826156e-06 1.8867738164550826e-06 3.1231673227294045e-06 1.1575541878128403e-05 6.841539211556346e-07 2.87809753277424e-05 3.563706877067036e-05 1.146613829471548e-06 1.2151246641971584e-05 5.1715125507722564e-05 2.4967934583370867e-05 3.782380068546191e-06 1.6094688329768924e-06 1.6781753402916601e-06 1.634814790876142e-07 0.0 0.0 0.0 0.0 0.0 0.0 1.182443056080926e-07 2.3812753265729698e-07 0.0 1.8946415328632054e-07 5.026333174149148e-07 2.501349395303522e-06 0.0 1.0575774158514781e-06 2.978962670727313e-06 5.211597731442112e-07 9.620938888483892e-07 4.625487131601947e-07 1.1044884080234696e-06 0.0 0.0 1.0961751444843266e-05 2.4415223407379143e-06 1.0466582817023325e-05 1.0424339396108828e-05 4.348954549138929e-06 0.0 0.0 0.0 0.0 8.615865016719195e-07 9.063426855882445e-07 0.0 2.779111280060476e-07 1.5273051807709826e-06 0.0 0.0 7.435661177271373e-07 2.5968378914026144e-06 6.085082842339974e-07 0.0 0.0 0.0 1.3890367717580815e-07 1.0715238794572129e-06 6.529903728147993e-07 2.6361737664690266e-07 2.42779551117551e-06 3.80472503793014e-06 1.5078976711930548e-06 0.0 0.0 0.0 0.0 1.7295486658588085e-07 0.0 0.0 0.0 9.830570567483082e-06 2.138430200425081e-06 0.0 0.0 8.928778362320611e-08 1.7944639327572716e-06 1.5988968777342925e-06 3.1946857610202144e-06 5.217083329481032e-07 1.9749856062272257e-06 1.772067847939106e-06 8.994590962772706e-08 3.4856352385062756e-07 0.0 0.0 6.364022999141149e-08 0.0 1.7841103811151821e-07 0.0 0.0 0.0 1.4419990618413642e-05 7.564558533768834e-06 1.1670572280365693e-05
0.0011054500898275525 0.0 0.0008854314852657177 0.0016963224953539917 0.00034982792273712215 7.597667006161612e-05 0.0020703370795513605 0.00011148088347724332 0.0007559819163569947 0.001740146056304272 0.0007000821442392675 6.985753600620367e-05 0.0014154548484416943 0.0021984304628315863 8.70888760129306e-06 4.2311840066087025e-06 1.075406040132954e-06 3.1887792190277035e-07 0.0 2.9092781222748814e-07 2.929361693927665e-07 2.048178061974345e-06 2.8121711963401e-07 3.2338891931144944e-07 8.410916970988768e-07 2.798130424024701e-07 9.013003119828986e-08 7.149699451194407e-07 1.3034484327843519e-06 1.340556662112639e-07 0.0010010308925578778 3.6176781785337565e-05 5.5895740264216956e-05 1.4246773525532974e-07 1.9890485833030487e-07 1.0043905027524775e-06 4.051403884586192e-05 3.671413638185726e-06 9.71690730933989e-06 2.058490176088242e-06 8.92568900434849e-08 7.924534850160374e-07 1.2481081453688178e-07 1.9649133054189034e-06 4.991638898531789e-07 1.29268600499325e-06 9.086446254638276e-05 3.340776265407459e-06 6.416618230147892e-07 2.0666963873160864e-07 4.072924271294724e-07 8.067090737178797e-08 1.586226567899092e-06 1.0593947656988752e-06 4.9405161005876926e-06 4.850415098375006e-06 9.679007267814458e-05 0.0004316070455660945 3.805390781322209e-05 6.65749932062737e-05 1.3585831841917867e-06 1.3375651347561277e-05 5.741722757059801e-07 0.000135187716353884 7.435280241639313e-06 8.810985974697863e-06 8.082416139122771e-07 1.1464342416095288e-07 3.606935415111904e-07 3.53953918742603e-07 1.6345684940834014e-05 3.520884491160078e-06 1.6575247900524676e-07 0.00016317446190096085 7.640914784072952e-05 9.095387054900198e-05 1.5052510431111423e-05 3.4821788063137057e-06 4.01817619600835e-06 9.554265680830103e-05 1.1277926022348838e-06 1.9370276865645372e-05 2.0896662025390113e-05 0.0 3.988243629989145e-06 3.3404893308743587e-06 2.581204571142993e-06 1.5153515707509972e-07 1.4012245113843095e-06 9.274070905373975e-08 9.410447603200909e-07 1.2163135975551656e-07 0.0 1.45035442261535e-07 1.5319007001364355e-06 3.368030991269637e-05 8.617909605693042e-06 1.0589787198542007e-07 2.7728117772235784e-06 0.0004833705756484708 0.0 3.6914216890442087e-07 1.6569109221296797e-06 3.4540097346061714e-07 5.235515457570776e-07 1.4696928806887253e-05 9.85886573591728e-07 5.209275412593951e-07 5.191250439926261e-05 1.2201227778277819e-05 1.255464234187532e-06 9.148216017512261e-06 2.1518251965958907e-05 1.0993599005812557e-05 3.481956990600606e-06 2.599887099079034e-06 6.698649874533762e-07 4.484683537133062e-07 9.691250839730128e-07 0.0 0.0 0.0 0.0 0.0 0.0 3.251757494444436e-07 0.0 6.344561558307935e-07 1.2274514239856372e-07 2.3478246027238948e-07 0.0 8.2831762307419e-07 9.605595361170686e-07 5.081504999745237e-07 2.0637262592531996e-06 4.838349906121155e-07 0.0 8.066103543439541e-07 7.75226821756832e-08 1.4005757831234478e-05 4.18490737396492e-06 1.361100907297922e-05 1.8420085741133675e-05 5.828157347280251e-06 7.757288140324677e-07 1.3878105881634476e-07 0.0 1.8072187598167732e-07 9.706659580512777e-07 1.2152357958996517e-06 1.6730766408000028e-07 1.46900798308793e-07 2.7242835714612998e-06 0.0 0.0 8.56805606630722e-08 2.0762922985243686e-06 0.0 7.380837283044936e-08 6.329595682290958e-08 0.0 4.989386194352392e-07 8.459432479527645e-07 0.0 0.0 3.601834481893281e-06 6.789597923048534e-06 9.386714538144659e-07 9.18353019022222e-08 2.0462162818022674e-07 0.0 0.0 0.0 0.0 0.0 0.0 1.3718243357306032e-05 2.4670510951154593e-06 0.0 1.0562498816282733e-07 6.106668784675707e-08 1.5842546649685863e-06 1.0341453171089479e-06 6.396602872352048e-06 2.7694368760652363e-07 2.1560329106723726e-06 6.591198237215306e-07 9.81700379960164e-07 6.74633805225051e-07 0.0 7.908864782252693e-08 7.543387771235326e-08 0.0 0.0 0.0 0.0 0.0 7.719436605221434e-06 1.0829876255817872e-05 1.9319913733633257e-05
0.0003017115959107107 0.0008854314852657177 0.0 8.543246176377758e-05 0.00011207599359265704 1.4213886013222292e-05 0.0001214051950328055 0.0006844482353641961 0.0004551264892325006 0.0004345330095909392 0.0018119739755967739 3.16900427366844e-05 0.0002756777980054256 0.0013664993582539738 6.984854068833315e-06 4.322983445835201e-06 1.0506650625733556e-06 2.8387685903066234e-07 1.0083767588907723e-07 1.5172344558759644e-06 4.14464254296441e-06 7.173192220232892e-06 1.886285775508034e-06 2.5436369796503033e-06 5.150512345596968e-06 3.5703741838716217e-06 2.0555760710334342e-07 1.1161632943499405e-06 6.892521161657357e-06 8.504385193557122e-07 0.0021581430135566783 0.00022995654644711539 0.00010277271299222305 9.446888492400944e-08 8.39102137313907e-07 5.491574905451797e-06 8.196345025261888e-05 1.2596129144570042e-05 1.834712430102597e-05 1.0434309679009973e-05 3.027648756500787e-06 3.904060418855824e-06 6.187864097312341e-07 3.4450232427966365e-06 2.5404525084482114e-07 1.349150107893285e-06 3.557147188577447e-05 1.0928658249817835e-06 6.742686003311955e-07 1.7085818255603187e-07 2.0673551947966304e-07 6.114988816596853e-06 6.601742966544285e-06 2.207808255036049e-06 9.45604478531961e-07 1.0194034668696735e-06 2.848880677483523e-05 0.00015653212635604116 8.162915465975811e-06 1.696928337107731e-05 4.689533781589204e-06 3.0003982259753766e-05 7.509351119980418e-07 7.152299102862449e-05 2.1257107485966473e-06 1.6229135835228622e-06 6.942640154884134e-08 4.9283560411924376e-08 1.9312658053681112e-07 2.682201385880919e-06 2.3113056078531437e-05 7.527412974698386e-06 4.669761161766869e-07 3.591705243763216e-05 2.0225919471920257e-05 3.705783872900517e-05 1.3542680112846285e-05 3.2346026961446135e-05 0.00048794545273131396 0.0006211885667940546 2.2204150456269147e-06 9.188524672626787e-05 4.272521291570934e-06 1.2691711021814209e-07 5.095279286540705e-07 5.904978620258992e-07 4.612361950718636e-07 3.811183338877874e-07 2.157557632822392e-07 4.2187667657342243e-07 6.842935953455694e-08 0.0 1.3027994546489488e-06 2.2655265766971203e-07 4.114572555412126e-06 4.957098988591634e-05 1.6671081990152067e-05 4.76754237036689e-07 5.64965837509937e-06 0.00010732124666816011 0.0 9.469755609660415e-07 1.1016465015673489e-07 0.0 9.790803885990627e-07 9.094786678782926e-07 2.829786215748062e-07 1.9349184695280737e-07 1.4598237307224216e-06 5.952019878465818e-06 6.793249583924352e-07 5.404185070413156e-06 1.5936838265659318e-05 9.451117249889127e-06 3.1333757294434843e-06 1.404866248265538e-06 6.383222592277365e-07 3.791102228110731e-07 3.2420086013338757e-07 0.0 0.0 2.151288148057825e-07 5.062096751901617e-07 0.0 0.0 3.0420884147159954e-06 1.5145758238778497e-07 7.116956468590318e-07 0.0 3.14627721582216e-07 1.518913106422738e-06 1.4775915380012935e-06 3.6534421169006225e-06 3.427902956051673e-07 1.7699959715294922e-07 6.963417601637823e-07 0.0 0.0 0.0 1.33730803278244e-05 4.239270864883028e-06 1.4314654576084674e-05 1.7988497832464927e-05 6.897101115921144e-06 1.0213925770697667e-06 3.299102899186423e-07 2.7117306222087443e-07 3.0955993460016954e-07 1.587265151555961e-06 5.078334243248112e-07 3.714255111100303e-07 1.061828671513374e-06 1.7230197658880527e-06 0.0 0.0 0.0 3.2269039313668275e-06 2.386129347777442e-06 0.0 0.0 0.0 6.412165967453968e-07 4.2910084299196657e-07 0.0 5.667174580483959e-07 3.3557853205024657e-06 6.070852070723312e-06 7.969956457553635e-07 0.0 0.0 0.0 0.0 0.0 0.0 7.461334272056623e-08 2.2356746614722801e-07 9.99303881003591e-06 3.7401796563407195e-06 3.4116930076944513e-07 0.0 3.6924986104598587e-07 1.23791941627491e-06 6.440284803967148e-07 3.842925280528508e-06 1.9931543627638675e-06 1.548169430533136e-06 1.142243883402267e-06 3.3156308223631096e-07 3.8703569431216764e-07 0.0 0.0 0.0 0.0 0.0 8.419365569987169e-08 0.0 0.0 7.6051162101604555e-06 1.3058088007104797e-05 1.9672070316154176e-05
0.000696129683012806 0.0016963224953539917 8.543246176377758e-05 0.0 7.72378903309769e-05 0.0002411113353505755 0.00031732074962027065 1.1533604468343185e-06 2.3040009794658834e-05 0.002339308638145304 2.5290009924520177e-05 0.00012655247941104674 0.001333689344229571 0.0005074957194541127 1.273010429249617e-06 8.558404898751384e-07 5.8062481250235104e-08 1.3033555485488757e-07 0.0 1.557039446732362e-07 0.0 0.0 7.58923217771136e-08 5.244362625393333e-08 0.0 1.4394406787522497e-07 0.0 9.23397077387736e-08 0.0 6.243929886941723e-08 0.00019074073015881577 3.908800150852228e-06 5.07649238392624e-06 1.5649446632516543e-07 0.0 6.707432917355522e-07 1.004862487367223e-05 3.002986565141434e-07 3.049609032669604e-06 1.0537708232947611e-07 0.0 0.0 0.0 1.1404099462391649e-07 7.877264644404565e-08 3.9270191189208617e-07 3.7630137428359366e-05 1.7216830270060613e-06 3.377999555336812e-07 7.525880936146056e-08 4.11740922775379e-07 0.0 0.0 0.0 2.3761315644792747e-06 2.824903989008183e-06 4.184057298407267e-05 0.00023505860870113926 1.959785925251612e-05 2.7210279887094274e-05 4.4293563917933374e-07 3.7751192112692557e-06 0.0 5.885425129051937e-05 5.5768377023827194e-06 6.4091814621399835e-06 3.088133539543236e-07 1.226512359490526e-07 6.045749087421189e-08 8.55972312893388e-08 4.55756823073612e-06 1.6392892677954356e-06 4.3035470208510087e-07 8.082007615542949e-05 3.0608341481334524e-05 2.8954988408280598e-05 2.427667824338124e-06 4.941374362849324e-07 5.318874645880163e-07 2.6766076792428646e-06 2.2228837824381585e-07 3.4997079739401538e-06 1.1967256113569052e-05 0.0 1.0398171994583098e-06 2.195239433071119e-06 7.307326322441445e-07 1.8496725864534506e-07 7.836353367141376e-07 7.85007422432363e-08 2.78073219917664e-07 0.0 0.0 6.07038065968422e-08 0.0 9.623865989854357e-05 1.0007547552882976e-05 0.0 1.6393759761544512e-06 0.0004001954126369611 1.1554433546370583e-07 1.5618493045045485e-06 2.327933871748795e-05 7.659373419213762e-06 2.535178357275398e-07 4.992648554477965e-05 4.6744583488365424e-06 4.643036473758167e-06 4.1678196059306956e-05 1.487146232214597e-05 4.4282668820011466e-07 1.3334116656978502e-05 2.1693773015694882e-05 1.0388817084530958e-05 2.5322798504495677e-06 1.02665725856534e-07 2.1273807387189583e-07 0.0 0.0 0.0 0.0 1.0598119189420872e-07 0.0 0.0 0.0 3.3072531158010225e-07 0.0 0.0 4.633615957441372e-07 0.0 0.0 0.0 0.0 0.0 1.2637590704257067e-06 0.0 0.0 0.0 0.0 4.9543416684539115e-06 1.1445429752759698e-06 5.077456563652292e-06 8.579868208530235e-06 2.9689733159624612e-06 0.0 0.0 0.0 0.0 0.0 0.0 0.0 1.2089722551203986e-07 7.192364393424123e-07 0.0 0.0 1.5755770143068154e-07 6.74176563208276e-08 0.0 0.0 0.0 0.0 2.5893602916229745e-07 9.892375379047533e-07 1.0272417189047353e-07 0.0 0.0 3.696570335049404e-06 4.056790326443985e-07 7.131370207054283e-08 0.0 0.0 0.0 0.0 0.0 0.0 2.0388575711938535e-07 3.885897540049883e-06 8.324017136140743e-07 0.0 0.0 0.0 2.6921943136624204e-07 0.0 1.5635421950607246e-06 7.605948831886709e-07 8.234980022114761e-07 6.254231248878364e-07 3.3412027368887947e-07 0.0 0.0 0.0 0.0 0.0 0.0 0.0 0.0 0.0 7.210070702224367e-06 4.372123375710278e-06 8.542464942676131e-06
1.3182625289470365e-05 0.00034982792273712215 0.00011207599359265704 7.72378903309769e-05 0.0 0.0 0.0013144681936452327 8.789403977351113e-05 0.0017498397891743279 0.00023800675126377905 0.0004858420110195819 1.0861180633071909e-05 0.0004209162915472245 0.0020980032667039863 1.050090455241463e-06 3.9248028074540963e-07 0.0 0.0 8.13866938198327e-08 6.395628342708894e-08 0.0 0.0 0.0 6.507366748162018e-08 0.0 0.0 0.0 0.0 0.0 0.0 1.4991633619521643e-05 3.5640472894845677e-06 1.1292117807858004e-06 0.0 0.0 0.0 4.751994641602801e-06 3.6002879951027696e-07 3.1068123714183446e-07 3.25714314266661e-07 0.0 7.225594678709558e-08 6.138018574734733e-08 2.5487579028322743e-07 0.0 1.8976135255202112e-07 6.6336811306973636e-06 7.611576072824073e-08 8.331956805058989e-08 6.043211062481775e-08 7.275807630443046e-08 0.0 0.0 8.532182032649308e-08 1.4475560643701048e-07 1.6516905980977593e-07 1.4147067999012265e-06 1.2073311387585958e-05 1.9589758461843093e-06 5.128043768766828e-06 0.0 1.3382208178584037e-06 3.1955894834115637e-07 8.312375050580368e-06 4.32427477664467e-07 4.172311539047624e-07 5.5798811932324994e-08 1.246551445902901e-07 0.0 0.0 1.4791235481587836e-07 1.6756545131568886e-07 0.0 5.783780239134338e-06 4.11901546674062e-06 6.859932107450027e-06 1.5217206929891315e-06 1.4822464593601074e-07 8.500570631516908e-07 1.678490056803889e-05 1.1778728128504747e-07 1.1778449480530789e-06 7.656852582614049e-07 0.0 6.526958710583579e-08 0.0 0.0 0.0 0.0 0.0 1.9445941039661334e-07 0.0 0.0 8.533644366615892e-08 2.148473084185065e-07 4.149576022380206e-06 5.612968368553054e-07 1.3246611392205948e-07 2.2204453760424227e-07 1.3469247810666284e-06 1.895894502251532e-07 0.0 4.2203677611416526e-07 0.0 9.751551813545191e-08 1.2547765680903915e-06 0.0 0.0 2.126976017680699e-06 1.6627848005977976e-06 0.0 1.7163462604911392e-06 4.013069730529511e-06 2.9905521169973675e-06 5.685720382560361e-07 1.980566383750728e-07 0.0 0.0 0.0 0.0 0.0 0.0 0.0 0.0 0.0 0.0 0.0 0.0 0.0 0.0 0.0 0.0 0.0 0.0 4.2650741026588317e-07 0.0 0.0 0.0 0.0 2.058728659569077e-06 5.591118259608858e-07 2.176705627812211e-06 3.1753216292841566e-06 1.0698154190668935e-07 0.0 0.0 0.0 1.0455565763288088e-07 0.0 0.0 0.0 2.797802842286297e-07 2.1257692372228384e-07 0.0 0.0 0.0 0.0 0.0 0.0 0.0 0.0 0.0 0.0 0.0 5.626794759869467e-07 7.504360964475354e-07 4.708321819997041e-07 2.8659385187821347e-07 1.6991453702765355e-07 0.0 0.0 0.0 0.0 0.0 0.0 0.0 1.859583898016222e-06 0.0 0.0 0.0 0.0 1.9672815765739124e-07 4.742135524477951e-07 1.1334829696213764e-06 4.404572623218445e-07 3.1396403965511643e-07 2.3768130783623163e-07 0.0 7.476275633866653e-08 0.0 0.0 0.0 0.0 0.0 0.0 0.0 0.0 2.4904805436734547e-06 9.208867468767116e-07 3.008799243276685e-06
0.0001678810095075963 7.597667006161612e-05 1.4213886013222292e-05 0.0002411113353505755 0.0 0.0 4.140861732917239e-06 3.7698132957418027e-07 1.2021522229135388e-06 0.000597209694514601 4.029248643332839e-06 7.189863280822807e-05 3.96281461719956e-05 1.984442916097063e-05 6.638002294441317e-07 7.278460559811936e-07 1.6745597976450752e-07 0.0 0.0 0.0 0.0 3.0953721873272746e-07 0.0 0.0 0.0 0.0 0.0 0.0 6.242951874198894e-07 0.0 4.35853221004071e-05 1.4908897995970958e-07 1.082512403009438e-05 0.0 0.0 2.435885407697106e-07 4.0561624418844904e-05 2.0484501980663008e-07 7.2777863150064735e-06 8.248817487416553e-07 0.0 0.0 0.0 0.0 0.0 0.0 2.9087050198692077e-06 1.390261677585172e-07 0.0 0.0 6.985273105600538e-08 1.0880293328550214e-06 7.144144475110341e-07 0.0 0.0 5.247895936599777e-07 3.484359280186851e-05 3.8230811781305586e-05 1.6198627857357222e-06 1.821057569140722e-06 0.0 2.5941635428637137e-06 0.0 3.30632123519899e-06 0.0 3.890352301489226e-07 0.0 0.0 0.0 0.0 5.189380099165842e-05 2.9994040513661095e-05 7.07361046206244e-06 6.349427945462746e-06 6.565434562908633e-07 1.3164319802341616e-06 1.8549058017401444e-07 0.0 0.0 3.5441560691718233e-06 4.357623468389151e-07 1.0198499472442474e-06 8.891375503459127e-07 9.791882984343574e-07 2.0348605250185236e-07 5.251976936835194e-07 0.0 1.305266293738766e-06 2.686263721245255e-07 2.149889901232262e-06 0.0 0.0 0.0 0.0 0.0 0.0003728088934480647 0.0001249191079485281 6.311006540232466e-06 1.8568575386593286e-05 0.000462487837531723 0.0 2.5917360400843496e-06 2.056481601229234e-06 6.292130875365972e-07 6.483709213365014e-07 1.02956555214406e-07 2.4090112966053592e-06 0.0 4.050533060923113e-06 1.4440511054057116e-05 6.683657969918677e-07 4.168630830256315e-06 1.1900378990778955e-05 4.77996566880602e-06 1.0723293935816536e-06 0.0 2.3658104586678488e-07 7.371529551009994e-07 0.0 0.0 0.0 0.0 9.884041163906655e-08 0.0 0.0 1.5170007427272922e-07 0.0 8.154229751181098e-08 0.0 2.870337635811189e-07 0.0 2.2429622903454907e-07 1.342105174401331e-06 0.0 0.0 0.0 0.0 0.0 0.0 1.652883086489021e-06 9.246703964073128e-08 1.4455366900091171e-06 3.826028475326924e-06 1.2307628768867301e-06 0.0 0.0 0.0 0.0 0.0 8.244746803970932e-08 0.0 0.0 0.0 0.0 0.0 0.0 8.861258285832456e-07 0.0 0.0 0.0 0.0 0.0 8.043516399246299e-08 8.340333281178258e-08 0.0 7.17758734305526e-07 9.282686939245309e-07 1.7040860714451886e-07 0.0 0.0 0.0 0.0 0.0 0.0 0.0 0.0 2.8052532776744537e-06 1.0894274566363023e-06 0.0 0.0 0.0 2.3497100197215872e-07 0.0 7.764146439303231e-07 2.480521330025215e-07 9.759025333933634e-07 5.542491443319519e-07 1.9370579256433275e-07 0.0 6.763902244905067e-08 0.0 0.0 0.0 0.0 0.0 0.0 0.0 1.6484005075770065e-06 1.91994821124167e-06 2.410774322402263e-06
7.945379907854022e-05 0.0020703370795513605 0.0001214051950328055 0.00031732074962027065 0.0013144681936452327 4.140861732917239e-06 0.0 5.150002473754813e-06 0.0007944962186382851 0.0010437622890687105 0.0001287061532883502 2.7171128564253415e-05 0.005256235786255405 0.002480764072191694 3.722263964032327e-06 8.640802543321835e-07 5.715954918177428e-08 5.6825218937750676e-08 0.0 0.0 5.213838651765274e-08 0.0 6.666440762139293e-08 0.0 0.0 5.43056317107436e-08 5.1846487621022e-08 1.705861742408302e-07 9.284065887048489e-08 1.6972018385179705e-07 0.00010611032915392872 1.3304926450239775e-05 1.4557826252291994e-06 0.0 0.0 3.1475855551373755e-07 5.0662824817508875e-06 4.342733690528105e-07 1.101952380187401e-06 6.061493076547506e-08 0.0 1.7148859993474594e-07 8.913652434087615e-08 5.328049490090572e-07 5.3983870913371284e-08 3.759352970057791e-07 3.568006223640049e-05 1.2046672149098614e-06 6.130053823712853e-08 5.697943128284811e-08 2.2955587517950573e-07 0.0 0.0 1.4268594482447288e-07 1.5030488083834817e-06 1.1749515901572016e-06 1.635498678567331e-05 0.00010340209762715106 1.0630818921959836e-05 2.5336202035207184e-05 6.816038852013105e-07 3.6903540905991547e-06 2.2054531874789918e-07 4.7765016239583735e-05 2.282072634707982e-06 2.815646487435119e-06 1.8592374337130064e-07 5.865767956946909e-08 4.697264682220712e-08 7.783382330502632e-08 1.9256888611472404e-06 2.1840675139095946e-06 0.0 4.309537135939581e-05 2.8451431539415045e-05 3.525237598146123e-05 6.1171717168085895e-06 7.235470733353074e-07 2.089493274685378e-06 3.501512915244961e-06 4.1687569317154525e-07 2.5779609109087973e-06 5.309607272369706e-06 0.0 1.4212281468460575e-06 9.576772096143182e-07 9.84647352035677e-07 6.060063396640369e-08 2.9528431334272685e-07 0.0 1.8855004311808926e-07 0.0 0.0 1.733337435924528e-07 0.0 3.7833281010764693e-06 9.355471134064822e-07 0.0 6.243735950223436e-07 1.4352034141717086e-05 4.237963756010632e-07 2.043392245161868e-06 6.523990870671086e-05 1.3608289406284767e-05 1.5354091989901718e-06 0.00017236075892169733 1.7546610383861397e-06 7.946787704808855e-05 2.8234548586395495e-05 8.500940218680193e-06 2.099620907560811e-07 5.092845753645029e-05 1.3866511357421551e-05 8.743306551132071e-06 2.0564166338483497e-06 7.17682513105313e-08 5.072746423805703e-07 0.0 2.0180350713030695e-07 0.0 0.0 0.0 0.0 0.0 0.0 0.0 0.0 0.0 0.0 0.0 0.0 1.4846743596671517e-07 3.4530386312730226e-07 0.0 3.964231618813181e-06 0.0 0.0 0.0 0.0 2.960362615587504e-06 4.547031589202448e-07 5.3621532714662456e-06 5.087399085870434e-06 9.11136093286425e-07 0.0 0.0 0.0 0.0 2.9403475606698933e-07 5.027428078959856e-07 0.0 4.5305469681480725e-07 2.246913190182606e-06 0.0 0.0 0.0 0.0 0.0 0.0 0.0 0.0 5.447505422208246e-08 3.707040693574869e-07 0.0 0.0 1.2114699688600481e-06 2.540234805253613e-06 9.71524012084123e-07 7.092883375393299e-08 0.0 0.0 0.0 0.0 0.0 0.0 0.0 3.6868585918470567e-06 3.2027586111762845e-07 0.0 0.0 0.0 1.0059369895429898e-06 1.3533049962200302e-07 1.2378868852597441e-06 8.285802326992377e-07 1.8971477319258388e-06 9.928503404498278e-07 2.8249782131050495e-07 5.227667220018984e-07 6.037303043957881e-08 0.0 0.0 0.0 0.0 0.0 0.0 0.0 1.8871632042828184e-06 3.1961741614446882e-06 4.598122002838022e-06
1.6696706913100923e-05 0.00011148088347724332 0.0006844482353641961 1.1533604468343185e-06 8.789403977351113e-05 3.7698132957418027e-07 5.150002473754813e-06 0.0 0.00010570013120171686 4.69056228933912e-05 0.0019037986381391493 6.286565715001336e-06 9.661919176552366e-05 0.0007354988337725758 4.492768838423974e-06 2.8994747773370745e-06 1.4801400784943447e-06 1.9091977660706433e-07 2.0470137033989325e-07 1.981699233525009e-06 8.168544093527586e-06 1.3931320867759657e-05 4.176924156835799e-06 4.192816149303445e-06 1.02132463864272e-05 4.693872559595365e-06 1.0069845885597503e-06 2.8949305816346232e-06 1.245086121013771e-05 8.131694569534632e-07 0.0004796871420841295 0.0006587582383408665 4.132537295064304e-05 6.628295283711353e-07 2.543022340334517e-06 1.7975964338406336e-05 2.5097603384924084e-05 1.3629291427782962e-05 9.876344081522802e-06 1.039368661404743e-05 5.779273818026454e-06 6.079945222995432e-06 8.874097483409619e-07 3.4303476708330966e-06 7.592722376094387e-08 2.1503951541813707e-06 2.7577365787283e-05 1.0077425981264028e-06 2.2531482272806915e-07 1.011575711458359e-06 2.3872600111494816e-07 1.0424731230624791e-05 6.835699037756546e-06 3.397543539953343e-06 5.766557068439752e-07 1.724313037011199e-07 1.0919175406839749e-05 8.336463419251747e-05 4.835030824474579e-06 1.5515084141190746e-05 1.2275904015556368e-05 5.4398968834361976e-05 1.162802448575736e-06 7.947946758282728e-05 9.876988596936743e-07 8.405845227659813e-07 1.2424394952980938e-07 0.0 1.1225434953059256e-06 3.8937030812358285e-06 1.0108243746777674e-05 6.7298096179668e-06 8.662808918504146e-07 2.050241872358027e-05 1.8445873764010767e-05 3.133389484847715e-05 1.31301787906057e-05 9.739986062764362e-05 0.0008407491323339757 0.0006374151024953762 9.902135970829825e-06 0.00022942499756726408 3.1625549095215544e-06 1.2680459095474568e-07 7.657944127369363e-07 2.4225228933237497e-07 7.278319295511281e-07 4.706154205671104e-07 7.483498475192927e-07 4.720612240076579e-07 2.3941491658479794e-07 5.819931311725591e-07 8.908603028028306e-07 9.490361078367678e-07 5.208798833695016e-06 9.08535558065788e-06 5.1319077709460324e-06 5.304490201420255e-07 1.5160224081763406e-06 8.772659886193862e-06 0.0 1.1871256482057678e-07 1.9115099574279043e-07 0.0 0.0 7.557490538938956e-08 0.0 0.0 2.0048562715076502e-07 6.001262805869856e-07 0.0 1.0855674628612065e-06 2.668318309010293e-06 2.0800445339032857e-06 5.834865101579806e-07 3.588327522997827e-07 7.587075684695523e-07 1.6111179765583532e-07 0.0 1.3308664516596379e-07 0.0 2.2320526164086403e-07 4.554077956633534e-07 0.0 0.0 4.491957162620489e-06 1.1212426285646035e-07 1.2458483708756793e-06 4.4433214445505956e-07 4.000249917159234e-07 1.5872490516849119e-06 5.859171363691177e-07 2.511368086664681e-06 6.959280001032695e-07 0.0 0.0 0.0 0.0 0.0 2.243979497424602e-06 8.016216753702748e-07 1.8195950553401874e-06 4.5342778648090114e-06 1.8374703323344223e-06 1.6510152364288174e-06 3.384359382999185e-07 4.794819300042999e-07 1.5791934750530427e-07 0.0 0.0 5.669201498405927e-07 0.0 3.3587531107239945e-07 0.0 0.0 1.1839738215981792e-07 1.442350619231359e-06 4.426848985950247e-06 0.0 0.0 0.0 2.4939330621113626e-07 0.0 0.0 2.554352347736021e-07 0.0 1.1270777480838988e-06 2.240721559321224e-07 0.0 0.0 1.5260383925632954e-07 0.0 0.0 0.0 0.0 3.122582957039457e-07 1.3265718654805957e-06 2.211064129781468e-06 1.1411251931853583e-06 0.0 6.098021705785536e-07 1.7739230717629904e-07 1.938078246689268e-07 4.3139842047450637e-07 1.999758262956961e-07 6.875649263457932e-07 5.274911397176682e-07 1.6320309613211153e-07 2.7788830802421303e-07 0.0 0.0 0.0 0.0 0.0 3.796014061197843e-07 2.1255024204298413e-07 2.443587033254449e-07 1.16307295196472e-07 2.8003832086561286e-06 3.917284281253281e-06
1.3385828325926255e-05 0.0007559819163569947 0.0004551264892325006 2.3040009794658834e-05 0.0017498397891743279 1.2021522229135388e-06 0.0007944962186382851 0.00010570013120171686 0.0 0.0001257775825561944 0.000811905577862805 1.9690424102896078e-05 0.0008624041076986884 0.0014771479327078073 2.0256868923210444e-06 9.150736712137802e-07 1.0572022443707825e-07 0.0 0.0 5.611567462078011e-08 0.0 0.0 0.0 0.0 7.32171166607111e-08 0.0 3.3057703375537405e-07 0.0 0.0 0.0 4.2335110744929015e-05 5.663663559222443e-06 6.3165027532069426e-06 0.0 0.0 0.0 9.127794391159684e-06 1.0427447967918831e-06 5.336615359754638e-07 3.4338985253146675e-07 0.0 1.0976816362042288e-07 0.0 5.136473944250234e-07 9.348793804830225e-08 5.009359925321147e-07 1.3386253827250753e-05 2.0714856966931823e-07 1.6088537724710637e-07 9.964504552364417e-08 0.0 0.0 1.012710851749274e-07 0.0 0.0 5.221946796700382e-08 1.7410620802275453e-06 1.2681915546977977e-05 1.3375714942525169e-06 8.132558591215152e-06 0.0 7.904936404251652e-07 7.604471212034324e-08 1.2534370919463733e-05 4.0441084835735855e-07 3.209992621137387e-07 0.0 8.8150201376541e-08 0.0 1.7637156020784434e-07 1.4973620991981419e-06 0.0 0.0 9.997324806777577e-06 5.68515955618805e-06 1.5220719829944371e-05 4.229815730530746e-06 1.3124412187821571e-06 3.722909932315294e-06 7.605222826137796e-05 3.559684943765935e-07 3.7636766656744657e-06 1.1944848699211998e-06 0.0 2.5198123507183733e-07 1.1171068262989815e-07 7.329459196610571e-08 0.0 2.591189534173472e-07 1.198516141336809e-07 0.0 9.108025486328171e-08 0.0 0.0 0.0 5.590711730766149e-06 3.0764373760209275e-07 0.0 1.0681848741019012e-06 3.869228963061478e-06 0.0 0.0 8.069892928726673e-07 2.009668628025255e-07 2.8625345460459385e-07 2.2593573540924753e-06 0.0 0.0 1.7297223097355133e-06 2.406356464782569e-06 2.8097241295199014e-07 1.2420152480787785e-06 4.95957324630516e-06 4.33921770963553e-06 2.4274457057467916e-07 1.6725295669924393e-07 0.0 0.0 0.0 0.0 0.0 0.0 0.0 0.0 0.0 0.0 0.0 0.0 0.0 4.806258442990145e-07 0.0 0.0 0.0 0.0 2.1865436475751744e-07 3.485141073739963e-07 0.0 0.0 0.0 3.3187477990440643e-06 1.5058674973300875e-06 3.8452152576604e-06 3.7299321357423887e-06 2.0649733603757697e-06 0.0 0.0 0.0 2.0059176704138815e-07 0.0 1.5739407146554043e-07 0.0 0.0 1.5397411243763213e-07 0.0 0.0 0.0 2.928465647606522e-07 0.0 0.0 0.0 0.0 0.0 0.0 0.0 0.0 2.914095021965975e-07 9.544391810222595e-07 1.45610565432917e-07 0.0 1.1552440229002544e-07 0.0 0.0 0.0 0.0 0.0 0.0 2.9111296642352515e-06 0.0 0.0 0.0 0.0 1.355513546432087e-07 0.0 1.1001429383013576e-06 3.388080052787303e-07 8.346584782547764e-07 1.5849924574132153e-07 5.425658436695824e-07 6.232743694643489e-07 0.0 0.0 0.0 0.0 0.0 0.0 0.0 0.0 2.938886788419196e-06 2.723708736970733e-06 4.720546889365431e-06
0.0006652747246437636 0.001740146056304272 0.0004345330095909392 0.002339308638145304 0.00023800675126377905 0.000597209694514601 0.0010437622890687105 4.69056228933912e-05 0.0001257775825561944 0.0 0.00012100958367734393 0.002626521682962091 0.004405026224089898 0.0008435898896322222 5.41935167424629e-06 2.545443766619339e-06 8.400350212000846e-07 0.0 0.0 0.0 0.0 7.010838773262676e-07 0.0 9.38158321298839e-08 1.4343610795191334e-07 0.0 1.9518679140199834e-07 0.0 9.671885373436854e-08 0.0 0.00011965569568785093 8.911848898327109e-06 7.43742410463285e-05 0.0 0.0 1.9827593168039174e-06 0.00015781509542630982 6.3151196644904245e-06 1.8925369867769854e-05 2.8120261933862605e-06 7.960927184193754e-08 3.3659201562008664e-07 0.0 9.469295045448022e-07 1.370492720696462e-07 2.550996930166482e-07 4.2352582810543685e-05 1.1058200121729246e-06 3.358489180739152e-07 7.134484647130043e-08 2.3693578726419968e-07 1.4755891484836915e-07 4.035657660313169e-07 8.571404763765972e-08 1.69421496696779e-06 1.7514957526270914e-06 3.214688657743024e-05 0.00015031508624940723 1.4864763621066081e-05 2.9919270644416437e-05 2.0632637452621896e-06 3.843489269612113e-05 0.0 4.9208391642582494e-05 2.857594611537812e-06 4.1280644887077615e-06 5.209103765820591e-07 1.9015261917129382e-07 4.2715486454517875e-07 0.0 7.72187038799165e-05 9.922026646908244e-06 4.4547295898036283e-07 6.19971987387723e-05 2.8057249466332902e-05 3.2180983936840885e-05 6.160485121334221e-06 1.641539705120561e-06 9.042546761802752e-07 1.7105076441479994e-05 6.398360493665494e-07 2.580639980562148e-05 8.118420557127323e-06 0.0 9.81023371390832e-07 1.0679636357504321e-06 6.946393526056425e-07 8.109687721105082e-08 5.467941847001963e-07 0.0 3.549192058671923e-07 0.0 0.0 6.776986584551709e-08 2.5272391616043907e-07 0.0003331003589162285 7.586323575575438e-05 4.219448620355277e-07 1.1305392780957203e-05 0.00023775686952382563 2.1753988786077156e-06 1.9323475524858508e-05 0.00014765653216198554 5.9195374004830664e-05 1.1138893868012754e-05 8.968818486540648e-05 4.574844228126937e-05 1.3853342121952822e-05 0.00010030409222120238 0.00020836272173377446 9.391031291224349e-06 9.524253636723186e-05 0.0003548428121825584 0.0001675243254255355 3.7991495844380694e-05 3.6192054240380506e-06 2.8283401520215333e-06 2.5249924014103077e-06 4.723446423137769e-07 3.932990836523042e-07 6.123015974732058e-07 0.0 1.67334222715018e-07 2.5148943180924393e-07 8.1931089048027e-07 0.0 8.287740179784083e-07 1.7933968832790138e-06 8.773710764813991e-07 1.7635974795677438e-07 7.989123917202367e-07 2.227966467243269e-06 1.3361297181459675e-06 0.0 1.2498709870725456e-05 2.3514107851118106e-06 1.5627270266926208e-07 1.006435593368399e-07 2.3899226136919263e-06 7.464039716725062e-05 1.6168093297188438e-05 7.094387667933285e-05 7.03563654049088e-05 1.722236599444702e-05 4.6869232835677046e-07 2.7451412146920057e-07 0.0 3.2642943816857207e-07 1.6618696540181148e-06 3.7580407217203855e-06 5.176383025836712e-07 6.083973484558605e-06 1.099343499724963e-05 2.7750458496592005e-07 2.6388229098600114e-07 0.0 4.152545904354527e-06 0.0 1.8530485902778588e-07 6.724210147177384e-07 0.0 1.2162234155614204e-06 5.453467026516942e-06 7.534669421311059e-07 2.820900847408423e-06 7.97588917011843e-06 3.3784826801915487e-05 7.659054128766977e-06 8.654815536024341e-07 7.341912745013177e-07 0.0 0.0 2.0502846463364207e-07 8.395468477438098e-08 0.0 1.9784943180422196e-07 0.00010125567391173697 6.634944284366262e-06 3.69099983645592e-07 1.1341963519734506e-07 0.0 6.110640417474336e-06 3.870133172897482e-06 1.743859328708016e-05 8.291229199781486e-06 1.2367840582902658e-05 7.188029732668933e-06 2.3345533777428206e-06 2.6216271401805267e-06 6.405843384349256e-07 1.8531313138951272e-07 0.0 0.0 1.6166491009816048e-07 1.2627091004402827e-07 0.0 0.0 0.00010254646338788738 4.464961764887007e-05 7.668728891956868e-05
9.415683504638928e-05 0.0007000821442392675 0.0018119739755967739 2.5290009924520177e-05 0.0004858420110195819 4.029248643332839e-06 0.0001287061532883502 0.0019037986381391493 0.000811905577862805 0.00012100958367734393 0.0 3.2671395152147595e-05 0.0006939031681652122 0.0022269996572800536 1.5657270781783897e-05 1.1297072999857095e-05 2.01931084174334e-06 9.277789682173138e-08 1.2836455582660677e-07 1.8171601225791812e-07 2.408465732456486e-06 7.816409455481115e-06 9.0306914925589e-07 9.575309667527152e-07 7.615333523387556e-06 1.2964689777802999e-06 6.050694757685845e-07 1.1663822089986269e-06 1.2314300854522504e-05 1.7599533622529064e-06 0.0006554120960480669 0.00011409431848056888 0.000760850536438982 0.0 7.435412911770123e-07 1.3527221704765963e-05 0.0002942395035600051 4.7002878347971757e-05 5.852653652231631e-05 2.7775561711785274e-05 2.8820914219172423e-06 2.4049457147649682e-06 3.753518920077255e-07 2.951238773231975e-06 5.336859744628535e-07 1.1745439444510085e-06 4.661703420975379e-05 9.182413610687993e-07 4.096576316423762e-07 4.0750649105280727e-07 1.2162418532738272e-07 8.83114664305825e-06 7.2033664215595385e-06 3.354581114509582e-06 6.567167925568633e-07 7.63674142064727e-07 2.1500469000570992e-05 8.67628421431987e-05 7.88968076368309e-06 2.5335759019002395e-05 2.7984392841023563e-06 0.0001705096223070522 4.3895323527355954e-07 5.2857485639576464e-05 1.890389751896875e-06 1.7570173931756856e-06 3.093933326423714e-07 1.4766595864121755e-07 0.0 8.483328720231685e-07 4.177788559480348e-05 9.73890046199436e-06 1.3625031951816531e-06 3.48996724197822e-05 2.4324332399354013e-05 5.333684886970844e-05 2.3256935642808072e-05 1.1492858297576521e-05 0.00017058305479379857 0.0010002542723874044 2.2974285752962458e-06 0.0005291324283603964 3.810614940549749e-06 4.6918557975591336e-07 7.226291582592796e-07 5.898617514829075e-07 6.538181863491125e-07 2.0116341184556813e-07 6.625453102771831e-07 8.049027741934988e-07 5.8482809982416516e-08 5.65183256756192e-07 9.671769238564556e-07 2.8808627490421346e-07 4.084859457799719e-06 6.083988497853996e-05 2.1549872765781463e-05 2.9682315719033915e-07 1.0968198809047322e-05 5.153906426519387e-05 0.0 3.794748503432976e-07 1.1226229961095007e-07 3.824561565059545e-07 7.807691053499643e-07 0.0 8.680227776931798e-07 0.0 9.986062194515292e-07 4.152835560059248e-06 6.892608267544057e-07 3.92306268682353e-06 7.707906229671672e-06 4.65940314267085e-06 2.483634388219036e-06 1.001147093339318e-06 8.738349873136654e-07 3.5806446380311244e-07 0.0 1.9993154928407362e-07 0.0 2.2229097637115455e-07 4.759187663620588e-07 0.0 7.266897804686128e-07 1.7695642943285345e-06 6.660256840475426e-08 1.4948807030232712e-06 2.1063417755413413e-07 4.952015610952567e-07 1.1832878307962623e-06 1.6667736832582652e-06 2.6151138100439145e-06 7.162223466110803e-07 1.6391755275541639e-06 1.1263581472631126e-07 1.900314063561284e-07 8.485678866017462e-08 8.336402394966852e-07 7.0609856218219015e-06 1.500097449306069e-06 7.068040597620253e-06 1.0806150653870578e-05 4.653345114237334e-06 2.1700986846393744e-06 2.5761258852770466e-07 1.76415198335695e-07 0.0 2.2276552030696443e-07 4.514114404289918e-07 2.7096912105596843e-07 0.0 1.248712501022114e-06 3.3738376771483564e-07 0.0 0.0 6.030676205471143e-06 2.7325123707798318e-06 0.0 0.0 0.0 9.390314624536443e-08 1.3839023231700378e-07 0.0 2.1250554857379186e-07 1.599715141139335e-06 2.35314201815924e-06 7.62595001119529e-08 0.0 0.0 0.0 0.0 0.0 0.0 0.0 7.294165837314151e-07 4.716800015877725e-06 3.8329390397304855e-06 3.3215325940234577e-07 0.0 3.754252547946186e-07 7.211667675030267e-07 2.1944230247952507e-07 1.7060758678537773e-06 1.016713269280759e-06 8.166627693033198e-07 8.833325719432303e-07 4.338338548775853e-07 1.0732455150506481e-07 1.0193255230495124e-07 0.0 0.0 0.0 7.32070506919508e-08 3.570396090486287e-07 0.0 1.6979304499661747e-07 4.548498835475367e-06 5.965687088341132e-06 1.0454258214295757e-05
