0.0 0.0008981805984838153 0.0008329031232151775 0.0011933299653518411 1.0152080727215137e-05 1.704234329457259e-05 5.490184845386104e-05 7.827077152639531e-05 8.821378124734876e-07 0.00031308978014175817 7.053722969583567e-05 1.1152808398116584e-05 1.0888999693419993e-05 8.39219850862463e-06 1.4044216280034489e-06 5.033062340495537e-07 3.7132888627286495e-07 1.0494195748913384e-07 0.0 0.0 0.0 2.523694425670451e-07 0.0 0.0 1.0489205864486874e-07 0.0 0.0 0.0 0.0 0.0 0.0002861321152465918 4.852266033557158e-06 4.734458999187273e-06 0.0 0.0 0.0 9.14361500581747e-07 2.7356640452534864e-07 1.2341967442202188e-06 1.8967084194731438e-07 0.0 0.0 1.3856204654522693e-07 2.602524776373335e-07 2.062378811802463e-07 7.945119518999543e-08 6.4429443939156386e-06 1.157894471182713e-06 0.0 6.544423101673444e-08 4.204940066870881e-07 1.2876635075913245e-06 6.60918402280447e-07 0.0 2.3907300902545723e-06 1.7423678600217566e-06 0.00010924401519422117 0.0011795334412164978 1.4214369573990568e-05 9.087552368479935e-06 1.3441449022912468e-06 5.435913008726729e-07 1.6109094346690396e-07 1.9531493073007685e-06 1.1480881024107865e-06 4.2280487902796476e-07 8.536657220114406e-08 3.3229031621914537e-07 0.0 0.0 4.658994759988639e-06 1.7253192506207165e-05 1.0529109286612347e-06 0.00010888530020947665 2.0688534999115924e-05 1.1186313116061244e-05 3.815174508020175e-07 9.980512384135584e-08 1.3229678663278915e-06 1.734067641702751e-05 4.204271767368943e-07 1.5604088972338079e-06 4.7927039762152996e-06 1.1380592652960554e-07 7.040114770490868e-07 6.353344550077354e-07 9.423193885649193e-08 4.2150576006188406e-07 1.9170788559527847e-07 9.194525882980348e-07 0.0 0.0 1.2621586014296396e-07 0.0 0.0 2.361141974764321e-05 5.566076260380503e-06 7.825980757311922e-07 2.522666491908575e-06 0.0005941118927476533 0.0 3.4968439205846613e-06 6.7869800738813314e-06 4.0133190011117113e-07 9.324805951278659e-07 7.01444945008688e-07 1.9416574613091153e-05 2.9387821784934866e-06 2.2443981755121745e-06 8.313742279458175e-06 1.8685796231565415e-07 2.06061126823448e-06 7.418665643956698e-06 3.617254439932271e-06 3.013267576151067e-07 0.0 0.0 0.0 0.0 0.0 0.0 0.0 0.0 0.0 0.0 0.0 0.0 0.0 0.0 0.0 0.0 0.0 0.0 0.0 1.1788210625466257e-07 0.0 0.0 0.0 0.0 1.4610346460792236e-07 0.0 3.5332660038491216e-07 0.0 0.0 0.0 0.0 0.0 0.0 0.0 0.0 0.0 2.1828690271434983e-07 0.0 0.0 0.0 0.0 0.0 0.0 0.0 0.0 0.0 3.246764458012686e-07 0.0 2.513123282038278e-06 1.1367664316037323e-07 0.0 8.123105054708131e-07 0.0 0.0 0.0 0.0 0.0 0.0 0.0 0.0 0.0 4.339096320198652e-07 0.0 0.0 0.0 0.0 2.104334395775674e-06 0.0 1.295909643006446e-07 0.0 2.0336908098079724e-07 0.0 0.0 0.0 0.0 0.0 0.0 0.0 0.0 0.0 0.0 0.0 1.4072455567790011e-05 0.0 0.0
0.0008981805984838153 0.0 0.001304454724458042 0.00045969701005629186 0.0009564262782885058 3.943924643252195e-06 0.0009182175837443957 0.000934264754895186 0.0008013814387784225 0.0006552995479893269 0.0011830898302313724 0.00014263102357017635 0.0005896983297059249 0.0008992586583101905 3.380743186298884e-05 1.6938550424089174e-05 2.140196905989194e-06 1.960937727837125e-07 4.2207284030130285e-07 7.583713882034106e-08 0.0 0.0 1.0769065065930911e-07 0.0 1.1021329040486215e-06 1.4957270411729193e-07 0.0 3.1714748647689807e-07 2.633309440273221e-07 7.021332024510572e-08 0.001453607030253355 2.637512272656995e-05 8.356624338339623e-06 8.524790271860001e-08 2.578193898653125e-07 1.0881377157789884e-06 1.6502065714612233e-06 9.079410974316821e-07 4.619439096389844e-07 1.874430198755659e-07 1.660231263649551e-07 1.5021740389374857e-07 1.286457693394378e-07 2.8775384470416382e-06 4.90865041781193e-07 8.121760589129097e-07 6.774592575181285e-05 4.909551951284404e-06 1.5099042468176562e-06 5.898575444153116e-07 1.515254196768125e-07 9.585044077407806e-08 3.110450327247942e-07 2.1291246255806454e-07 1.368291896221514e-05 8.706835754995157e-06 4.280719952996797e-05 0.0007366322208870298 3.201683930166437e-05 7.411047214918414e-05 1.1821863754138022e-06 6.530271851733551e-07 5.726631637826854e-07 6.911581878518609e-05 4.06828532937444e-06 2.8739481101930256e-06 3.7448631790335804e-07 1.1609608342278743e-06 2.6390651777200267e-07 3.823123502526248e-07 3.3935352358057615e-06 3.426661315921348e-06 0.0 0.0003735839926740696 0.00017567948942771608 0.00014196041709324704 2.5773120292226404e-05 6.796609967819435e-06 6.143986046449269e-05 7.546494890746802e-05 1.7684816351076586e-06 3.457016979938398e-06 1.6143039145607265e-05 4.5403347333075217e-07 2.3895071852242828e-06 3.6392219508968525e-06 1.5367402294078618e-06 0.0 3.000835592168147e-07 0.0 3.267750643674919e-07 7.508895963845185e-08 4.782128016801581e-07 3.946191598540477e-07 1.7591682610071582e-07 9.075833962727757e-06 9.062486976258142e-06 1.83872640967385e-07 1.0764644889259782e-06 0.00031723725113546886 4.7667829242344527e-07 1.0413523501531108e-06 8.7613497751521e-06 2.188699397224692e-07 4.085131616052819e-06 6.536765146489186e-06 6.134181981745295e-06 4.813988125382764e-06 6.500867967440367e-06 4.804255934022095e-06 1.334941640277062e-06 6.942208222601914e-06 1.1763550469681218e-05 4.262758595661515e-06 3.2234717206361358e-06 4.876323585725809e-07 1.8336909230705214e-07 0.0 0.0 0.0 0.0 0.0 0.0 0.0 1.1637574096837077e-07 0.0 0.0 6.928376339640786e-07 0.0 1.9643598477592394e-07 0.0 9.973639712811586e-07 0.0 0.0 7.16563126414979e-06 2.651919393136597e-06 9.311029302057436e-08 0.0 2.1398196138635897e-07 2.6748830041893624e-06 1.2129755835586298e-06 2.641089523038544e-06 2.44312182423566e-06 1.8614637668440878e-07 0.0 0.0 0.0 1.6194850398218856e-07 1.123813440754084e-06 0.0 0.0 0.0 0.0 0.0 0.0 0.0 9.125492972286926e-07 0.0 0.0 0.0 0.0 3.2120390312896884e-06 1.3606898751818753e-06 0.0 2.7232166475750765e-07 7.584011214616051e-07 7.895856234109601e-06 1.2864282077136755e-06 0.0 0.0 0.0 0.0 0.0 0.0 0.0 0.0 3.6928334432781655e-06 3.1429443540051083e-07 0.0 0.0 0.0 4.98583671021092e-06 4.699824417431226e-06 3.4535003453119846e-06 7.421618508694357e-08 7.266539721079e-07 8.380857103495524e-07 8.685900925689845e-08 6.898632060254729e-07 0.0 0.0 0.0 0.0 0.0 0.0 0.0 0.0 1.1638070785204956e-05 1.9916639714351865e-07 9.024529353495145e-07
0.0008329031232151775 0.001304454724458042 0.0 0.000809843187578795 0.0003305816560027619 5.51597642312346e-06 0.00019691422188013023 0.0009386189835949609 0.00029265994842808023 0.0004996824992288271 0.001154091857119449 0.00014818308836207048 0.00040223051321545077 0.000619045652553022 6.682877499927721e-06 4.330521585560213e-06 7.294064508177969e-07 1.3078190388212326e-06 2.430375840115101e-07 5.291678834049775e-07 4.5656561446155205e-06 0.0 2.555357750077068e-07 2.8833166261901706e-07 5.6908617775000685e-06 2.4737073559679886e-06 2.4966802871153847e-07 4.5019963203885455e-07 3.7826443429354953e-07 1.7722008999320076e-07 0.004130697875764959 0.000234223961914592 5.71927046176905e-05 6.000843157419936e-07 4.2258249853523713e-07 2.952385331797165e-06 2.2120789935705672e-05 6.802111451167965e-06 8.654772516414567e-06 6.1111286677765926e-06 5.8682666241935295e-06 4.030531043603187e-06 3.144265906686545e-06 1.4035940882557044e-06 1.317688396099036e-06 2.0234413012838477e-06 1.350262679492852e-05 8.733009811207262e-07 5.903100521803662e-07 6.440420077830871e-06 1.1020875334765543e-06 0.0 4.145800736117658e-06 4.934240267012606e-07 2.9670456090477056e-06 1.723635332340555e-06 1.8181382735133606e-05 0.00029738620639088796 6.258172248013942e-06 1.4949178269514316e-05 3.8662793805169644e-05 1.3218738876760629e-05 6.720530083261027e-07 0.0002086396869850488 1.87594641123705e-06 1.1952154723832375e-06 3.2138540218861236e-07 1.4702235326261102e-06 1.4836034373185635e-05 7.800352916945728e-06 2.7502756288031033e-05 2.8022563921332567e-05 6.095006221815329e-07 0.00010117967357176229 6.168360757365179e-05 3.2090673674339884e-05 5.88722274629581e-06 3.174745866584312e-06 0.0001906380921098362 0.0007702995666324032 3.4170868178464774e-05 0.0002592289188412831 4.670414687114675e-06 8.285457110002854e-08 1.122667125019009e-06 6.989187760859133e-07 2.754228507749235e-06 0.0 5.054180381138374e-07 0.0 5.161375844867496e-07 2.51909906795756e-07 1.0272771544215945e-05 2.4733915668833076e-06 1.7779354175918073e-06 6.185617255589955e-05 6.704442849208275e-05 0.0 1.2445304274944688e-05 0.0003065412391275794 7.897157361647919e-06 3.361240704596022e-06 3.4004340616952336e-05 5.005772336723024e-06 1.8095417448678624e-05 2.2069077897777535e-05 6.805699024732309e-06 2.3479672838607312e-05 2.5537144297138298e-05 1.572974560284404e-05 1.0157412044962714e-05 1.997647962551749e-05 5.487343906439553e-05 1.7886400438269384e-05 1.0983646891608498e-05 2.5892998256415216e-06 2.2490054409038102e-06 1.548742886066745e-07 1.1316849594777919e-06 0.0 0.0 0.0 0.0 0.0 0.0 0.0 1.310149262138367e-07 4.215044175529658e-06 0.0 9.460422432629066e-07 1.362808036397254e-07 5.15778016513687e-06 4.922133328318033e-07 1.281581950178212e-06 2.5057950122237567e-05 1.7024636696074215e-05 8.750885624928475e-07 1.3954450910676637e-06 1.6535928485515426e-06 7.827331508164715e-06 1.2275991051352014e-05 1.8193105888783178e-05 8.472930438155307e-06 3.749123045285222e-06 1.5804478194648188e-07 1.9446925313578802e-07 0.0 3.7532645295636645e-06 5.515986541855162e-06 3.1467433108296972e-06 0.0 3.22678295778716e-07 2.3135416415354893e-06 0.0 0.0 0.0 6.2628704941408325e-06 1.0827119272521517e-06 3.7810718265405204e-07 0.0 0.0 8.630105927607914e-06 1.186838136071274e-05 0.0 2.935256978484475e-06 2.9596399752600093e-06 3.1434589965330106e-05 1.4314808136825664e-05 0.0 9.894955991875142e-08 0.0 7.692358872049097e-08 0.0 0.0 0.0 1.39074835436484e-07 1.134874180058304e-05 3.803624307214937e-06 0.0 0.0 9.586530340998993e-08 4.769336922464642e-05 3.085762685170112e-05 2.9530339952094104e-05 3.869161136206996e-06 8.895388365280036e-06 2.1484089715468183e-06 1.1570539935144001e-06 3.1432233259207655e-06 4.046858403864409e-07 0.0 0.0 0.0 0.0 3.810197162195696e-07 0.0 0.0 3.5848284131286085e-05 2.5468158154631815e-06 6.732917623090884e-06
0.0011933299653518411 0.00045969701005629186 0.000809843187578795 0.0 9.622339599689819e-05 0.00019778734096367146 0.0001595343920386398 3.0459345094316178e-05 6.721765866314105e-05 0.0017843326449569086 0.00013189819112284406 4.100024564234761e-05 0.0001748963840736895 0.00027431854711142204 6.18474403020782e-06 3.07592932765629e-06 9.695045153171232e-08 1.5478438603146763e-07 0.0 0.0 0.0 0.0 0.0 0.0 0.0 0.0 0.0 0.0 1.362814744948659e-07 0.0 0.0001397016396648973 6.758549544492517e-06 3.389959126676588e-06 9.29005549526982e-08 0.0 0.0 0.0 7.877113176398604e-08 1.1407567418707964e-07 0.0 0.0 6.852406706930182e-08 0.0 4.849305613712798e-07 8.19125627007395e-08 2.480427783106932e-07 1.8913398644734427e-05 8.386656965640563e-07 4.398160004048405e-07 2.3332328212125633e-07 0.0 0.0 1.9890448411572193e-07 0.0 4.736321293057489e-06 1.9466353438177067e-06 1.962677733600223e-05 0.0011075225699531425 1.3576525697479468e-05 2.035342862069639e-05 3.25126980932755e-07 3.0037007825280297e-07 9.052306829363729e-08 8.681789182655967e-06 1.4269862479613608e-06 5.246478132088739e-07 7.356111101492034e-08 6.424559496979182e-07 6.004848322336541e-08 0.0 1.0134908736372828e-06 4.4862658854341264e-07 0.0 0.0001434728581667992 3.842021027428592e-05 3.402631883364687e-05 3.9419911828324836e-06 7.650827627911407e-07 4.940267501132073e-07 2.3075193326108447e-05 7.274306746128193e-07 5.405207889079224e-07 6.0939752931644325e-06 1.5508003348919008e-07 7.980184078968839e-07 8.179510235472261e-07 8.700578996574351e-07 8.722511247712201e-08 7.382441367122257e-08 8.36953921822819e-08 0.0 0.0 7.404145128193776e-08 0.0 0.0 1.7937276830283485e-06 2.972487474138803e-06 0.0 7.456634990711913e-07 0.00035665964127838315 1.7282298594708902e-07 1.4771616682309087e-06 7.611104929368982e-06 7.006518121432841e-06 1.3733256394001134e-06 1.7732827976008464e-06 5.53935280176057e-07 7.957283528299287e-06 1.2764725417274908e-06 4.572833272364147e-07 7.304428581190087e-07 5.456859973322352e-06 1.1651424244628046e-05 8.353981815981813e-06 3.0340041078645594e-07 0.0 0.0 0.0 0.0 0.0 0.0 0.0 0.0 0.0 0.0 0.0 0.0 0.0 0.0 0.0 0.0 0.0 3.197407089682466e-07 0.0 5.429810463131362e-07 1.9197026183257704e-07 0.0 0.0 0.0 4.005141516539309e-07 0.0 3.4423470831043253e-07 1.060539238437375e-07 0.0 0.0 0.0 0.0 0.0 0.0 1.0552170411251616e-07 0.0 0.0 0.0 0.0 0.0 0.0 0.0 0.0 0.0 0.0 0.0 0.0 1.2362264563798607e-07 0.0 0.0 0.0 1.6590929023397146e-06 3.1998997957119193e-07 0.0 0.0 0.0 0.0 0.0 0.0 0.0 0.0 8.988301578630328e-07 0.0 0.0 0.0 0.0 2.700678670149889e-06 1.1214221376736754e-07 0.0 0.0 2.190855717319374e-07 0.0 8.859867240469359e-08 2.4322036807820273e-07 0.0 0.0 0.0 0.0 0.0 0.0 0.0 0.0 3.6765390667280218e-06 0.0 0.0
1.0152080727215137e-05 0.0009564262782885058 0.0003305816560027619 9.622339599689819e-05 0.0 4.299651475479982e-07 0.00232581540654573 0.0005393135508768444 0.002173390940831467 0.0008334369255176345 0.0014892144251263666 0.00010681786708320187 0.0007994032850548404 0.0009860639306647281 4.343908979072493e-06 4.271896952440851e-06 9.130660313870858e-08 0.0 0.0 0.0 0.0 0.0 0.0 0.0 1.1579848609265338e-07 0.0 0.0 0.0 0.0 0.0 2.775302919647461e-05 7.537969148499551e-06 1.8011070256836312e-06 0.0 0.0 0.0 3.2239549839148365e-07 1.2374934940947547e-07 9.762636204494676e-08 0.0 0.0 0.0 0.0 7.099862327265464e-07 0.0 1.13225413214634e-07 4.256677597294354e-06 0.0 0.0 0.0 0.0 0.0 0.0 0.0 8.344466646259118e-07 3.080134183786405e-07 2.063214577512049e-06 1.6262491148727297e-05 1.8584707067025896e-06 5.146909740248297e-06 4.778669439097124e-07 0.0 1.0873259251543055e-07 5.874876607811771e-06 2.45181940522853e-07 3.888813238572133e-07 0.0 0.0 0.0 0.0 9.69311356954864e-07 1.4849766833817656e-06 0.0 1.5368067798350812e-05 1.2216027551099493e-05 1.0683624004850047e-05 4.24763218589747e-06 7.471144069991962e-07 1.9946234480891658e-05 2.281929291337955e-05 2.1874661418579477e-07 2.2366897784104435e-06 7.872823616820621e-07 0.0 9.656933393453318e-08 1.8925018382869543e-07 8.323892317734969e-08 0.0 0.0 0.0 0.0 0.0 0.0 0.0 0.0 2.48935640980476e-06 2.127807712980598e-07 2.0600560557419527e-07 8.606760783666692e-08 1.9672664953695354e-06 1.4300960848155418e-07 3.9547516222840464e-06 1.7023730099242703e-06 1.8986171620754744e-07 2.1838456804189745e-07 1.009917515812823e-06 5.70680367557844e-07 5.858716585976266e-07 8.353889525481761e-07 5.627394233134573e-07 5.255798626038738e-07 1.3505533977625665e-06 1.8902680503962766e-06 1.230762820442178e-07 5.140702165891577e-07 0.0 0.0 0.0 0.0 0.0 0.0 0.0 0.0 0.0 0.0 0.0 0.0 1.2655604759019765e-07 0.0 0.0 0.0 5.073654746823113e-07 1.1267049621782339e-07 0.0 1.523221903340798e-06 8.521202235086156e-07 0.0 0.0 0.0 5.389032213957106e-07 1.420203207675965e-07 4.4005490469859e-07 1.0992237007996945e-07 0.0 0.0 0.0 0.0 0.0 2.2225221564105728e-07 0.0 0.0 0.0 0.0 0.0 0.0 0.0 1.3117882251377397e-06 0.0 0.0 0.0 0.0 0.0 0.0 0.0 0.0 0.0 7.145637888191002e-07 0.0 0.0 0.0 0.0 0.0 0.0 0.0 0.0 0.0 3.946192277381988e-07 0.0 0.0 0.0 0.0 3.8582914061326754e-07 1.0796989730611875e-06 6.930361671538331e-07 0.0 1.0377942942149523e-07 0.0 0.0 0.0 0.0 0.0 0.0 0.0 0.0 0.0 0.0 0.0 3.414672216126764e-06 1.3776807351362322e-07 1.005016391910506e-07
1.704234329457259e-05 3.943924643252195e-06 5.51597642312346e-06 0.00019778734096367146 4.299651475479982e-07 0.0 3.5014168046503426e-06 2.421386708672689e-06 1.6323299830620494e-06 0.00019460792991453504 4.131937091360172e-06 0.00010741141061722787 2.9720222616552057e-05 1.3990240728943852e-05 1.7303567178439838e-06 1.3679140506404196e-06 9.518293990921287e-08 0.0 0.0 0.0 0.0 2.683210536694871e-06 0.0 0.0 2.0789779961775463e-06 0.0 0.0 0.0 1.4646973554193102e-07 0.0 3.0334501971504596e-06 1.9114595416906367e-06 3.0446850193704724e-05 0.0 7.788725615717549e-07 2.669240297847371e-06 2.665203907019884e-05 3.6957346921018545e-06 8.940311508913034e-06 2.517181740006705e-06 0.0 0.0 0.0 1.820536252401055e-06 1.0983958336107498e-07 2.0839992510682495e-06 1.1688024799318999e-06 0.0 0.0 0.0 0.0 2.564006190930891e-06 5.4645779221234655e-06 0.0 2.3164276603502127e-07 4.3123978828781895e-07 4.710142537664854e-05 4.426550354006123e-05 5.259029112995402e-07 9.584027811733553e-07 5.694161546222737e-06 8.525282895165188e-06 3.3314556388146924e-06 1.2083498217324043e-06 0.0 0.0 0.0 0.0 2.1491807584405597e-07 0.0 5.546122444909081e-05 6.804620908610006e-05 7.029088052327283e-06 1.230663477976778e-06 1.9791869283486596e-06 1.9312111542349566e-06 1.3764241994988362e-06 8.072108004605173e-07 1.4218659940191999e-06 2.844694632420994e-05 2.5023450038950826e-06 1.4536510794324661e-05 0.0 5.420998860723709e-07 9.211535894251694e-08 7.533818551772116e-07 0.0 5.25348219518384e-06 2.3100094454657247e-06 3.449876505638197e-06 4.0434051770283364e-07 0.0 0.0 0.0 3.862279799670767e-07 0.00012040698676020801 0.00014330777574306195 2.0634240264733055e-05 2.1995146227147526e-05 0.00017529120157905352 0.0 1.2948427117963378e-05 7.841836490436585e-06 1.612980436365309e-06 1.245391407773696e-06 4.760284614038004e-06 2.069864095262634e-05 4.866837853765591e-06 7.3082146959305566e-06 1.737426526340134e-05 1.3357302464675413e-07 3.967234255830079e-06 1.1172666908233005e-05 1.5197345826881163e-06 1.5970117120676865e-06 0.0 1.0076840793224575e-07 0.0 0.0 0.0 0.0 0.0 1.686362748512527e-07 0.0 0.0 0.0 0.0 0.0 0.0 9.16828250906357e-08 0.0 0.0 0.0 0.0 1.2270025176518793e-07 1.0011408058588494e-06 0.0 0.0 1.1296231021759976e-07 2.471349755372023e-07 3.208173436187803e-07 0.0 0.0 1.0501535223606027e-07 0.0 0.0 0.0 0.0 0.0 0.0 0.0 0.0 0.0 0.0 0.0 0.0 0.0 1.0480184460120378e-07 0.0 0.0 0.0 0.0 0.0 0.0 0.0 0.0 1.149035892942478e-07 9.863589520868226e-08 0.0 0.0 0.0 0.0 0.0 0.0 0.0 0.0 1.8171866726841988e-06 0.0 0.0 0.0 1.2361521032684482e-07 2.634812834629605e-06 0.0 4.314119504814524e-07 0.0 0.0 1.3150235039168363e-07 0.0 0.0 0.0 0.0 0.0 2.6211614516331426e-07 0.0 0.0 0.0 0.0 1.6570490327406948e-05 0.0 0.0
5.490184845386104e-05 0.0009182175837443957 0.00019691422188013023 0.0001595343920386398 0.00232581540654573 3.5014168046503426e-06 0.0 0.00017653845878671422 0.0016244845347594132 0.001300692053317493 0.0008070193851556133 0.00025013520380580894 0.002420510113521292 0.003120780316186824 2.1308163776918476e-05 1.9995865637982936e-05 1.0108490221346137e-06 2.520664236891471e-07 8.883389498154061e-08 7.319541509960356e-08 0.0 0.0 0.0 1.1740039233188118e-07 2.1180335133099365e-07 0.0 0.0 0.0 1.2336809604399415e-07 0.0 6.96979935607633e-05 2.222269342654257e-05 3.7654406661673503e-06 0.0 0.0 1.9581387844223727e-07 4.420739598451419e-06 4.6200206639057506e-07 7.959921538357639e-07 0.0 3.247278460832293e-07 1.1942165491130042e-07 1.0502210870569029e-07 2.0539128435468737e-06 2.3900460256568325e-07 2.3530321523219414e-07 3.646063234186643e-05 1.0217837293211217e-06 2.154496247201367e-07 2.9660564650884206e-07 0.0 0.0 1.4865348882004078e-07 1.5830848392132011e-07 2.974969079112954e-06 2.4385420239729335e-06 7.864114998663415e-06 0.00011153696020928537 7.382564992147833e-06 2.9666014294700383e-05 1.7631291574708566e-06 8.444764201732763e-07 2.204854627237763e-07 2.727783706381954e-05 1.4747252341695553e-06 1.1956832860277782e-06 6.932983597046051e-08 3.264889686091518e-07 4.7320757543549223e-07 7.003102334702707e-08 1.2060710777623012e-05 1.4146819820190121e-06 0.0 0.00010300995310459976 6.332572432693202e-05 6.69113122678753e-05 1.974474226890765e-05 5.58976592836826e-06 4.313821327274558e-05 4.1348312922117e-06 2.3082892730556754e-06 3.743970789955582e-06 3.8043779091425465e-06 1.531689668529798e-07 6.208520581922652e-07 5.896606324588134e-07 5.378121633596547e-07 0.0 1.377296670568257e-07 0.0 4.156418552100325e-07 0.0 2.610671193963632e-07 9.758359502973555e-08 1.3803836424430638e-07 1.4552172610381848e-05 2.8913443263797e-06 0.0 1.992188037081903e-06 9.043307299666638e-06 3.391984869609982e-07 9.452439655774842e-07 4.028515068001185e-05 6.745729662483677e-06 2.7080433817740105e-06 1.3101802740145139e-05 3.2400280900777847e-06 3.480742696806316e-05 3.345158200870647e-05 1.1297817091026066e-05 1.6055268923396573e-06 8.191147527650212e-06 1.5650266686961283e-05 5.454817243378435e-06 2.6433343720526705e-06 9.708563682890749e-08 9.55236065386899e-08 0.0 3.462527204369683e-07 0.0 0.0 0.0 0.0 0.0 0.0 0.0 1.2940132792787327e-07 0.0 0.0 3.0013311464713883e-07 0.0 1.1685208046297542e-06 0.0 0.0 4.963918363344497e-06 2.2316987758920316e-06 0.0 0.0 0.0 1.52173429803933e-06 2.980885382543106e-06 2.1098126547581483e-06 1.3265292286235292e-06 9.556229251846265e-08 0.0 0.0 0.0 1.3783787439372515e-07 9.329809652126516e-07 0.0 0.0 8.660125792688442e-07 1.5809520789121458e-07 0.0 0.0 0.0 3.510273482134346e-07 0.0 0.0 0.0 0.0 1.806133711306425e-07 9.419364820206988e-07 0.0 1.4205357601527895e-07 0.0 5.291053477263205e-06 1.816033808125133e-06 0.0 0.0 0.0 0.0 0.0 0.0 0.0 0.0 4.8479970708292645e-06 0.0 0.0 0.0 0.0 8.56574564276411e-06 4.321471134763405e-06 1.8373888523054888e-06 1.1138435510416441e-07 1.0042099521542065e-06 1.3499614799102048e-07 1.6773244130401023e-07 2.7657021032865166e-07 0.0 0.0 0.0 0.0 0.0 0.0 0.0 0.0 1.0164359213152799e-05 8.836001009797701e-07 5.95370392369378e-07
7.827077152639531e-05 0.000934264754895186 0.0009386189835949609 3.0459345094316178e-05 0.0005393135508768444 2.421386708672689e-06 0.00017653845878671422 0.0 0.000249716168917039 0.0001945129023175227 0.0017503076184258598 0.00014410732371665204 0.0005618320776957994 0.0016502526887669387 8.322643640686363e-06 6.893164407172573e-06 8.421586675740235e-07 5.781262127221206e-07 7.504415609870676e-08 1.5436399146308237e-07 9.035402717368145e-06 0.0 6.769720855898007e-07 9.335613747048038e-07 6.688556767874873e-06 1.0613529457910305e-06 4.0206113562171e-07 2.756538661316747e-07 5.498107829081376e-07 4.616900628456159e-07 0.0011175807481673132 8.410328672280569e-05 0.00010577869311149938 2.4078593060953e-07 1.5863609762649069e-06 3.5885872184743963e-06 2.299405996564667e-05 7.571443510249098e-06 7.534234641686682e-06 2.608496696889188e-06 8.495591501526046e-06 3.6214833270518847e-06 1.2187207630233422e-06 1.0746512114060623e-06 0.0 5.276847983893375e-07 1.2323129765964074e-05 9.015602028575743e-07 1.00970748224923e-06 3.773252331035689e-06 1.4295651748491185e-06 2.3046848202968128e-07 3.546380207578144e-06 2.012696637775017e-07 1.2505603865636263e-06 1.0366181174397515e-06 5.572376420732992e-06 0.0001004097479855751 3.38609370727486e-06 1.0623234415746815e-05 3.3875059955099686e-05 3.373448421705449e-05 7.551331544671473e-08 7.420275833659638e-05 1.1138725335809916e-06 6.951037107515808e-07 9.514005309844086e-08 9.552899334574124e-07 1.1490683679217406e-05 5.579357331339371e-06 2.646716793323205e-05 1.9555621272611734e-05 1.4539432280611756e-07 5.101613467784752e-05 4.309902050184598e-05 2.5156506277527782e-05 9.395386764372493e-06 5.4264159600792e-06 0.000547073586885307 0.0019738633626476933 4.844444924006804e-05 0.0008122634347920932 1.538567291403643e-06 0.0 4.062957569555019e-07 9.214994032705761e-07 1.4183553371912701e-06 1.0133294051940446e-07 8.38810114105805e-08 0.0 7.334344887001476e-07 5.824638502518433e-07 1.5707609595429996e-05 2.831409832625636e-06 1.5203643319785829e-06 5.097074132066559e-05 3.796985155773548e-05 0.0 9.560177114552947e-06 5.039947022522462e-05 6.015854020372389e-06 3.945511870542037e-06 1.5940521739186522e-05 1.325833032728663e-06 1.1960721943295966e-05 1.4146062312927238e-05 3.565693072874163e-06 1.5578679455388287e-05 1.4694926694932191e-05 5.101739865678244e-06 3.8812715010546085e-06 1.4808016283939967e-05 3.612172529354579e-05 8.309708491388905e-06 6.652678588401999e-06 1.6664778514272433e-06 1.6416286023426435e-06 0.0 6.92635610730319e-07 0.0 0.0 0.0 0.0 0.0 0.0 5.760288560024711e-07 0.0 4.98572640245852e-07 4.0383042021850943e-07 4.18541506759577e-07 0.0 3.740969735456991e-06 3.0344525425805475e-07 1.690717716466714e-07 1.4558647169111776e-05 8.724674148576357e-06 0.0 3.4310381904904233e-06 1.167952330768645e-07 5.308352243754341e-06 9.946261914865738e-06 1.0452459422761948e-05 4.87552855849327e-06 1.4469443401343032e-06 0.0 0.0 2.97188523789547e-07 2.3727793643759955e-06 1.1383537866755059e-06 1.5773550854235365e-06 0.0 6.151935228635054e-07 3.167634778135179e-06 0.0 0.0 9.98245387085787e-08 8.17503571154838e-07 6.102619389432583e-07 8.001981839623745e-07 0.0 0.0 2.5752402352783946e-06 7.22996513806562e-06 0.0 2.6326892586548784e-06 1.5418589859055134e-06 1.4877038253305505e-05 7.586862684391035e-06 0.0 0.0 0.0 0.0 0.0 0.0 0.0 8.335048478995202e-08 1.0262808187354755e-05 3.5469433185913155e-06 1.9811066282516196e-07 0.0 1.8646044869938468e-07 2.9210261699167328e-05 1.6652848297989175e-05 1.8989891217013474e-05 4.91895036825353e-06 6.74812180413301e-06 1.5467562923226253e-06 2.1415515382181564e-07 2.3175592971359015e-06 0.0 0.0 0.0 0.0 0.0 1.351137073680343e-07 2.3228955025423597e-07 0.0 1.997044371819942e-05 2.1307100798961876e-06 3.99521816340906e-06
8.821378124734876e-07 0.0008013814387784225 0.00029265994842808023 6.721765866314105e-05 0.002173390940831467 1.6323299830620494e-06 0.0016244845347594132 0.000249716168917039 0.0 0.0003339005379074998 0.0005703930159027762 0.00030247077713283085 0.001723880712582662 0.0007606209019288925 6.955553751558873e-06 5.254338813307379e-06 3.0549751992861315e-07 0.0 0.0 0.0 1.1345643496048174e-07 0.0 0.0 0.0 1.0098169993509277e-07 0.0 0.0 0.0 1.057122748906618e-07 0.0 6.967671248235539e-06 8.765768546221977e-06 1.0373849120531543e-05 0.0 9.31978076709356e-08 1.97018830111146e-07 3.1498107720008314e-06 2.0490394962419255e-07 1.7552243515539832e-07 0.0 4.4670908489240127e-07 1.0442896095223805e-07 0.0 7.474587234000928e-07 1.0501550397710398e-07 0.0 5.217400475066769e-06 1.0228116231511449e-07 1.885650889891317e-07 7.784772362210631e-08 0.0 0.0 8.61032989274193e-08 0.0 6.017933032398492e-07 1.5330305801738626e-07 9.337721510008737e-07 1.0266947115994567e-05 5.758113072640298e-07 5.283438752303661e-06 5.191362510604936e-07 5.593756837613128e-07 2.430170909842399e-07 5.033737771826528e-06 2.0489506079357997e-07 3.983799538061452e-07 0.0 0.0 0.0 0.0 5.107505386429182e-06 3.494750612954967e-07 0.0 1.2142227220329173e-05 9.500138486511052e-06 1.3829235439302929e-05 6.785421134316584e-06 3.356580194070788e-06 1.3458727256444474e-05 2.8891088853102832e-05 1.4049000036232689e-06 2.5236472821240853e-06 6.610163231718578e-07 0.0 7.680824156816688e-08 7.78738630134763e-08 0.0 0.0 0.0 0.0 1.1044570098057826e-07 0.0 3.5378758967567245e-07 9.670678736101315e-08 0.0 7.072548044925959e-06 1.8290497794942872e-06 0.0 4.167948954692546e-07 1.1121436600200403e-06 2.1938084383023603e-07 3.730831485063382e-07 2.883206030928426e-06 7.105221501474116e-07 1.6800553684809056e-06 3.864218914440949e-06 0.0 3.767292062634718e-06 3.271701597107071e-06 1.3306334804416704e-06 4.886370599820301e-07 2.3442629415700755e-06 6.758227046856431e-06 1.19176492497454e-06 1.6095606724225562e-06 1.35541760865941e-07 0.0 0.0 0.0 0.0 0.0 0.0 0.0 0.0 0.0 0.0 0.0 0.0 9.465674190151519e-08 1.5583217391095692e-07 0.0 0.0 0.0 0.0 2.6848635636930847e-06 1.2443256026418604e-06 0.0 0.0 0.0 8.267622346227146e-07 3.013287062895626e-07 4.617323666513253e-07 1.0171664570069721e-07 0.0 0.0 0.0 0.0 0.0 0.0 2.7517363767384743e-07 0.0 0.0 3.465351264920353e-07 0.0 0.0 0.0 3.864760685871552e-07 0.0 0.0 0.0 0.0 5.044265062297073e-07 2.405112473749503e-07 0.0 0.0 0.0 1.6505488752966983e-06 2.2510951546666798e-07 0.0 0.0 0.0 0.0 0.0 0.0 0.0 0.0 1.471844430454913e-06 1.979084638912465e-07 0.0 0.0 0.0 3.5752572389812318e-06 1.4060980949997285e-06 1.1607446391792703e-06 3.027361044698792e-07 1.0431450827343472e-07 1.8019583568297536e-07 0.0 1.2100216566336661e-07 0.0 0.0 0.0 0.0 0.0 0.0 0.0 0.0 4.974624029405095e-06 2.8329851602231034e-07 9.835510240050094e-08
0.00031308978014175817 0.0006552995479893269 0.0004996824992288271 0.0017843326449569086 0.0008334369255176345 0.00019460792991453504 0.001300692053317493 0.0001945129023175227 0.0003339005379074998 0.0 0.00031289489363669077 0.0014946985048273926 0.0033215210993826215 0.0006148707662613618 3.9587355937686706e-05 3.4056979740746066e-05 1.4051760205817585e-06 8.262607304732864e-08 1.581352355812684e-07 0.0 0.0 0.0 0.0 2.3163984302333736e-07 2.7173194315709467e-07 2.5174773555189443e-07 0.0 0.0 2.28842624664661e-07 0.0 5.69517959605221e-05 3.126147578832015e-05 7.687787792104561e-05 4.3206875759592227e-07 0.0 2.3127504158154132e-07 2.6522510527371745e-05 5.553492391599211e-07 1.3476898925269047e-06 5.639063838168462e-07 0.0 6.925678863066045e-07 8.460206887750103e-08 4.753688542677559e-06 1.2943778970340027e-07 1.4995629269757216e-06 4.896792258558504e-05 2.690522769876985e-06 1.7163153923106956e-07 3.3569538523977137e-07 2.1873806078275253e-07 0.0 3.080387271874555e-07 1.5623989410900791e-07 5.031454867755916e-06 3.061200311712954e-06 1.0895461769452476e-05 0.00015990005816080057 1.0394130924268921e-05 4.2671276811232266e-05 2.4743106152654104e-05 8.266268185194055e-06 2.1685738588100258e-06 2.9667300172263807e-05 1.5103527853564625e-06 1.19824374842643e-06 1.3751566826016983e-07 3.131422896148096e-07 7.728813459842393e-08 1.0153025978080939e-07 4.617156235445635e-05 1.212412657829261e-05 0.0 0.00011744216882149094 6.771678019866018e-05 8.545061401812911e-05 3.4903730212098e-05 1.3079379191439644e-05 3.295581792746572e-05 1.862726152098718e-05 1.619859472826772e-05 1.8998612733159394e-05 5.413801160084106e-06 7.240918086122856e-08 5.587231813006617e-07 1.006832480632916e-06 1.4468407888515337e-07 1.5900420063394272e-07 8.48976764033699e-08 0.0 1.0966655065303282e-07 0.0 2.0465018269453117e-07 1.731850800092107e-07 9.334326344087805e-08 0.0004922479301970717 2.1292797811971464e-05 0.0 6.52764925537069e-06 9.285689024545883e-05 7.124152322753952e-06 5.082599089101248e-05 0.0001177283451623116 1.9655213655509826e-05 4.373917194434049e-05 8.627879922435505e-05 0.00013052243156908255 7.42454346505953e-05 0.000108540448294471 0.00013943243179823388 1.676023914827798e-05 7.248629805554807e-05 0.0002155723012044626 5.413905827062864e-05 3.359933815689866e-05 2.69900598070696e-06 1.0097988303575373e-06 0.0 6.965732109506244e-07 0.0 0.0 0.0 0.0 0.0 0.0 0.0 1.1242522039751273e-06 2.048484715013417e-06 5.204888387785517e-07 9.061252682663204e-07 0.0 1.3498343608474381e-06 1.9435555756492908e-06 0.0 3.964498565270075e-05 2.179342241839898e-05 0.0 4.251922528139783e-07 2.7635890293892883e-07 1.4712785138297088e-05 5.3365700801181126e-06 1.9046978976910392e-05 5.509414070220198e-06 1.6948252347104808e-06 0.0 1.832139730285373e-07 9.182674747739971e-08 2.476908069734604e-06 1.0781676343936516e-06 3.483850734331173e-07 1.557968741523699e-07 6.196738528789011e-07 3.6126880727450977e-06 0.0 2.101387600679763e-07 1.721049473283011e-07 1.5418115069315766e-06 1.7734475724015634e-07 4.584767146405194e-07 0.0 7.78186532326817e-08 4.831849978927958e-06 7.678922506111558e-06 1.1480663475369423e-06 1.7642155195209287e-06 4.49025164346988e-07 3.368687718964971e-05 9.993177729870972e-06 8.543060692158543e-08 7.1829985297426e-08 0.0 0.0 0.0 0.0 0.0 2.0472754666770596e-07 3.918819496474226e-05 8.177057006073283e-06 3.979113055858634e-07 1.3468501496046987e-07 3.2829082162575183e-07 8.497268089915161e-05 1.527271378239438e-05 3.406632776770913e-05 2.1609330703296337e-06 7.101850031115114e-06 2.9746166964776295e-06 1.1997686660519062e-06 2.8648300308089524e-06 0.0 0.0 0.0 1.7932558482461495e-07 0.0 0.0 0.0 0.0 0.00019478794312587867 4.797537583339541e-06 8.246117421827468e-06
7.053722969583567e-05 0.0011830898302313724 0.001154091857119449 0.00013189819112284406 0.0014892144251263666 4.131937091360172e-06 0.0008070193851556133 0.0017503076184258598 0.0005703930159027762 0.00031289489363669077 0.0 0.00044104510659643127 0.0023527076919394136 0.0013238127602835125 1.9108402441635325e-05 2.4121689585833797e-05 4.480438070991564e-07 7.069715055612823e-08 8.37865326449505e-08 1.8838919716037138e-07 1.968012055021829e-06 0.0 4.1669151190027065e-07 6.388198669178151e-07 4.104374800264296e-06 3.6394036727762397e-07 7.300290762655805e-07 1.1765225051894017e-07 5.065239827449175e-07 2.0995225435252772e-07 0.00021794574467549595 3.954824094605155e-05 0.00015319512549948967 3.6076453105580415e-07 4.937992423704767e-07 5.4411746853216185e-06 7.417891144891461e-05 1.3555300216191311e-05 6.9087639774563575e-06 4.088384840206926e-06 3.919014617886408e-06 1.439263128638507e-06 4.512604057571364e-07 6.248445555269514e-06 3.958538248152241e-07 5.203789942356545e-07 1.7183582125006024e-05 6.057245303363192e-07 8.642290549730491e-08 4.935072886092128e-07 0.0 2.5044336954025e-07 1.3529750450585287e-06 7.621550910599215e-08 7.528029710818671e-07 3.0881969840752523e-07 2.6858690717259777e-06 3.690926237253561e-05 2.2856950835601675e-06 1.1891817940612351e-05 1.353401655419246e-05 2.2355565275792316e-05 3.825197802593626e-07 2.2710085175731253e-05 4.5460490614221383e-07 8.157614482048608e-08 0.0 5.432270664631981e-07 1.7542901937571125e-06 1.4479128313389034e-06 2.2288050526254734e-05 5.114351311397635e-06 8.486347077757165e-08 3.211157762034962e-05 3.604511280191718e-05 3.595448983211219e-05 2.5461614206319884e-05 1.4810712762218366e-05 8.946202916429738e-05 0.0003334391638333981 1.3266262358741287e-05 9.258647995081962e-05 1.1376317309122458e-06 0.0 2.3536235430738357e-07 2.521515104828092e-07 3.365427072277917e-07 0.0 1.8550679617158433e-07 0.0 3.4277678834893443e-07 0.0 3.7902282085585725e-06 5.981413675138649e-07 3.578116423590332e-07 4.858790400885358e-05 1.4166329677306353e-05 0.0 4.385148712692493e-06 1.308300019595182e-05 6.042582726037885e-07 9.428092086539826e-07 8.586501789004093e-06 2.0214295744310685e-07 3.994585578956987e-06 5.1198828953774135e-06 3.373756361784985e-06 6.297814364075793e-06 8.51768530097084e-06 1.7058625348152716e-06 8.686523143832722e-07 8.070099025063922e-06 1.5760195446137825e-05 6.787055856553104e-06 3.3032306626354962e-06 6.327678191445172e-07 1.707976662913434e-07 0.0 0.0 0.0 0.0 0.0 0.0 0.0 0.0 4.6807330541271565e-07 1.2602941033211037e-07 2.9337424111954527e-07 0.0 0.0 3.428211606246605e-07 3.3087628136475946e-07 7.283903927891824e-08 1.6385243878934498e-07 6.111867127545313e-06 3.286153166531558e-06 0.0 8.915937952027692e-08 0.0 2.846855353804582e-06 1.4469672690046435e-06 3.595937506712995e-06 1.1776111273823869e-06 3.403457131423353e-07 1.24652695788104e-07 1.7336425423633742e-07 0.0 6.007837301442601e-07 1.3852147578196398e-07 7.278736746035305e-07 1.4756434751295788e-07 9.314072109302156e-08 2.757795396613411e-07 0.0 0.0 1.9221988383583415e-07 5.887794802044188e-07 0.0 6.634201488815568e-08 0.0 0.0 0.0 1.1412974351413532e-06 1.365807078330422e-07 5.441359793422191e-07 2.6255201731815684e-07 7.890543951876638e-06 1.2795536116743345e-06 0.0 1.113937550625031e-07 0.0 0.0 0.0 0.0 0.0 0.0 3.873581304891751e-06 3.2672641139705937e-07 0.0 0.0 0.0 1.2182539069446506e-05 6.1583331261924265e-06 5.5848861360621385e-06 7.067588923999466e-07 1.1926128619131057e-06 1.086411150279175e-06 2.421447956149749e-07 1.116543527350421e-06 0.0 0.0 0.0 0.0 0.0 0.0 0.0 0.0 1.490009537677304e-05 1.3067406950873651e-06 1.5617871771064763e-06
1.1152808398116584e-05 0.00014263102357017635 0.00014818308836207048 4.100024564234761e-05 0.00010681786708320187 0.00010741141061722787 0.00025013520380580894 0.00014410732371665204 0.00030247077713283085 0.0014946985048273926 0.00044104510659643127 0.0 0.0006421792547205129 0.0003219348947705519 2.2716433422021855e-05 3.0975050568228696e-05 4.71139584600984e-07 2.1511646128595206e-07 0.0 4.1745731700234124e-07 1.04900889174975e-06 0.0 0.0 1.1276148493944835e-07 4.7845875634198e-06 7.219559815448728e-07 4.3049217613825086e-07 0.0 8.973421612293993e-07 1.3832211999602522e-07 2.1163195063780826e-05 1.1256307330225612e-05 0.0001275870367538258 0.0 9.552003663097759e-07 4.965269082251806e-06 0.00018279245508925999 2.758601190272319e-05 9.206277086361167e-05 1.7895136976778628e-05 1.0542188885397035e-06 7.276738476217193e-07 1.5265734397184806e-07 8.515000866139487e-06 2.628189058549128e-07 1.3359915924630162e-06 2.116671890610681e-05 3.9442211612243264e-07 1.7850512100132948e-07 3.046227008662002e-07 0.0 2.2725923881913536e-07 2.3842011315618452e-05 0.0 5.651416198035292e-07 1.550131955526257e-07 1.761454120034936e-06 1.731197918678165e-05 1.4862219023318496e-06 1.1640898339792817e-05 3.496278931177097e-05 8.02478538224406e-05 1.3927074510345662e-06 1.8607321693644077e-05 2.2304776198769304e-07 2.936111568069851e-07 0.0 9.685796935876258e-08 1.3416525955803293e-06 3.0917279182984423e-07 8.511105552554193e-05 1.627068923813616e-05 1.6728231347743057e-07 2.3518235424959245e-05 2.891139866104915e-05 3.17965213730324e-05 2.9376836052825828e-05 1.80791605441799e-05 1.5662192047531137e-05 0.00010767653546783303 2.648765719492847e-05 8.128486018930659e-05 1.3583089943152587e-06 0.0 4.939243009495977e-07 2.5566525803620713e-07 2.120055422785384e-07 9.583376523201252e-08 0.0 0.0 5.481636817969994e-07 2.6411413545845237e-07 2.0134477319822195e-06 6.004404200260744e-07 8.212294766464406e-08 0.0008255361262910741 3.332460989516082e-05 1.2060378951905924e-07 6.267393575198698e-05 1.87371978712091e-05 5.350785796042466e-06 1.8655828341785535e-05 6.105317751695837e-05 9.93372550109927e-06 2.4602513930739734e-05 5.0509969051543226e-05 4.4533595263498184e-05 5.348296444288715e-05 7.28304589777794e-05 7.280154135165394e-05 1.0002716595155597e-05 4.621736527668798e-05 0.00013743355471246353 4.212644985109526e-05 2.287230121514622e-05 1.509375589007776e-06 8.885155763902729e-07 8.237904661455591e-08 6.197999337134742e-07 0.0 0.0 0.0 1.2205144699418072e-07 0.0 1.0796994202979484e-07 1.3394862685631323e-06 1.975252698376799e-07 4.73193695123179e-07 0.0 0.0 0.0 1.0176451440952502e-06 9.163045845781779e-08 1.4020913487817198e-06 3.044039909893197e-05 1.4250268957277706e-05 0.0 3.444136748919204e-07 2.3629121714046574e-06 1.1601214506923506e-05 5.651929458122422e-06 9.28275691878164e-06 4.356259526033168e-06 1.6198904279996862e-07 4.852973354466438e-07 0.0 0.0 1.260869665086228e-06 8.814075547074965e-07 3.516766720985387e-07 0.0 0.0 1.0674020226344201e-06 0.0 8.793450984278981e-08 3.3182362465969015e-07 8.166114296543312e-07 7.955914296984646e-07 8.080411993289796e-07 0.0 9.830436498731013e-08 1.898672347897157e-06 4.07385564325903e-06 0.0 1.2777260824758663e-06 7.224160763621123e-07 2.1857600406344702e-05 9.654238328762535e-06 0.0 1.4950655300860952e-07 0.0 0.0 0.0 0.0 0.0 1.395923043409836e-07 3.1720761330641814e-05 2.914282828282918e-06 1.199153164446806e-07 2.1086136689081674e-07 0.0 5.88729462602821e-05 1.2682426234367564e-05 2.1018212542208196e-05 2.655717175964689e-06 5.195945146029268e-06 2.312417863338589e-06 1.076093350299015e-06 1.8557158879860713e-06 1.7008393232637418e-07 0.0 0.0 0.0 0.0 0.0 1.1156856873121617e-07 0.0 0.00015074895432717168 5.601268458526664e-06 5.145153864767938e-06
