0.0 0.0020320722707719463 0.0002965147426359847 0.000689481103696695 3.9484873262680074e-05 0.00011441647843619303 0.00064353507446624 3.450585380392571e-05 6.971480919157803e-06 0.000751220964230802 3.9173159388635834e-05 2.6623910071491256e-05 0.00010507770431524024 1.908984915317716e-05 1.303011401177747e-06 2.0140177434226358e-06 5.985736700514819e-08 1.4307520865947427e-07 0.0 0.0 6.37618836122266e-07 1.1008686375039299e-07 1.7720474300205802e-07 2.514381363946899e-07 3.757007132563423e-07 3.517325318382761e-07 8.841017756590933e-08 1.9135102905455414e-07 0.0 0.0 0.0007218363380671186 9.611870241900741e-06 1.2786366154965867e-05 0.0 0.0 5.766418193824485e-07 3.676296533570657e-06 1.9224979322502106e-07 9.761696102735755e-07 7.860234914389431e-08 3.6886214021570236e-07 4.871447458493897e-07 6.610717676088733e-08 2.9675457788350125e-07 2.5571892942813455e-07 1.0268561296755006e-07 2.067990357600378e-05 1.5759749720312003e-06 6.29117150556073e-08 5.575992794334703e-08 6.170455412471638e-08 6.88787752972737e-07 2.2589055310464744e-07 8.333943434010832e-08 8.015688638515801e-06 5.170590657686516e-06 0.00018145678722059257 0.0005336646531692947 2.4045849440819148e-05 7.361800118615054e-06 1.1547775086842888e-06 2.8699193939426267e-06 2.053801596782e-07 8.3715741615035e-06 2.8204156428978913e-06 2.371197341309314e-06 7.758532343859438e-07 4.1830562057701656e-07 1.2600088090233462e-07 5.837290564989848e-07 1.861115170564799e-06 4.848153034314422e-06 1.964529910235081e-07 8.83859050745481e-05 1.4386707012991935e-05 1.2899784006785092e-05 1.5403374218533554e-06 8.044878306501112e-07 2.9748145042022575e-06 1.5566086776744745e-05 9.264940056005236e-07 5.2619823461498874e-06 7.70365059792704e-06 1.9115684600425805e-07 2.2924975452648557e-06 2.5225129852464302e-06 1.2240576992700043e-07 6.67597644833708e-08 4.2086613500060816e-07 3.25565919123726e-07 0.0 9.757532929093508e-08 1.6737720703891088e-06 1.915214068877393e-07 7.988638962314102e-08 1.1269783106860081e-05 3.6377005965762466e-06 2.0195947386717905e-07 1.5955204521020845e-06 0.001087777044813655 8.385757367113112e-07 1.0950914731030254e-05 5.1800405638352535e-06 5.315368351506189e-06 6.0166495246637e-07 8.080238930385936e-06 2.050606444055901e-05 2.1837375792817405e-06 2.7075261987849032e-05 2.1425921563474857e-05 2.8058378817325187e-06 5.537491105862112e-06 1.3300141451199791e-05 2.7947892699166314e-06 3.224526547650425e-06 0.0 0.0 0.0 0.0 0.0 0.0 0.0 0.0 0.0 0.0 0.0 0.0 1.9700882581464282e-06 0.0 0.0 5.633948305635436e-07 0.0 0.0 0.0 1.745925066481108e-07 0.0 0.0 0.0 0.0 5.368605967883178e-07 5.984562678341482e-07 5.125313193970777e-07 6.000303637537309e-07 6.445130254155301e-07 0.0 0.0 0.0 0.0 0.0 1.2709677971335938e-06 0.0 0.0 0.0 0.0 0.0 0.0 4.3741514385616525e-07 0.0 8.566640295029793e-08 0.0 7.078669113968855e-08 0.0 4.521036686286673e-07 9.680913150295418e-07 8.749325963460184e-08 0.0 6.55536351283406e-07 0.0 0.0 0.0 0.0 0.0 0.0 0.0 0.0 0.0 6.194476520147859e-07 3.3178002845745324e-07 0.0 6.641250347257748e-08 0.0 1.2657848342486108e-06 1.1021693510131164e-06 1.403618295006351e-06 0.0 0.0 0.0 0.0 0.0 0.0 0.0 0.0 0.0 0.0 0.0 0.0 0.0 6.017620864391372e-06 2.084706518763642e-06 8.996226488854039e-07
0.0020320722707719463 0.0 0.0013307811383615352 0.0013100201183873 0.001454455141930869 0.0002181788418519172 0.0017873839055968792 0.00027282161794997295 0.0008872027036044253 0.001327990489466941 0.0009571326623838154 0.0001320122196622293 0.0007662378981528024 0.0012660376293761608 3.922221297774372e-05 3.883521067966868e-05 1.2775847639876596e-06 6.784196357210385e-07 7.035864638673171e-08 5.670432824016847e-07 2.9311641663154184e-06 0.0 1.798705521999866e-07 1.6048863366437563e-07 2.342923663330613e-06 1.0853969887085226e-06 3.057430191828572e-07 4.2455203945899345e-07 0.0 0.0 0.002107452484916411 0.00012207602126390767 8.476794161397898e-05 2.5941890083007493e-07 2.116807190176701e-06 5.850488220790917e-06 2.121837088921342e-05 3.4007736970433375e-06 4.797373668149264e-06 6.502971058168937e-07 2.012656764165797e-06 1.907180916182747e-06 9.144675783271596e-07 4.7901678985241395e-06 3.115667683650463e-07 7.280302659221741e-07 0.0001614383618481511 4.800729438717605e-06 7.643748354904071e-07 2.3958113435096484e-07 9.65744272644111e-07 7.098106668500165e-08 1.3641036977539403e-07 2.2267336414128694e-07 1.8504554978923617e-05 1.241778122238205e-05 0.0001900369244222027 0.0005242565121955122 4.547016221484942e-05 4.998624598460382e-05 5.342671800305393e-06 7.094701367483201e-06 1.921172406626901e-06 7.450020617514066e-05 1.0944489286846635e-05 9.44906725051768e-06 3.7899896779431435e-06 7.52756166956662e-07 1.1335526181764068e-06 3.974108698821016e-06 1.635344226460104e-05 2.244452807240536e-05 0.0 0.00025581292305200057 8.107493186343166e-05 0.0001537300357338186 2.7506280433444127e-05 1.819087658464325e-05 8.425648958452797e-06 5.963687925904533e-05 6.883437217554007e-06 1.5634054945972966e-05 2.792507184727922e-05 0.0 6.173492287897471e-06 8.468234463262904e-06 1.4266348896469585e-06 1.611209797954488e-07 2.182656221248159e-06 5.695551449436544e-08 4.669707498046952e-07 6.60419012070221e-08 1.0254802957262682e-05 8.627487377633092e-07 6.272967992161922e-07 1.4456054181972055e-05 1.4985986275996372e-05 0.0 8.26861848296277e-06 0.0006152023032615862 3.64421457859618e-07 3.420804378079939e-06 4.916715262908395e-06 3.2674646934602644e-06 7.558508649241609e-07 7.954671696335135e-06 8.242709917222256e-06 3.130187543301855e-06 1.6209059387932912e-05 1.1313452926229797e-05 5.347886978959002e-06 8.307554583331186e-06 1.5520230110329954e-05 7.161699865273897e-06 6.26806145705722e-06 0.0 0.0 0.0 0.0 0.0 0.0 0.0 0.0 6.541291041216955e-07 0.0 1.811323126149499e-07 0.0 5.131063661780699e-07 2.49796904136077e-07 0.0 2.6556777409609434e-07 3.848197895715131e-07 2.0586212771478459e-07 1.8385080621831947e-07 4.352110857822593e-07 1.0109533265922457e-06 0.0 6.031215968109223e-07 9.670167831654117e-08 3.5335350523028484e-06 4.67552918901319e-06 2.9548737035313186e-06 4.669452802460521e-06 3.939531564206049e-06 0.0 0.0 0.0 0.0 0.0 7.148170377678014e-07 0.0 7.527037293397043e-07 0.0 0.0 0.0 0.0 2.028126275772938e-06 6.644141918560317e-07 2.630046535861178e-07 1.4738447121236652e-07 5.406605076545049e-08 1.2175590181360424e-07 9.740857332553264e-07 6.14255311167433e-07 2.2535809510581653e-06 1.8311990757427637e-06 9.811160866135875e-06 4.584067254675897e-07 0.0 0.0 1.3907171703754237e-07 6.653728466556555e-08 0.0 0.0 0.0 6.100349714408876e-08 4.855312284310421e-06 2.2171994718043522e-06 1.239503844943534e-07 0.0 1.0927846365101595e-07 3.1234027158571353e-06 2.667488810732134e-06 9.861705748691398e-06 6.056296785533259e-07 2.3257664146430426e-06 0.0 0.0 0.0 0.0 7.03964642539314e-08 0.0 0.0 1.6675802855415912e-07 7.015897476056437e-08 0.0 0.0 1.0916523857555269e-05 1.1310045019126453e-05 8.542577401127564e-06
0.0002965147426359847 0.0013307811383615352 0.0 9.743053103469896e-06 0.000714588864529812 8.938787964875689e-06 3.8756274405963636e-05 0.0019352760465287853 0.0004133174371461861 1.6165609279414215e-05 0.0013726011198862016 1.5912916045893612e-05 7.676729049370165e-05 0.0006350596970805071 2.4936823772293048e-05 5.132255012947764e-05 2.9356204555751943e-06 7.46588779618616e-07 1.560615740325762e-07 6.934431413093988e-07 1.0083179641830941e-05 1.7014202185346488e-07 1.411651052839424e-06 1.8492927386518316e-06 1.0532097068772067e-05 5.573613703996815e-06 3.240042810867865e-07 3.2246086048211636e-06 7.223667713095808e-08 0.0 0.0024932136237979545 0.00041343703114633454 0.00028072250164225536 5.33670431163892e-07 5.037936053253395e-06 2.3663588028482966e-05 4.416984658299149e-05 1.1819821660792719e-05 1.355548639736015e-05 1.8338674367336116e-06 1.0615267946577999e-05 6.702128332714942e-06 7.383450225679874e-07 5.963620775251771e-06 2.3007128821537333e-07 1.6146915293647687e-06 9.91566809449392e-05 2.349662918813984e-06 2.2381926229905313e-07 1.0791197212661183e-06 7.14121133730708e-07 1.5989307382464143e-07 2.0779203339822627e-07 1.4032790151351117e-06 1.3550832943845198e-05 6.993620072152916e-06 0.0001132829384042293 0.0004375361815541344 2.6475160568755154e-05 2.7946024352402178e-05 1.6348711457703843e-05 1.2007510245102121e-05 2.114577362449356e-06 0.00012350332191484636 5.551638764058576e-06 4.54124949722404e-06 3.857060297200234e-06 1.023730454817563e-06 9.59336271470498e-07 1.1666911126538405e-05 2.2442484481139146e-05 1.657772711805292e-05 0.0 0.0001862319068951939 6.277684737051333e-05 9.735189785180196e-05 2.440883174176615e-05 2.180638223428406e-05 0.00011309683064329352 0.00034554792276571207 2.3121947972915824e-05 7.852346224762908e-05 1.4325114318215219e-05 0.0 3.3265047611733233e-06 4.396193115041578e-06 8.724161435382568e-07 1.3245619142821958e-07 9.300751434119267e-07 2.016705635254061e-07 7.162363775651998e-07 3.4315101513346563e-07 2.9964193398941006e-05 2.626386006194658e-06 1.8177993692745477e-06 1.0194143976841448e-05 8.676358925684072e-06 1.0603233627008929e-07 1.2318695177389847e-05 0.00012981612213584621 1.1424998803494187e-07 1.3996940027445193e-07 1.7752670424468483e-06 1.3096216257704454e-06 6.229451877595446e-07 5.128479623478866e-06 8.205191118178361e-07 2.5585759691550777e-06 6.096146284629214e-06 4.4682461914124095e-06 1.9174667837686906e-06 2.723666230752887e-06 8.50768443648305e-06 5.251067755287807e-06 6.547361307415235e-06 6.633754393862281e-08 0.0 0.0 0.0 0.0 0.0 0.0 0.0 0.0 8.017525554298687e-08 3.26746579907267e-07 0.0 1.9551051074108769e-07 0.0 0.0 6.427220715197945e-07 0.0 7.347628087587968e-07 0.0 0.0 3.887082086593948e-07 0.0 3.056383660585772e-07 0.0 2.4667124852764088e-06 1.7754998429590296e-06 2.644011925955326e-06 1.5394007805864525e-06 1.8993981353403026e-06 2.114093207866808e-07 0.0 0.0 0.0 0.0 0.0 0.0 5.385972374746217e-07 7.663994635295558e-07 0.0 0.0 1.4235045998443807e-07 7.75300220880752e-07 1.1386430847378023e-06 6.095454319336316e-07 0.0 0.0 5.625577437708535e-07 1.8496835035364827e-06 9.239478493308975e-07 3.4171620663392657e-07 7.6994112505515e-08 5.727562630409745e-06 0.0 0.0 0.0 0.0 0.0 0.0 1.05228615280358e-07 6.808352803690914e-08 0.0 3.464227937093592e-06 1.4613667310264139e-06 7.935361770935908e-08 1.5831392367691822e-07 3.0364403870942283e-07 2.676430762016983e-06 9.291897403699523e-07 5.190832328069135e-06 5.640025027820441e-07 5.610848706156314e-07 1.2228365404963335e-07 0.0 0.0 0.0 1.6221566440713512e-07 0.0 0.0 3.4058791436656776e-07 2.3034930037771838e-07 2.9715333377924543e-07 5.776142301721384e-07 6.886735372883013e-06 6.46338033654093e-06 4.8433589162996884e-06
0.000689481103696695 0.0013100201183873 9.743053103469896e-06 0.0 6.502020710269666e-06 0.00024548150917564634 0.0002899956997443644 8.951418091072967e-08 1.8392553535054604e-05 0.0019434204056974298 1.0523510596554506e-05 0.0002573860349913494 0.00042842251650587455 5.0959714164229766e-05 9.689107663172065e-07 2.4031137653764196e-07 0.0 0.0 0.0 0.0 0.0 0.0 0.0 0.0 0.0 0.0 0.0 0.0 0.0 0.0 1.3005103272411183e-05 3.018161405777189e-07 1.0606288981956401e-05 0.0 1.3966984347750418e-07 0.0 9.070445065066125e-06 5.265634164182942e-07 0.0 0.0 0.0 0.0 0.0 1.4026168668267805e-07 0.0 0.0 5.388253845431604e-06 2.7727167843624345e-07 0.0 0.0 0.0 9.166145789036985e-08 0.0 0.0 1.0473143668238614e-06 5.033831615270203e-07 1.0555922754519806e-05 2.429847073549683e-05 1.949594651272623e-06 1.749664667177716e-06 0.0 0.0 0.0 2.626127682817521e-07 1.9119678131664547e-07 2.954905025925634e-07 2.683482313518816e-07 6.861926634826178e-08 0.0 0.0 1.264998748763905e-06 1.8995038397835222e-06 0.0 1.188765892847356e-05 2.227121815018444e-06 4.943872464852324e-06 4.895750744122063e-07 6.473612359815561e-08 0.0 0.0 8.659537403113585e-08 1.8697643171856062e-07 1.09638219069148e-06 0.0 2.585206401081142e-07 2.967527516487239e-07 6.609203381954454e-08 0.0 6.457750276832071e-08 0.0 0.0 0.0 0.0 0.0 0.0 1.1654095918850095e-05 1.6731100257319402e-06 0.0 2.3526968031633977e-07 0.00013542007967340028 0.0 5.565887121827815e-06 1.2852072754532e-06 2.0334149825872977e-06 4.5935988181980295e-07 1.5430339266028515e-06 5.949708296608469e-06 1.3577720924232557e-07 2.6669901489353766e-05 1.5583658733735633e-05 9.907465323581045e-07 4.457947974530756e-06 2.2753965702744293e-05 1.2567619452255851e-05 3.0265064053352578e-06 0.0 0.0 0.0 0.0 0.0 0.0 0.0 0.0 0.0 0.0 0.0 0.0 3.8789582045812566e-07 0.0 0.0 0.0 0.0 0.0 0.0 0.0 0.0 0.0 0.0 0.0 3.5574054462522434e-07 0.0 4.3803903501379633e-07 3.2669615608433416e-07 1.768420132891238e-07 0.0 0.0 0.0 0.0 0.0 1.8428527240761488e-07 0.0 2.2841249448828018e-07 3.6307478246327876e-07 0.0 0.0 0.0 1.1494872520382531e-07 0.0 0.0 0.0 0.0 1.0079384597633643e-07 0.0 7.628975843074886e-08 0.0 0.0 1.9300562145450553e-06 0.0 0.0 0.0 0.0 0.0 0.0 7.201580637406468e-08 0.0 0.0 9.26923052314723e-07 0.0 0.0 0.0 1.1729134020386396e-07 0.0 1.146628750392468e-07 1.1774920589000355e-06 0.0 0.0 0.0 0.0 0.0 0.0 0.0 0.0 0.0 0.0 0.0 0.0 0.0 5.804774696632279e-06 2.16351230552596e-07 4.7447335661767976e-07
3.9484873262680074e-05 0.001454455141930869 0.000714588864529812 6.502020710269666e-06 0.0 4.65971948935319e-06 0.0007341770743336317 0.00018619005196326697 0.0018574674592352451 0.00036006421220708665 0.0012603217198807646 3.162484646008295e-05 0.0003491672987892669 0.0021883197899367837 1.8542581125731733e-05 2.23861895058922e-05 3.5367622312640176e-07 1.68512803258225e-07 2.0898254104225584e-07 6.566030204664542e-08 5.912244718955624e-07 0.0 1.4739515715369875e-07 1.870960352891665e-07 5.592099197916781e-07 8.129709182361938e-08 1.0045844068428672e-07 1.557933445657141e-07 8.687336645040212e-08 0.0 0.00011524229859918516 5.530795771818712e-05 1.7812695607642354e-05 5.7363021509731814e-08 2.3518103389309442e-07 7.357770452606571e-07 6.639342326777019e-06 9.443655144525841e-07 2.2183997127861677e-06 1.381401053199319e-07 1.0884941298820078e-06 5.553603501468567e-07 3.038052261394854e-07 2.857322436117517e-06 6.513018557694513e-08 9.412614483942546e-07 6.256620945129658e-05 7.111056499306181e-07 9.945225442275566e-08 1.0334451353943947e-07 1.1429446425542427e-07 0.0 0.0 5.255018212064652e-08 4.03765345595122e-06 2.592043379868178e-06 2.6874831768433996e-05 7.16469635672588e-05 1.1516310399223146e-05 1.5932271079291842e-05 1.3184631983075476e-06 4.518658430093859e-06 5.255957982609524e-08 3.44020744293354e-05 3.1003958051966166e-06 1.2760970539088144e-06 1.2835696265633667e-06 2.673578592963682e-07 3.268190863636965e-07 8.007934416036661e-07 7.679987624762192e-06 1.1138947802447896e-05 0.0 5.8474387028846556e-05 2.720421441952694e-05 6.067218913315623e-05 1.5750497990251226e-05 1.324982864853408e-05 1.091626912248268e-06 1.0546767948168004e-05 1.2973707048852512e-06 4.3488642319289295e-06 5.295263461172622e-06 5.0490564410318005e-08 1.2870324737188956e-06 1.821619102191723e-06 3.587287434905869e-07 5.434414683587984e-08 4.121615893010419e-07 0.0 2.369807191653735e-07 0.0 1.6051971716743967e-06 1.3000024622082376e-07 2.0539741512896086e-07 5.722525973609274e-06 1.1819124206923946e-05 0.0 4.964361224800314e-06 1.3094582468586506e-05 2.4635716625413586e-07 6.783501548914157e-07 3.034837584738254e-06 5.573171212246038e-07 1.2548859440698469e-06 4.780459989823293e-06 1.5241267205224127e-06 1.6586423766521009e-06 1.19573380082208e-05 6.8439601568299245e-06 2.548099492016078e-06 4.612120506116975e-06 6.8182231633788555e-06 4.020802629716207e-06 4.300527839768479e-06 0.0 0.0 0.0 0.0 0.0 0.0 0.0 2.6719936679654474e-07 0.0 0.0 0.0 0.0 9.679197920977934e-07 1.3134109740895422e-07 7.458978557731179e-08 2.877659391533585e-07 5.973240417583637e-07 0.0 1.8978759933322504e-07 7.562308303447772e-07 1.0552970315305687e-06 0.0 7.00234385254688e-08 7.238429119443234e-08 2.298349122316435e-06 5.1615298629395905e-06 4.066789245074831e-06 4.65077666443711e-06 4.5894694891284005e-06 0.0 0.0 0.0 0.0 0.0 8.409317375186909e-07 0.0 4.7671471923873984e-07 0.0 0.0 0.0 0.0 1.5099899062119102e-06 3.771315731401466e-07 1.9631455255584746e-07 3.758119506973601e-07 0.0 2.6409968863745065e-07 1.0156003339920102e-06 2.692385454846762e-07 1.1302797043734893e-06 1.6209071490440137e-06 6.269963450963187e-06 2.8106713723818975e-07 0.0 0.0 0.0 0.0 0.0 0.0 0.0 0.0 2.21978922079169e-06 8.185662548054358e-07 0.0 0.0 0.0 8.703309338621973e-07 1.784781478848231e-06 6.9298346567652134e-06 2.645541940515999e-07 6.932754633422221e-07 0.0 0.0 0.0 0.0 0.0 0.0 0.0 1.2290837441656872e-07 0.0 0.0 0.0 4.60936755590555e-06 7.586006957291555e-06 6.402569112304276e-06
0.00011441647843619303 0.0002181788418519172 8.938787964875689e-06 0.00024548150917564634 4.65971948935319e-06 0.0 7.077923880368959e-05 2.420449116376706e-06 1.8143742165919767e-06 0.0004157836321900493 3.6205146809384424e-06 6.586425063568898e-05 6.537411135344597e-05 1.4613814287613321e-05 1.5152061657990767e-07 2.663006223691564e-07 0.0 0.0 0.0 0.0 0.0 1.543131853260228e-05 0.0 0.0 1.4725835242579834e-07 0.0 0.0 0.0 4.205818396034752e-07 0.0 1.5088012238155043e-05 0.0 1.8492252153484594e-05 0.0 0.0 0.0 1.384503448993192e-05 5.248611286888826e-07 5.9993143908372796e-06 2.965786917313661e-07 0.0 0.0 0.0 0.0 0.0 0.0 6.743327789494064e-07 2.0056582968667477e-07 0.0 0.0 8.94015960045924e-08 4.0856016142897054e-05 5.833836473889711e-06 3.95856572321813e-06 6.535414118988128e-08 3.824768882968337e-07 4.943376388905296e-05 1.6210668458716366e-06 2.80428605600568e-06 7.150903609489619e-08 9.504648770130594e-08 2.5388091691722605e-06 0.0 2.5580427382147165e-07 0.0 0.0 0.0 0.0 0.0 0.0 2.5575605302997268e-05 0.00011665649922878261 7.504466566573669e-06 6.05844838624713e-07 0.0 0.0 7.713245719355193e-08 0.0 2.6970767064858347e-07 1.3112488404432e-06 0.0 4.9747000482590305e-06 6.73792973563847e-08 4.6091192965627665e-07 0.0 4.057915540677187e-07 0.0 1.4138051313096668e-06 7.49669316862936e-07 7.843353387667085e-06 6.972665118888201e-07 1.4717144388705327e-06 1.645528224202283e-06 6.618795951589688e-07 2.122466750980869e-06 0.00023307758189861514 0.00020025246916089687 2.0114938553714457e-05 3.9467541865231294e-05 0.00013625890437033366 0.0 7.498749785391734e-06 4.702534275471706e-06 3.2755180433243934e-06 0.0 2.542573039048329e-06 1.700114233623456e-05 5.852503594261938e-07 1.0947610618227265e-05 2.34580329796781e-05 2.129807948254156e-06 5.7939862541713855e-06 9.67799115490862e-06 4.585374779547226e-06 1.7404121868799466e-06 0.0 0.0 0.0 0.0 0.0 0.0 0.0 0.0 0.0 0.0 0.0 0.0 4.801619792336557e-07 0.0 0.0 0.0 0.0 0.0 0.0 1.935376293111428e-07 0.0 0.0 0.0 0.0 7.364106253341473e-07 1.889216975172105e-07 0.0 7.876330459278241e-08 0.0 0.0 0.0 0.0 0.0 0.0 0.0 0.0 0.0 4.576181869053585e-07 0.0 0.0 0.0 6.514188532536722e-07 0.0 0.0 0.0 0.0 3.7522305414667827e-07 0.0 0.0 0.0 0.0 4.886199931098223e-07 0.0 0.0 0.0 0.0 0.0 1.0685146673272554e-07 0.0 0.0 0.0 2.6391552618673544e-06 1.1279549568596505e-07 0.0 9.167571239317232e-08 0.0 0.0 3.347042942983004e-07 8.320580726072046e-07 5.220685393112504e-07 0.0 0.0 0.0 0.0 0.0 0.0 0.0 1.270792676025757e-07 0.0 0.0 0.0 0.0 6.224541013820746e-06 1.3966683759377612e-06 7.530049198764126e-08
0.00064353507446624 0.0017873839055968792 3.8756274405963636e-05 0.0002899956997443644 0.0007341770743336317 7.077923880368959e-05 0.0 1.5332578761466932e-05 0.0008062285821662199 0.001274586367141026 0.00011839518216382343 0.00013354395838596368 0.00159657350043644 0.001989660333531237 1.6075669181067256e-05 1.493806584088896e-05 5.161909853039055e-07 1.6454889650903408e-07 3.21783974459132e-07 3.716127706153832e-07 3.8246984001774715e-07 7.94003100904226e-08 0.0 0.0 3.6564451196884136e-07 0.0 5.819703331791842e-08 6.724563177799345e-08 0.0 6.755304138448371e-08 9.471896102300257e-05 2.313770734746829e-05 1.1857452699238876e-05 1.2925827170964466e-07 0.0 6.587402037971224e-07 7.032911908248652e-06 1.1583269884690382e-06 1.2886991103839918e-06 0.0 9.001105497171299e-08 0.0 4.2560560910934165e-07 1.5139503135004062e-06 1.2660224520719892e-07 5.01890372541186e-07 7.036871893528838e-05 1.8153322198700044e-06 1.9485693586467054e-07 0.0 2.403878316098063e-07 0.0 1.6711514136121072e-07 2.745373607553169e-07 7.391013641175176e-06 3.818141822465299e-06 5.621988814308853e-05 0.00012291807849017656 1.6806579967103705e-05 2.157632737724591e-05 5.467515090211617e-07 3.056508807025715e-06 7.718783208703924e-07 1.9823631648979032e-05 4.601582361471738e-06 3.847488832916101e-06 1.6294026254119641e-06 1.985203924426037e-07 3.2427408012840316e-07 5.63536620418809e-07 7.227253599117631e-06 1.1396619736961523e-05 0.0 9.689297155760443e-05 3.357950605998778e-05 6.481832766233466e-05 1.1576648381863993e-05 8.40698573733861e-06 3.2516546038744615e-07 1.919293650324534e-06 6.043425433464972e-07 3.0782015097827727e-06 9.64040306259435e-06 0.0 2.810881152464345e-06 2.486805584056237e-06 2.0666612017184765e-07 5.6676648443867815e-08 8.211194396110696e-07 0.0 2.552681406485455e-07 6.255686283106393e-08 5.086438677200509e-07 6.517182866563783e-08 1.3797195845463688e-07 7.0529449140327615e-06 1.2229943770323679e-05 0.0 4.580268760375604e-06 9.820805914354957e-05 7.008167468463283e-07 2.813674536500894e-06 4.442071291540586e-06 5.585467547147952e-06 4.664865310571418e-07 4.710034725353346e-06 5.382806838612437e-06 2.886460836263282e-06 1.4413205092254341e-05 1.247198996131285e-05 4.5824573546831395e-06 1.6799235684974378e-05 9.389929948142153e-06 6.025504206605041e-06 4.983361164121285e-06 7.767865933660169e-08 0.0 0.0 0.0 0.0 0.0 0.0 0.0 0.0 0.0 8.19358840698795e-08 0.0 7.789732380445325e-07 1.2272341138401333e-07 7.674550272308499e-07 4.841760630172961e-07 2.3591367979960014e-07 1.9675233558236015e-07 0.0 1.3589299252720806e-07 5.093919773929278e-07 0.0 0.0 6.877241637099617e-07 3.669321456884066e-06 4.246604857222638e-06 3.0091227677003055e-06 4.374456079201358e-06 3.901303243336545e-06 0.0 2.0838770182489317e-07 0.0 0.0 0.0 7.410462409775174e-08 0.0 4.775005727422714e-07 7.840726679636468e-07 0.0 0.0 0.0 1.712767750433197e-06 1.2749752472428002e-07 7.352014999669287e-08 0.0 6.389342483535254e-08 8.02318994228559e-07 5.321143705466778e-07 3.9545379673525087e-07 1.1936974789574327e-06 2.6920987804086488e-06 7.144517064106754e-06 0.0 0.0 6.438045203584726e-08 0.0 0.0 0.0 6.194119466570044e-08 0.0 0.0 3.0402436345407113e-06 1.117217713137527e-06 0.0 0.0 0.0 1.3524586277882397e-06 2.1806120426253528e-06 7.1266398001472576e-06 5.873737867667959e-07 9.060496034145435e-07 0.0 0.0 2.613775524360657e-07 0.0 0.0 6.142754885938376e-08 0.0 0.0 6.855266307235574e-08 0.0 0.0 7.015917836106318e-06 7.701087783434784e-06 7.214004211514666e-06
3.450585380392571e-05 0.00027282161794997295 0.0019352760465287853 8.951418091072967e-08 0.00018619005196326697 2.420449116376706e-06 1.5332578761466932e-05 0.0 0.0003880295076008946 4.5930360417404335e-06 0.0011980134010432567 1.568437012274389e-05 8.86347946312103e-05 0.0004666583440443304 2.1407480708655766e-05 4.867766823956786e-05 2.6586568530743463e-06 2.6985305127628275e-06 4.35859769310935e-07 6.901301273393867e-06 4.924958245536763e-05 3.243239856955208e-07 6.528578176712721e-06 9.225942579340989e-06 2.7137897196152046e-05 2.1113415054179556e-05 1.2534329176444612e-06 9.025864097679839e-06 6.519541769603727e-07 8.056741083395347e-07 0.0003849505925515697 0.0025096480984984093 0.0002885743572633591 3.7288784773691198e-06 2.0042499431054776e-05 7.3191629259314e-05 0.00011554056034395155 4.7810056046097516e-05 3.727434695640323e-05 4.233932525258921e-06 2.533561619766858e-05 1.648949124719285e-05 4.9899576574027655e-06 4.88941075637375e-05 1.75794824601803e-06 4.07827623220959e-06 3.934892808919594e-05 7.314584886534791e-07 6.825579034695368e-07 1.8041055699064068e-06 1.3534652928194283e-06 1.7358251490816528e-07 4.062298899004342e-07 2.9747973721457385e-06 3.0395433771547703e-06 1.6876463264320978e-06 2.3350962606624803e-05 9.434768960034593e-05 6.035080280898044e-06 8.831943724109756e-06 0.00017364475172581957 4.947902352970443e-05 6.967439155577866e-06 0.0002191305218808722 1.9637668007581817e-06 3.1635030063457127e-06 1.761260749629458e-06 1.8336589547585856e-06 5.357654092217022e-06 5.244654090812077e-05 4.5142559032116194e-05 4.851634627523151e-06 0.0 4.582685304814468e-05 4.64663276003965e-05 4.732215083634377e-05 5.169007014014087e-05 0.00030299720973203507 0.0013810870809095694 0.0006013055169009199 0.00044324055642728296 0.0005489886243383856 3.107024583347499e-06 1.343406979022509e-07 8.216114420673902e-07 6.402730906834007e-07 6.978545693586584e-07 0.0 2.031795665146013e-07 5.927150101704279e-08 6.320029371365849e-07 6.157190630203078e-07 7.312017531628019e-05 6.970084234543186e-06 3.1933110966558623e-06 2.332981460553682e-05 1.228574740944321e-05 1.1413183558061855e-07 2.5894272373461154e-05 1.4493333556700869e-05 0.0 0.0 1.06033160050047e-06 5.646498585886791e-07 1.0865489825418298e-07 3.5598573688073596e-06 9.158212329018103e-07 7.703879207970774e-07 7.172312431454192e-06 2.7455275936952847e-06 2.3353532291708446e-06 5.392113271808453e-06 6.836207943209036e-06 3.2736753477552236e-06 4.767411014211946e-06 7.925338703470194e-08 0.0 0.0 1.6552309898311356e-07 0.0 0.0 0.0 2.1021154768969928e-07 0.0 1.4130688033189887e-07 1.2299905635122532e-06 0.0 2.592926931996527e-07 9.702886061632324e-08 8.098727356153086e-08 5.294732401970915e-07 7.265369537447554e-08 1.2933199236541264e-07 3.1782266392478665e-07 2.3802112018224626e-07 0.0 0.0 0.0 2.1736241181303158e-07 1.437213275622303e-06 1.6162569630085825e-06 1.2895319178643789e-06 7.077646570566638e-07 1.018776995350623e-06 8.324642370932212e-07 6.548187496028497e-07 0.0 0.0 0.0 0.0 0.0 0.0 0.0 0.0 0.0 0.0 6.348104226670766e-07 2.8668297995609654e-06 0.0 0.0 6.746149766444305e-08 2.449622289019785e-07 2.4074492960954874e-07 0.0 0.0 0.0 2.276074763782799e-06 0.0 1.5100735576362512e-07 0.0 0.0 0.0 0.0 0.0 1.529447045877269e-07 0.0 2.376933436157961e-06 3.350731443656235e-07 3.455573213053059e-07 9.26837545040987e-08 2.2647015066527395e-07 1.5386232241117333e-06 1.0036837720156962e-06 2.489168179051894e-06 0.0 3.0736968598517846e-07 0.0 0.0 0.0 0.0 0.0 0.0 0.0 0.0 7.29169875909383e-07 1.91310985155234e-07 1.2118195077347847e-07 5.454630465858692e-06 2.7632308767097355e-06 3.034467801810464e-06
6.971480919157803e-06 0.0008872027036044253 0.0004133174371461861 1.8392553535054604e-05 0.0018574674592352451 1.8143742165919767e-06 0.0008062285821662199 0.0003880295076008946 0.0 0.0001714146902947166 0.0009233812855831981 3.103668364611272e-05 0.00038739931349994727 0.000626129443322984 5.037903467302043e-06 9.450355570309232e-06 2.0160773117752677e-07 0.0 5.842461672156088e-08 0.0 1.6208366711889184e-07 0.0 8.084182136517142e-08 2.32891488288531e-07 1.3546510078311102e-07 4.4405391200485674e-07 9.788256120971726e-08 0.0 0.0 0.0 1.737636378132033e-05 1.1431984023187447e-05 2.991323076764806e-05 8.785958258785462e-08 3.264181389862195e-07 7.889028960692742e-07 5.52950106711552e-06 5.056504171957611e-07 2.1867196528569447e-07 0.0 7.372815320206055e-08 1.4516044795015168e-07 5.547326337677326e-08 8.464554560700438e-07 6.542117387774846e-08 2.698950818228944e-07 1.248336953129231e-05 2.0384946398131194e-07 0.0 0.0 2.1303167866208158e-07 0.0 1.1165528353485693e-07 0.0 7.456765802831122e-07 3.0821878150547196e-07 2.7699393231188366e-06 1.0963854823562719e-05 1.5496553800715464e-06 3.22059514788027e-06 3.5030518128670605e-07 7.186290955631426e-07 0.0 7.377306169725052e-06 3.576636043961359e-07 3.945208079379029e-07 2.2870340875253849e-07 1.347554407559512e-07 4.9046846846527394e-08 3.3869145345839946e-07 3.8011412400427756e-06 5.0271211945532355e-06 0.0 9.291949579720688e-06 5.233803380655353e-06 1.424461172736359e-05 4.689528838284606e-06 6.138951376896101e-06 3.716212848180613e-07 2.0390822066674532e-05 5.720045107700822e-07 1.2298660784654453e-06 1.0404656754554015e-06 0.0 3.3535639831535636e-07 2.418044517981171e-07 5.559719561737831e-08 0.0 1.695555092795329e-07 0.0 7.000942587538006e-08 5.3505233808412467e-08 5.36646803925129e-07 0.0 1.3476364894090984e-07 2.35870331896064e-06 5.322514487162179e-06 0.0 9.76072656949978e-07 1.9816263995980315e-06 2.4922954728422827e-07 8.455951218022156e-07 1.9785824512142637e-06 3.668364509860748e-07 7.524685794011606e-07 4.630206957866557e-06 2.7897274209477733e-07 1.2378343504677997e-06 3.966177489513102e-06 5.313560981240535e-06 2.7386842477653754e-06 3.417521528572679e-06 5.472858608748146e-06 4.531562575415824e-06 2.139553388547562e-06 8.478099497255376e-08 0.0 0.0 0.0 0.0 0.0 0.0 0.0 0.0 0.0 0.0 0.0 5.049066263213441e-07 0.0 4.833101710728211e-07 0.0 0.0 1.4984629492143752e-07 0.0 1.436920811526369e-07 1.1051566367610909e-07 0.0 1.2781643467409775e-07 0.0 1.069203829102982e-06 1.3398772521879729e-06 1.8739842719221173e-06 1.139054219543875e-06 1.1673297435004324e-06 0.0 0.0 0.0 0.0 0.0 0.0 0.0 3.695630688663186e-07 0.0 0.0 0.0 0.0 1.9439605837187922e-07 2.532514493270235e-07 0.0 0.0 0.0 6.372976754614795e-07 7.557710140424649e-07 5.136735255991318e-07 0.0 8.348364370966526e-07 2.940870707808067e-06 0.0 0.0 1.9664382762196894e-07 0.0 0.0 0.0 0.0 0.0 0.0 2.0819901672843085e-06 3.9867985527670557e-07 0.0 0.0 0.0 1.1073957289281035e-06 1.445322064051348e-06 2.9818126753551265e-06 4.2089053251007925e-07 8.298189705686527e-08 0.0 0.0 0.0 0.0 0.0 0.0 0.0 0.0 0.0 0.0 0.0 3.153217518814034e-06 3.7359558083959317e-06 3.7860158404253796e-06
0.000751220964230802 0.001327990489466941 1.6165609279414215e-05 0.0019434204056974298 0.00036006421220708665 0.0004157836321900493 0.001274586367141026 4.5930360417404335e-06 0.0001714146902947166 0.0 9.411261712870666e-06 0.0011484789371125302 0.0038302918092694297 0.0004689159175493449 1.4377644209386754e-05 1.1093636119041048e-05 3.760847210723172e-07 1.0608178281062782e-07 7.833366558622272e-08 1.4984314343250422e-07 7.142751198728243e-08 2.0625438320187543e-07 0.0 0.0 1.5737886876638701e-06 1.7056096998292272e-07 0.0 6.318667691229718e-08 6.903947803475473e-08 0.0 4.924237252488868e-05 6.993964554325386e-06 8.413368376553362e-05 0.0 8.239457008093805e-08 5.19318481460851e-07 9.356959965283391e-05 5.419188051334688e-06 7.85889838199976e-06 6.51822678184866e-08 5.6457900067931886e-08 2.745767580688104e-07 1.4142968721701955e-07 1.5184528459862063e-06 1.9929388184311587e-07 2.3214123649161797e-07 5.279146267504472e-05 1.0457858428656278e-06 0.0 1.603820111679978e-07 3.5660175252428407e-07 2.6733138382786664e-07 0.0 0.0 3.6612276238371164e-06 2.0504869214319178e-06 4.7495833108092704e-05 6.405175108858209e-05 1.1908291171245814e-05 1.2976706284098857e-05 4.457407951971331e-07 1.3479656573690181e-05 2.417750938401292e-07 1.2668566035624576e-05 2.9496597341412785e-06 1.8830977362671759e-06 9.054108259755921e-07 5.448669186390461e-08 0.0 3.354670977574803e-07 8.493142978397167e-05 6.376919960745996e-05 9.233551621091108e-08 5.0932207657866406e-05 1.712371359264701e-05 3.915061002875935e-05 6.11622871227502e-06 6.216187470445381e-06 4.3746036044209787e-07 1.7751072419680626e-06 7.758846554956532e-07 5.782419534613401e-06 4.777941755202681e-06 0.0 1.587046831322226e-06 1.7779597812040876e-06 2.2692373802626496e-07 7.876625124727449e-08 2.2301005273345042e-07 0.0 6.714017412325739e-08 0.0 9.727735885035873e-07 2.44529490232067e-07 5.5630842759208124e-08 0.0002580622225634394 0.00010573154623160378 0.0 2.214605514086218e-05 0.00026165377937987925 1.744981574365905e-06 3.6656674444078164e-05 2.4706409714617282e-05 1.2176319668374342e-05 9.23329608642383e-06 5.065363263021997e-05 8.961364449767961e-05 1.0837359186044583e-05 0.0001435517824230028 0.00011139378626039175 2.507231032886691e-05 4.9803315423025566e-05 0.00010233108145451244 4.1646682678312725e-05 3.0373364010538365e-05 1.4509938754358336e-07 0.0 0.0 3.3895434735825e-07 0.0 0.0 0.0 2.870785690620215e-07 0.0 0.0 3.0230501375606974e-07 0.0 6.479007817456309e-06 4.2833605221107855e-07 1.1109352187150437e-06 7.590182569073365e-07 2.4081672630229995e-06 4.6134987556318835e-07 1.796829584021979e-06 1.7832535422465878e-06 3.5146935265093874e-06 0.0 2.548841051922605e-06 0.0 1.0531366441595356e-05 2.517454540971489e-05 1.5066591180417455e-05 1.3015590168959953e-05 2.1086666632679567e-05 0.0 1.4538528706585852e-07 0.0 0.0 0.0 2.117475197243629e-06 0.0 1.1722114961056286e-06 8.615562261967938e-07 0.0 5.087152883071534e-07 0.0 9.366100639539482e-06 1.864885718537228e-06 4.3794075396815823e-07 0.0 1.6824550171606056e-07 3.5174851386046255e-06 7.725403280157112e-06 3.5389284221130273e-06 3.400915368440131e-06 6.635485160982676e-06 3.57351901657188e-05 6.515843002529586e-07 0.0 4.0275746241597893e-07 0.0 8.101402049736423e-08 0.0 0.0 0.0 2.7214072869202676e-07 2.2582018975940802e-05 7.645394967151616e-06 9.315836824387728e-08 0.0 1.975862733540017e-07 1.2132984736040859e-05 1.3379093785899338e-05 3.6955933238996424e-05 1.9455397141234365e-06 1.6075920169890663e-06 7.163145305421302e-08 0.0 0.0 0.0 0.0 0.0 0.0 5.725236155376522e-08 0.0 7.778225620617272e-08 0.0 7.85913420221583e-05 3.523681239782717e-05 2.2871372880526506e-05
3.9173159388635834e-05 0.0009571326623838154 0.0013726011198862016 1.0523510596554506e-05 0.0012603217198807646 3.6205146809384424e-06 0.00011839518216382343 0.0011980134010432567 0.0009233812855831981 9.411261712870666e-06 0.0 6.0819037091141405e-05 0.0004982843275181857 0.0017525888006955138 2.167063598218909e-05 6.195895638822776e-05 1.9058241471374354e-06 8.841474611431444e-07 5.560193346268305e-07 1.1903475770192269e-07 7.949653173552427e-06 7.466488824858689e-08 7.336156815943829e-07 2.264595767659132e-06 1.2758559203367013e-05 8.968236390585867e-06 4.4277895827756966e-07 3.7742876175480742e-06 1.6613478891812431e-07 1.6830359572505823e-07 0.0002033992767437156 0.00017753501739372116 0.000737953741273499 2.7280786706349286e-07 8.29937706430951e-06 3.0581789643753154e-05 0.0001364710639675961 2.848762341146644e-05 2.2361493165182253e-05 1.392602007546023e-06 9.176555830716245e-06 5.878133269273105e-06 5.005598864693593e-07 6.479538748328005e-06 2.226915623240545e-07 8.700745847929274e-07 4.183571787385346e-05 7.431357398374185e-07 1.5769819628231874e-07 4.86316943239446e-07 1.130961763576663e-06 2.0494606367162969e-07 1.612421381335002e-07 1.1837066321961115e-06 2.1397189540053206e-06 1.3614962639038804e-06 1.2811056518458743e-05 3.780626951800483e-05 4.2319736712863736e-06 9.763767798274457e-06 1.2662347671657394e-05 2.5180394923614755e-05 1.8234219512923599e-06 3.441060432282525e-05 1.264906711466898e-06 1.4999645485490677e-06 8.288264711964124e-07 9.110097607209227e-07 1.7831465594390243e-06 7.820232983918812e-06 4.1563011022252e-05 1.2541228869121059e-05 0.0 3.1741971035437015e-05 1.880687145353686e-05 4.9763014498435734e-05 2.1035986435998586e-05 2.8912846128243757e-05 4.675304936266919e-05 0.000488350796814526 1.5238918909153198e-05 5.5003480190861095e-05 3.219691265316657e-06 1.3208303243397594e-07 1.4138940837506317e-06 8.522945456243625e-07 4.954051167007226e-07 7.193850234951745e-08 2.8239112783713276e-07 0.0 2.1063241583355814e-07 6.65124429368242e-08 1.8923407571623754e-05 2.1778369653585044e-06 1.3295154724645283e-06 1.9782095705974302e-05 1.3943337726790483e-05 2.9740108967352284e-07 1.4991510167299664e-05 6.26244451168837e-06 1.4273302161990014e-07 4.79273096474065e-07 2.7729927284372886e-06 4.564778859103964e-07 3.8762471343754686e-07 6.42931387639894e-06 2.6775072978035982e-06 3.4247129548511468e-06 1.4192726502004212e-05 9.169402113718045e-06 7.283112449756675e-06 8.96524102004718e-06 1.5174209887866296e-05 7.807233736186872e-06 8.641246768444358e-06 0.0 1.3431167064083076e-07 0.0 0.0 0.0 0.0 0.0 3.868710362164839e-07 0.0 1.9413647637347622e-07 1.4026766192543872e-06 7.296577421907216e-08 7.26832211486322e-08 0.0 0.0 4.569170015947195e-07 0.0 7.089676916841119e-07 0.0 6.269166857224857e-07 1.1779620626309434e-06 0.0 0.0 0.0 3.061082878557089e-06 2.0464024979947327e-06 3.7208442437409163e-06 2.4672078786064915e-06 1.7655561179907338e-06 1.2838226143734927e-07 0.0 0.0 0.0 0.0 8.104110800130465e-08 1.336551244310732e-07 0.0 0.0 0.0 0.0 8.912565686550817e-08 6.721437256152928e-07 6.631086610356485e-07 0.0 0.0 0.0 4.0136407489549747e-07 1.5769442683502294e-06 0.0 1.2607800822632773e-06 5.895273519169937e-07 7.248925576577848e-06 1.876412798929005e-07 0.0 0.0 0.0 0.0 0.0 7.352052511518762e-08 0.0 0.0 4.764870716700917e-06 3.426680786988721e-06 3.336108288217222e-07 8.943503090832648e-08 9.488571981166527e-08 3.81971148112795e-06 2.421187695078353e-06 6.453512410187432e-06 1.1357182315403646e-07 7.368884769388287e-07 3.1171172204866927e-07 0.0 0.0 0.0 0.0 0.0 0.0 1.5351179984378314e-07 0.0 0.0 0.0 9.573957652345392e-06 9.65487198016699e-06 5.929656159781119e-06
2.6623910071491256e-05 0.0001320122196622293 1.5912916045893612e-05 0.0002573860349913494 3.162484646008295e-05 6.586425063568898e-05 0.00013354395838596368 1.568437012274389e-05 3.103668364611272e-05 0.0011484789371125302 6.0819037091141405e-05 0.0 0.0005777020601795944 0.0002197558771013097 5.152926263601283e-06 1.2903117976058813e-05 6.267413128903961e-07 7.055671882352655e-08 0.0 0.0 3.2157788139662597e-07 0.0 0.0 2.9098807375792676e-07 9.13073006221958e-07 6.273369467666753e-07 0.0 2.581514544084536e-07 8.731088294535264e-08 0.0 2.8449009794545085e-06 7.621253979501688e-07 0.00013914671234101984 1.9284831946232607e-07 8.942894016855563e-08 2.023394111539084e-06 0.0001715935397793095 8.193174995804908e-05 2.8080899322692185e-05 2.958004146342756e-07 6.243758995702588e-07 2.7145883730502163e-07 9.438166914158401e-08 1.2066338252407145e-06 0.0 7.381928725321877e-08 1.0624648421254805e-05 0.0 0.0 1.2073384705258913e-07 0.0 0.0 2.2354391051655944e-07 2.142451573781481e-07 5.92300469683284e-07 1.4448391187323695e-07 3.43628564175466e-06 3.8511224083444614e-06 1.5265413533376838e-06 1.3280108080168721e-06 8.877940620676599e-07 4.2291875541835076e-05 1.5700391117767621e-07 1.2527211549794229e-06 1.8283188567104384e-07 1.5345963862992698e-07 0.0 1.2588010261854773e-07 5.5382311949092777e-08 9.111987217269099e-07 6.0178901782468305e-05 1.9782350396624962e-05 0.0 3.4840501904486337e-06 2.7330662609491247e-06 6.953282445179829e-06 2.46364919854708e-06 2.552681534815467e-06 2.3437974130203996e-07 2.0235637026105838e-05 8.40887582123237e-07 6.377522662644441e-06 4.195379736762952e-07 0.0 2.2325343553580158e-07 1.228167912103707e-07 0.0 0.0 1.7803341924323308e-07 1.572312428570656e-07 0.0 6.763884480439998e-08 1.8596262660296935e-06 1.3948686956012514e-07 0.0 0.0006693621129896054 0.00010203061760130115 0.0 9.598972863518996e-06 1.5036475502813107e-05 1.9988287118626746e-06 1.4749728128831611e-05 1.896153733010875e-05 9.73572184190095e-06 5.01120648145777e-06 3.979580575996388e-05 3.2382767431227984e-05 1.481833794318096e-05 8.100700026332092e-05 5.419318672530348e-05 3.0059129804171397e-05 4.593394950674067e-05 9.605224341564881e-05 6.128440316793342e-05 4.345986245345225e-05 2.2954986363605922e-07 8.703473650394234e-08 0.0 7.063739891452698e-08 0.0 0.0 0.0 1.9357287070657547e-07 0.0 0.0 3.811644375273754e-07 0.0 2.3318349631934777e-06 1.0073121105924382e-07 2.09506779010281e-07 9.85710793610792e-07 0.0 8.723560949644705e-07 3.7975284688835677e-07 1.171437458834684e-06 2.6151555458168764e-06 0.0 2.015724552317064e-07 0.0 1.2971245664426945e-05 8.699269702358756e-06 1.2035593431986237e-05 8.381510102763023e-06 7.676944974485849e-06 7.665346542607749e-08 0.0 7.402539018726416e-08 0.0 0.0 1.073663741217695e-06 0.0 6.070558988136419e-07 1.2580001975567713e-06 0.0 0.0 0.0 2.774512792486311e-06 3.2426379892018375e-07 5.319099507100895e-07 2.391804485692802e-07 0.0 1.6249225951000833e-06 5.703049520277203e-06 1.3147888336786468e-06 3.3365743729470135e-07 1.2079965566957856e-06 2.4741786769679333e-05 6.210388849266574e-07 1.7222203416406338e-07 2.4258241794171844e-07 0.0 0.0 0.0 0.0 0.0 0.0 2.455746554018969e-05 4.444626500011784e-06 9.58486687309007e-08 1.4553825643942308e-07 0.0 1.0163130616000187e-05 5.870158975631756e-06 2.2940946265702077e-05 1.6799972210395842e-06 1.4218456679157373e-06 7.851555462142859e-07 0.0 9.112182032097913e-08 0.0 0.0 0.0 0.0 0.0 0.0 0.0 0.0 6.265578757510336e-05 3.299863754360745e-05 2.1926599479004296e-05
