0.0 0.0018620800403750578 0.0004625204420972474 0.0008520658521035327 4.449381501241248e-05 2.58971705303278e-05 0.0005220832390059672 0.0001604497347550219 3.30774159224766e-05 0.0009090662960552109 0.0001433594589186742 4.815395878566966e-05 0.0001907929254841473 0.00026989519965394017 1.449090821485146e-06 0.0 1.6230214832031784e-07 0.0 0.0 1.9527337548113752e-07 1.5023368448465862e-06 9.82171799058202e-08 4.011703467434802e-07 1.4493781266735543e-07 7.503228022245286e-08 1.015766554488673e-06 0.0 4.2507813167651377e-07 7.583082899419153e-07 0.0 0.0005155877089130644 1.4054434263599425e-05 6.53334724362537e-05 7.288871684324098e-08 2.9547009879812677e-07 0.0 9.135664010962156e-06 7.549359292468741e-07 3.562093836686198e-07 0.0 1.2492843064130712e-06 5.038429288069004e-07 5.799291766038007e-08 1.4910728898319026e-07 6.776303536912418e-08 8.789173332546369e-08 1.4463652080615838e-05 2.253375381239957e-06 1.631305046751911e-07 0.0 2.1696618405272012e-07 3.327264717408082e-07 1.8760764672867704e-07 0.0 9.800896214959152e-07 1.936136688065671e-06 0.0001515210328448435 0.0005035435167506132 0.00014052062879600364 6.0997469556699425e-06 1.2483337555977657e-07 2.099378323080347e-06 6.883655836158467e-08 2.3514926563401446e-06 3.0974152204902025e-06 5.452241156037163e-07 0.0 9.071403454654754e-07 6.199865379054077e-07 5.839566291283823e-07 1.4289146016130361e-05 8.453162367426477e-06 7.425424311790733e-07 0.00012162383065337627 2.0036645394516912e-05 7.732678286353346e-06 7.000076116758849e-08 5.85099236844209e-07 2.5075693094555605e-06 3.8295029534606265e-05 1.696672871131533e-07 5.1372507734348735e-06 1.0996567714086185e-05 1.6383382961554403e-07 1.0763235699502511e-06 1.0252866533900774e-06 1.8733636054827078e-07 0.0 6.208558099860639e-08 4.99408847826669e-07 7.446196929847066e-08 6.373421328049959e-08 7.133993507354861e-07 2.517373167352763e-07 0.0 6.91343632784893e-05 1.8246097834864418e-05 1.5686429037477266e-06 5.626272294842945e-07 0.0007071223931247149 6.283679568050088e-07 1.937129812757511e-06 3.128979783096416e-06 3.456695758590419e-06 6.901423190487568e-07 2.8629440025356085e-06 1.428223233945038e-06 1.727807777040974e-06 2.96380321821927e-06 1.5035169972041298e-05 1.47100692769133e-06 1.0739469229122209e-05 1.7875236395282182e-05 6.2939011478716876e-06 1.336701422210753e-06 0.0 0.0 0.0 0.0 0.0 0.0 0.0 0.0 0.0 0.0 1.0103755248725361e-07 1.2246197541942085e-07 0.0 0.0 7.339504662643705e-07 0.0 7.253375519111106e-08 9.310908754705495e-08 0.0 0.0 1.218121074984441e-07 0.0 1.8574422767444914e-07 8.750403909270745e-08 1.924547613221093e-06 0.0 9.783873414339396e-07 1.287110417997617e-06 9.867090766890695e-07 0.0 0.0 0.0 0.0 0.0 0.0 0.0 0.0 0.0 0.0 0.0 1.7925526258678623e-07 8.154255377010385e-07 8.181708581729186e-08 0.0 0.0 0.0 0.0 1.7010793945267007e-07 0.0 1.3678764661292532e-06 1.5072697552903587e-06 1.1518889578677192e-06 0.0 0.0 0.0 0.0 0.0 0.0 0.0 0.0 0.0 6.954761894204313e-06 1.1872022862809758e-07 0.0 0.0 1.0400080972876718e-07 6.395845835994084e-07 2.3407600579350216e-07 1.4177415445638825e-06 0.0 0.0 0.0 0.0 6.579587575168345e-07 0.0 0.0 0.0 0.0 0.0 0.0 0.0 0.0 5.609773127469811e-06 1.8276531827244483e-06 1.1769657537548077e-06
0.0018620800403750578 0.0 0.0015235706468123263 0.0011031341114815707 0.0005382459902871556 8.836094299755678e-05 0.0011727949051700411 0.000706764182044937 0.00027659000770312905 0.0005754085033717381 0.0013660298684225562 9.669780992992795e-05 0.0011074826042716103 0.0014856899220468958 7.696888207805437e-06 1.0004464888218094e-06 4.7201134034271434e-07 1.1133460017891967e-07 8.62249934504027e-08 6.487883914676958e-07 1.2340169983096613e-06 0.0 8.387131791441274e-07 7.25558095743726e-07 0.0 1.4236226775640867e-06 0.0 6.438710842714126e-07 2.8326216687554453e-07 3.3409466132840803e-07 0.0009775974027762852 3.038380355136372e-05 8.221700816347509e-05 2.489538196656992e-07 6.633446610504105e-07 2.8028101725807e-07 1.2543718699850926e-05 1.5477758151202347e-06 1.1682229313607742e-06 6.623104103068812e-08 2.4205205672550286e-06 9.352340317002591e-07 5.188841854737223e-07 1.289162024933945e-07 8.311011324108501e-07 6.425917353684984e-07 5.4338426772492746e-05 1.954776748168134e-06 0.0 3.185123926255227e-07 2.521592305039054e-07 1.4828108480038442e-07 0.0 2.420670744843638e-07 7.806377452501601e-07 3.020925552930553e-06 8.637008083413748e-05 0.0003717619352187277 0.00010269137447284865 2.6596353747601938e-05 1.040178510185015e-06 1.5526769272217096e-06 1.225103797257386e-07 2.7888531885166856e-05 2.754268269098358e-06 4.816101255896863e-07 0.0 5.59756970532597e-07 1.1406264604604814e-06 9.710501808779816e-07 1.8429833000131268e-05 4.013994307861632e-07 0.0 0.00018384068418452062 5.8247905793892874e-05 4.07349728237926e-05 5.984428455103007e-07 2.0429971524074034e-06 2.648030281396744e-06 7.332352296385804e-05 6.418276017846388e-08 9.988005095811192e-06 1.0196055408161749e-05 1.903099139766072e-07 1.1535444771002283e-06 8.860040739166435e-07 0.0 1.235930103190847e-07 1.1692322364735215e-07 0.0 0.0 1.4393188744301447e-07 1.7290439406548346e-06 3.051046687970207e-07 1.277284285119516e-07 1.2296882715325629e-05 1.2009042267050034e-06 0.0 1.5486293078665965e-07 0.0005620250647653454 2.4209632935058106e-07 2.0250674069132125e-06 1.4118577849354964e-06 1.1418665077666635e-06 1.8326661295126302e-06 2.208966655735012e-06 2.778900636562211e-06 8.187775750439421e-07 1.8540322774947702e-06 6.5659200205843954e-06 1.9535738453953163e-06 1.1355812467434476e-05 1.3409883151650292e-05 7.85889157594719e-06 3.2293891067745714e-06 0.0 4.2250217247244403e-07 0.0 0.0 0.0 0.0 0.0 0.0 0.0 0.0 0.0 0.0 4.918218347675766e-07 0.0 8.192568246329693e-08 0.0 0.0 0.0 0.0 5.208651033402343e-07 1.7229949382333668e-06 0.0 1.0183392071738392e-06 0.0 3.4342229246007785e-07 8.629831208318166e-07 1.9952272672847686e-06 7.173320196456954e-07 1.3472086882004103e-06 0.0 2.25238649241405e-07 0.0 0.0 0.0 0.0 0.0 0.0 2.819301582351791e-07 0.0 0.0 0.0 6.952986102792334e-08 3.9879781182148887e-07 0.0 3.8997600471257924e-07 0.0 4.929527816238377e-07 0.0 0.0 0.0 1.2882643735297993e-07 4.0527371224644206e-07 0.0 0.0 0.0 0.0 0.0 0.0 0.0 0.0 0.0 6.805558070521299e-06 0.0 0.0 0.0 0.0 2.037640435261842e-06 0.0 1.6248494598964948e-06 0.0 0.0 0.0 0.0 0.0 7.483894180129069e-08 0.0 0.0 0.0 0.0 0.0 0.0 0.0 1.065670609248575e-05 6.729123914327091e-07 2.380274587636908e-06
0.0004625204420972474 0.0015235706468123263 0.0 0.00019398322297281388 0.00020064638306762028 1.5299124866343065e-05 5.4009606727836826e-05 0.001715565793628027 0.0003962082657595051 2.3151143744922956e-05 0.0007765968633577465 1.0032964625735104e-05 0.00014859310059749404 0.0006656311202418669 5.766784835761646e-06 2.3333060197618986e-06 5.636272802571513e-07 1.2581086765632608e-06 0.0 4.149613127433388e-06 4.6079080647557816e-05 8.95301525726367e-08 1.4326484323241915e-05 1.2463634591895373e-05 3.084427625105774e-06 1.7295960892030874e-05 1.2265517541678867e-06 5.062185198132276e-06 2.923701786303281e-07 2.797594628140165e-07 0.0025640770128004323 0.0007999418555837201 6.440741367657663e-05 3.6353586994025327e-06 6.169367193250799e-06 5.698564972523397e-06 3.8511645105372695e-06 5.557037775409583e-06 3.9026935065667715e-07 5.006070256035381e-07 3.978571391335829e-05 7.229450145062721e-06 1.3786431324399442e-06 7.711197887382225e-07 3.9992768748301634e-07 2.814729928663446e-06 2.5212411062641325e-05 1.020489060765048e-06 4.7134345776327275e-07 9.06223701142834e-07 2.3082751482919503e-06 5.29474505739984e-07 0.0 8.412456449072336e-07 2.710125708582559e-07 8.532148324693299e-07 5.960320477080776e-05 0.0003697122498052079 6.070713502958432e-05 1.0434166193647467e-05 8.463173812102184e-06 1.0093909619124848e-05 2.620406790954403e-06 0.0001292869540548101 1.459810663379469e-06 1.0068528545237822e-06 7.116891320933615e-07 4.157835525273703e-06 1.0811214090968083e-05 1.1131592333624004e-05 5.044031602286567e-06 6.927298266124887e-07 0.0 8.316659153830508e-05 2.734572988759478e-05 1.9520244879195964e-05 2.9366569181285923e-06 4.308955269270274e-05 3.081959918200179e-05 0.00033238742477992213 4.626374560985343e-06 0.00013539051068764787 5.209756286258899e-06 5.937622136545385e-08 8.310505857150649e-07 1.1262204614010785e-06 5.875248766119655e-08 0.0 0.0 5.869936814153097e-08 1.6062194269593465e-07 1.0855699712602738e-07 3.065366720472895e-05 9.037645755342272e-07 1.099072816202858e-06 5.637951516349349e-06 9.973566056019253e-07 0.0 1.6169188525668293e-07 0.00022739701572477053 2.0003592194056824e-07 0.0 4.0353085395839437e-07 0.0 0.0 1.1328752806943418e-06 2.59525264404669e-07 1.7469363019419536e-06 4.0427135767121305e-07 7.209826512977622e-07 2.394219425135251e-07 5.885709251714645e-07 1.5743824238258904e-06 1.2256635185165361e-06 2.2020079448545197e-06 7.80305787382651e-08 0.0 0.0 0.0 0.0 0.0 0.0 0.0 0.0 0.0 3.455045385005671e-07 0.0 0.0 0.0 0.0 0.0 0.0 0.0 0.0 0.0 3.484737582369676e-07 0.0 0.0 9.967741887100633e-08 7.299234197177017e-07 0.0 0.0 0.0 8.269329669634564e-07 0.0 0.0 0.0 0.0 0.0 0.0 7.002577038527267e-07 0.0 2.6432946028490555e-07 0.0 0.0 0.0 2.2156848173652613e-07 1.0462009919770507e-06 0.0 0.0 0.0 0.0 0.0 0.0 0.0 2.572308533287273e-07 9.575758962369926e-08 0.0 0.0 0.0 0.0 0.0 0.0 0.0 0.0 0.0 2.132427400174407e-06 3.4142714091011944e-07 0.0 0.0 0.0 9.37027133423482e-07 0.0 3.041168707310481e-07 2.280787435450567e-07 0.0 0.0 0.0 0.0 0.0 0.0 0.0 0.0 9.993419256385752e-08 1.1161829558781502e-07 7.849695931658857e-08 0.0 1.4392562315490803e-06 3.171921133229251e-07 3.444724497117058e-07
0.0008520658521035327 0.0011031341114815707 0.00019398322297281388 0.0 0.00027837967241734304 0.0001367590256249688 0.0011396785617521416 1.0206156021239257e-05 8.072856463117106e-05 0.0014521548175429899 9.680571167381155e-05 0.00016505794214191234 0.0006674878467012904 4.934064179196115e-05 3.097044474612478e-07 6.959762020894796e-08 0.0 5.972285802472271e-08 0.0 0.0 6.24730159924545e-08 2.2295987076075341e-07 0.0 7.257341874405475e-08 0.0 0.0 0.0 1.0397621627159607e-07 0.0 0.0 3.0310424202875995e-05 5.486513077734766e-07 3.1483386295390164e-06 0.0 0.0 0.0 7.608432551593998e-07 9.197059830595737e-08 2.145745975166314e-07 0.0 5.0555177299368163e-08 0.0 0.0 7.214716150088938e-08 0.0 4.679457943725383e-08 7.905245097067011e-06 4.430844015616041e-07 0.0 0.0 0.0 0.0 0.0 9.891413148207327e-08 3.7348686939605896e-07 1.9017185702977834e-07 2.0048284433992555e-05 4.495814562238517e-05 1.860555003803482e-05 3.6374502095655127e-06 4.906432368652214e-08 6.475015099625454e-08 0.0 1.8817620118677415e-06 6.191709429526345e-07 1.3076024221641477e-07 7.841217351973015e-08 6.537162491984098e-08 1.8042287952029715e-07 0.0 2.1553195995652966e-06 1.611640755245153e-05 1.722382317563058e-06 3.503569166710074e-05 7.686653538864631e-06 5.499419643840854e-06 5.9520299502771446e-08 7.786617724881026e-08 0.0 1.135825204251637e-06 0.0 4.540006731787861e-07 1.5083869380279884e-06 4.865678544904369e-08 6.707907019477827e-08 4.56297128818192e-07 0.0 1.789129009238515e-07 0.0 2.736036539623998e-07 1.7301058859398326e-07 0.0 0.0 0.0 1.667330646293501e-07 8.613529238602013e-06 1.1026574162811141e-05 2.1986166352626843e-06 3.218089772985878e-07 0.00020252323301576543 0.0 3.1265287036765617e-06 4.270698894467738e-05 1.0010285496270197e-05 0.0 2.5083396843384156e-05 3.4363950629554865e-06 2.0323251572111802e-06 1.2779401908614024e-05 6.114063551545142e-06 6.511689285567381e-07 1.9531597430330325e-05 2.2929494595864302e-05 8.399993010303636e-06 0.0 0.0 0.0 0.0 0.0 0.0 0.0 0.0 0.0 0.0 0.0 0.0 0.0 0.0 0.0 0.0 0.0 5.437168467875556e-07 0.0 0.0 2.445112033666999e-07 3.338316512278613e-07 0.0 0.0 0.0 1.400810450930705e-07 8.918983547316596e-08 5.959070194239894e-07 8.270824646613436e-08 4.1502595714442576e-07 0.0 0.0 0.0 0.0 0.0 0.0 0.0 0.0 0.0 0.0 0.0 0.0 1.316461153697915e-07 1.572425042895716e-07 0.0 0.0 0.0 7.011436161365048e-08 0.0 0.0 0.0 0.0 6.464022196008769e-07 0.0 0.0 0.0 0.0 0.0 0.0 0.0 0.0 0.0 2.18202146145014e-06 1.0703647777775115e-07 0.0 0.0 1.2362439290086874e-07 0.0 0.0 0.0 1.1900536207923802e-07 0.0 0.0 0.0 0.0 0.0 0.0 0.0 0.0 0.0 0.0 0.0 0.0 4.691273309680256e-06 5.717575357851772e-07 0.0
4.449381501241248e-05 0.0005382459902871556 0.00020064638306762028 0.00027837967241734304 0.0 1.773727672663082e-05 0.0005423991826821717 0.0007207783199142874 0.000852003247619175 0.00046820999356771755 0.0006676134171811096 0.00013981848544702876 0.0006341546119019919 0.0013044612450925975 8.663198459595898e-06 1.2009941532583227e-06 1.699597721884242e-07 0.0 0.0 1.4696266419184512e-07 1.098984092909376e-06 0.0 2.975574024429746e-07 3.1755147714519303e-07 0.0 6.216230299803203e-07 0.0 3.090181540280289e-07 6.174750411460592e-08 0.0 0.00014902334291006823 8.187612151123196e-06 1.0188236205084381e-05 1.2619258961159505e-07 2.729604871226332e-07 2.502363381311128e-07 7.242045683174656e-06 5.502434357559981e-08 8.877359854749473e-07 1.1088617556345922e-07 8.641329334327689e-07 3.062577732429766e-07 5.252348539408488e-08 1.4887907559193455e-07 6.189911534328972e-07 9.012948602607893e-07 4.998518782674072e-05 1.0661068227332028e-06 2.5593792617658725e-07 2.496870255586889e-07 1.622896657223264e-07 8.033720828198999e-08 1.0986930360937497e-07 1.7206691005539402e-07 1.196325392588033e-07 9.146136357960017e-07 1.4366015277929713e-05 6.030054579727034e-05 1.5076365670953701e-05 1.7155548691243524e-05 6.847710111548382e-07 1.755350619726386e-06 0.0 2.053914461469348e-05 5.388635471450793e-07 1.281566765142794e-07 5.920370520904457e-08 3.1751050272380825e-07 2.932990071816518e-07 3.618678059902408e-07 3.9671589838941e-05 0.0 0.0 6.968556112429648e-05 3.155242600412102e-05 3.3410225516972216e-05 8.100167771218454e-07 1.6035414401253776e-06 3.3876990297140123e-07 9.709619335080043e-06 1.4953518970320717e-07 5.2336272690495776e-06 2.3865076594657473e-06 0.0 4.451744003128365e-07 3.4118578948665185e-07 0.0 1.1762612304459169e-07 0.0 0.0 0.0 0.0 1.1696465149226115e-06 4.2938153668184793e-07 8.049827879604039e-08 2.0907810491484577e-05 1.3244659522683071e-06 0.0 2.818192665911421e-06 1.456083633532047e-05 1.9655565427284368e-07 1.3183640651095813e-07 3.5986538890303457e-06 0.0 4.3351494650687185e-06 3.5627855154408854e-06 1.6899712518784025e-06 1.5428100400307315e-06 6.303116949207951e-06 1.4785246222229088e-05 2.2386740846076943e-06 1.6631320486439437e-05 2.9191391756506598e-05 2.0833417748757172e-05 8.301692756556014e-06 1.3368931905245658e-07 0.0 0.0 0.0 0.0 0.0 0.0 0.0 0.0 0.0 0.0 0.0 0.0 0.0 0.0 0.0 0.0 6.3925996268213e-08 0.0 1.1763931683762542e-06 6.114405746903872e-06 0.0 0.0 0.0 1.2193273087326633e-06 3.7803958886151044e-07 3.8698204967130316e-07 1.0749498434108774e-06 2.3631881169630584e-06 0.0 0.0 8.226098598011044e-08 0.0 0.0 0.0 0.0 4.782131029592719e-07 4.810768418078651e-07 0.0 0.0 0.0 0.0 0.0 0.0 0.0 0.0 0.0 4.75725192049263e-07 0.0 0.0 1.547534781631277e-07 1.2138779894925982e-06 0.0 0.0 0.0 0.0 0.0 0.0 0.0 0.0 0.0 1.905978067569031e-05 8.708473825662016e-07 0.0 0.0 0.0 5.235367187666234e-06 0.0 3.268422151563261e-06 3.169624129764228e-07 0.0 0.0 0.0 0.0 0.0 0.0 0.0 0.0 0.0 0.0 0.0 0.0 2.4347564781994195e-05 2.044567876060454e-06 2.9365303459545236e-06
2.58971705303278e-05 8.836094299755678e-05 1.5299124866343065e-05 0.0001367590256249688 1.773727672663082e-05 0.0 7.634676023817576e-05 2.959708388035076e-06 9.369228645998524e-06 0.00042101438777870546 5.642222795295276e-06 0.00011152432846350376 6.91762498295267e-05 2.1335613850171935e-05 7.498876232498836e-08 0.0 0.0 0.0 0.0 0.0 0.0 6.52836274953018e-07 0.0 6.559181168754498e-08 0.0 0.0 0.0 0.0 1.3824681731815786e-07 0.0 5.0369235502297925e-06 1.5346265427005366e-07 1.773002320730749e-05 0.0 0.0 0.0 1.0490419769864606e-05 9.045929318891006e-07 2.2169787814730333e-06 7.825866495571682e-08 0.0 0.0 0.0 0.0 0.0 0.0 1.748343489865676e-07 9.217159161185957e-08 0.0 0.0 3.149991820512653e-07 4.693394461122166e-06 1.9780186266069876e-06 6.87629188595157e-07 2.407335348670503e-07 3.044233204682569e-07 4.5269257272444034e-05 1.5989204131641544e-05 5.436981664231398e-06 0.0 3.1928462620243625e-07 5.167968935679947e-06 0.0 0.0 5.760396147218427e-08 0.0 0.0 6.640652620629054e-08 0.0 0.0 2.930472635062263e-05 0.00012617074024228817 1.0642635881181876e-05 2.1850635468849247e-06 2.9097621678222017e-07 1.811408979263108e-07 0.0 0.0 0.0 6.2935489155650435e-06 0.0 3.5591410468270124e-06 6.437433284027068e-08 2.6302020108155347e-07 0.0 2.712369494701913e-07 7.070439425985106e-08 1.221513167184301e-06 1.2841063575302234e-06 6.4250131675038325e-06 1.053241001157392e-06 1.1495780141972596e-06 0.0 2.508430990238379e-07 2.080466585493465e-07 0.0002079104661221145 0.00016390952509737165 2.023986264253373e-05 3.8768236548380175e-06 0.0001825752844038837 0.0 0.0 0.0 0.0 0.0 0.0 4.1662650794581136e-07 0.0 0.0 5.316181962929998e-07 1.1173112809975288e-07 8.182938254587739e-08 3.87161472343529e-07 0.0 1.1040954771131449e-07 2.9537939452808276e-07 0.0 0.0 0.0 0.0 0.0 0.0 0.0 0.0 0.0 4.966306773829589e-07 0.0 0.0 0.0 3.239374461255264e-07 1.4446141959761803e-07 0.0 1.4922297997093777e-06 3.6841749167800754e-07 0.0 7.12950138620701e-08 0.0 0.0 0.0 2.65852572022263e-07 0.0 0.0 3.317195878216371e-07 3.031889128311518e-07 1.10438778121031e-07 3.6397243462023187e-07 6.184300675010042e-08 0.0 0.0 0.0 0.0 0.0 0.0 0.0 0.0 5.135743856792323e-07 5.555476985987144e-07 2.1019995121369346e-06 0.0 0.0 1.2524482194607761e-07 0.0 0.0 0.0 0.0 0.0 0.0 0.0 0.0 0.0 0.0 0.0 0.0 0.0 7.50397101073858e-08 9.259469885772618e-08 5.054557176412699e-07 1.9331684661545015e-06 1.768430298727502e-06 0.0 2.968559215227796e-07 9.691048863504864e-08 0.0 0.0 0.0 0.0 0.0 0.0 0.0 0.0 0.0 0.0 1.555894796201407e-07 6.753048828593259e-08 2.492053743412866e-07 9.127410651191871e-08 3.1445275534593196e-07 2.181060086187596e-07 7.980538259674446e-07 3.744237001144335e-07
0.0005220832390059672 0.0011727949051700411 5.4009606727836826e-05 0.0011396785617521416 0.0005423991826821717 7.634676023817576e-05 0.0 6.541932336263357e-06 0.00035080384138884104 0.0010423129117188223 0.00013448489335609375 0.0004550380942772053 0.0019546417926871243 0.001151801574257328 6.383755319731684e-06 7.194967721371719e-07 1.6394966538577603e-07 1.4413771335346818e-07 1.3638238576479825e-07 2.0297107866270065e-07 7.721796845684554e-07 0.0 2.177639795642352e-07 0.0 7.284982611572151e-08 1.4936221865588364e-07 7.554018793907843e-08 2.1708512579854957e-07 3.4432089277645367e-07 0.0 0.00016191588474394344 8.917269029221632e-06 1.7003900484330558e-05 1.7218777897348382e-07 2.2715036499334724e-07 8.846466109502798e-08 5.906326815556113e-07 7.7688940987753e-08 1.013295895194305e-06 9.488564689315934e-08 5.240534826713067e-07 1.1905050388835345e-07 1.7514023622425875e-07 4.0957114497428896e-07 3.927131664958035e-07 4.5730535295360503e-07 4.724158410827976e-05 1.2264829189008285e-06 0.0 6.363902857951506e-08 0.0 0.0 7.67260445308612e-08 3.4292767929726914e-07 7.823322628187916e-07 1.8932084808563482e-06 3.7098453795493786e-05 0.00012142485922997937 4.507842809315185e-05 2.5554877947225048e-05 8.66227055550031e-07 1.421545342388952e-06 2.660410338171723e-07 1.3152728485212753e-05 1.7074695504599654e-06 5.686556395321165e-07 0.0 1.2262923342816523e-07 3.289993548282436e-07 5.28232927456854e-08 4.466115665749822e-05 1.698335913183678e-07 0.0 0.00011223947855730313 4.0512859108827976e-05 3.393434921425722e-05 7.338812201280992e-07 1.0620962598680504e-06 1.6088395986255026e-07 4.592565463890851e-06 2.6553908859543373e-07 2.648427777795007e-06 5.728439361035515e-06 1.1947316113460595e-07 7.482467828091344e-07 8.289409581763174e-07 3.6665431003782265e-07 0.0 5.728067587984758e-08 0.0 0.0 0.0 3.469936752670593e-07 9.295224311633704e-08 5.8775070794004646e-08 3.3181863043779156e-05 2.2482025427410615e-06 0.0 1.3585118861162243e-06 8.237264227620912e-05 7.531472590415902e-07 2.8401491253438703e-06 1.977368851620714e-05 3.1884382810217498e-06 2.6499236449905106e-06 9.896277531535952e-06 3.918059193390166e-06 2.644243358557204e-06 1.3535443027130548e-05 2.0950587043932638e-05 6.251694446565388e-06 3.079392369586722e-05 4.255583655418706e-05 3.687485098778437e-05 1.1805553434483501e-05 1.9553502580024165e-07 9.9596242853661e-08 0.0 0.0 0.0 0.0 0.0 0.0 0.0 0.0 0.0 0.0 0.0 0.0 1.0816468550592636e-07 0.0 0.0 0.0 0.0 1.0071584971964657e-06 4.407736735974808e-06 0.0 4.1802878500418003e-07 0.0 3.2830780862779012e-06 6.59184497770068e-07 3.1029863184301855e-06 1.965893690265408e-06 6.475351816728011e-07 0.0 0.0 0.0 0.0 3.522537892345913e-07 0.0 0.0 0.0 1.4789764012920144e-06 0.0 0.0 1.0114432956960158e-07 7.032694143135596e-07 0.0 0.0 0.0 8.165070824257504e-08 3.892372178461144e-07 4.134922215031351e-07 0.0 0.0 5.78720360249098e-07 2.9685769804299524e-06 1.4663466142964047e-06 6.367058626984455e-07 0.0 0.0 0.0 2.0266382186096651e-07 0.0 0.0 0.0 2.71908311378171e-05 1.0598436889736207e-07 1.324972309442784e-07 0.0 0.0 6.163267629459647e-06 9.867095951668856e-07 2.291297900350525e-06 4.6152897596213765e-07 0.0 0.0 3.1070667486267284e-07 0.0 0.0 0.0 0.0 0.0 0.0 0.0 0.0 0.0 3.244252846419707e-05 4.622172581979989e-06 5.839733847661877e-06
0.0001604497347550219 0.000706764182044937 0.001715565793628027 1.0206156021239257e-05 0.0007207783199142874 2.959708388035076e-06 6.541932336263357e-06 0.0 0.00011339363347844509 6.266963999775568e-06 0.0012227839865597472 1.2209683795536488e-05 0.00019644286498043392 0.0007571068308265556 1.5073758309602644e-05 5.147054196006361e-06 3.2468350635531924e-07 1.1350845929302147e-06 2.3098964920102877e-07 4.588432892434674e-06 3.834614001142945e-05 1.8532949922574523e-07 1.4487025031224904e-05 1.5187293016590553e-05 5.84672736014296e-06 1.4440201099095425e-05 1.8440288741165113e-06 5.16773491142411e-06 9.25031689362162e-07 7.124795710894462e-07 0.0011175223039486346 0.0007605234919586075 6.129365623586132e-05 4.8070178669470516e-06 1.010047581784193e-05 1.2071163305083452e-05 2.818429463534446e-06 7.920905254833544e-06 1.7397901222004835e-07 4.7737745367587e-07 2.9172236295215675e-05 4.125112829964976e-06 1.0164466506445973e-06 2.0441010356999157e-06 1.1283034949408923e-06 6.13539677129465e-06 7.175044213945945e-05 9.395212269368848e-07 5.280618053209884e-07 9.288262939885929e-07 1.8490503757886612e-06 0.0 0.0 1.2948676727585467e-06 2.4448946153751826e-07 5.768639797757908e-07 1.9306111745974674e-05 0.00010765166569585855 2.0170750899625518e-05 2.155262447168655e-05 6.456132384568033e-05 2.5568815653207763e-05 7.537972062016293e-06 0.00013234545882116733 2.8855732211737517e-07 3.0589666811785404e-07 5.164886761149106e-07 2.6948406841899935e-06 9.000015574567974e-06 1.0500842240274807e-05 7.354107575664683e-06 5.182102670298914e-07 7.270312135022158e-08 6.52907459071323e-05 4.9972760451528064e-05 4.9307837583135364e-05 1.2878978982462382e-05 0.00011624453693913197 0.0003190781228664765 0.0006578287919641543 0.00022137795817545007 0.0004914672913900879 2.8527072645748333e-06 0.0 2.3756214302141075e-07 6.101719974086707e-07 7.566773837317774e-08 1.2441967917540506e-07 0.0 6.541610151213555e-08 0.0 6.667063684937178e-08 1.8996417345243944e-05 1.2748043959417588e-06 1.292373862940553e-06 8.123842598199087e-06 1.3051714851183254e-06 2.7618314468518025e-07 2.2860913656848735e-07 3.2784316406971705e-05 0.0 0.0 0.0 0.0 3.701521814947991e-07 2.18432571382199e-07 1.141024597619065e-07 0.0 1.1819491081770618e-06 9.76981640465464e-08 0.0 3.0126903349925364e-07 1.688081605672752e-06 2.9769050499187807e-06 5.69734836432755e-07 0.0 0.0 0.0 0.0 0.0 0.0 0.0 1.2679736952775807e-07 0.0 0.0 6.07353816129706e-07 0.0 9.389824013119899e-08 0.0 0.0 1.0408429443978485e-07 0.0 1.807069075376029e-07 0.0 1.0012319240178362e-07 7.098862282046314e-08 0.0 0.0 5.553896411255585e-07 2.0660041848519936e-07 6.767511914016755e-07 2.4426605140301317e-07 5.12795270043003e-07 2.1300889233753842e-07 1.09339472107202e-06 2.6440877760819256e-07 0.0 0.0 0.0 0.0 0.0 0.0 0.0 0.0 0.0 0.0 3.7509826420988457e-07 8.160496969484091e-08 0.0 0.0 0.0 0.0 5.022672649406952e-08 0.0 0.0 9.23515542836223e-07 2.707543689057599e-07 0.0 0.0 0.0 0.0 0.0 0.0 0.0 1.2866252988484056e-07 0.0 2.48950467657704e-06 9.685380824887144e-08 0.0 0.0 0.0 8.526762171703411e-07 1.7420841908854142e-07 9.458209280564133e-08 0.0 0.0 0.0 0.0 0.0 0.0 0.0 0.0 0.0 0.0 0.0 0.0 0.0 9.217521019571304e-07 6.997739102458574e-07 6.821885709780656e-07
3.30774159224766e-05 0.00027659000770312905 0.0003962082657595051 8.072856463117106e-05 0.000852003247619175 9.369228645998524e-06 0.00035080384138884104 0.00011339363347844509 0.0 0.00016475369554411862 0.0007039843143445297 0.00017528344627319034 0.0007702072431441311 0.0007160834427729153 5.39272465707461e-06 1.0327635486088174e-06 6.522328156878964e-08 1.408507205200038e-07 1.9629068276093547e-07 2.4568158388479747e-07 1.5650335546689549e-06 0.0 3.1297603269922897e-07 3.063723470577691e-07 1.4181478599763227e-07 7.25443575733235e-07 0.0 4.0057212606082287e-07 1.017377714520091e-07 2.8236776329470033e-07 6.664096632535872e-05 5.666588694509374e-06 1.7198131557988113e-05 8.681518750950836e-08 1.6079135776804665e-07 2.8226322153652234e-07 4.137077096879119e-06 2.8978991997342363e-07 6.587548704210968e-07 0.0 9.947452480586452e-07 0.0 0.0 2.455423090042305e-07 1.9410546017831735e-07 5.940389145042145e-08 3.330609534702829e-05 6.766555664836771e-07 0.0 0.0 0.0 0.0 0.0 7.15922337158895e-08 1.980231617100577e-07 3.746972558581109e-07 7.297610510525907e-06 2.528016101867384e-05 8.444118407247197e-06 9.831423513780945e-06 4.457213454959861e-07 1.3009095338817906e-06 0.0 1.1205311138342375e-05 2.6534741810762383e-07 1.521550874565546e-07 0.0 2.501771876383581e-07 3.884466712414267e-07 3.1332156881596333e-07 4.496381758871691e-05 0.0 0.0 3.138903877466598e-05 1.4180059824349447e-05 1.745424588890473e-05 2.6590369100016593e-07 5.346739920421149e-07 1.0656187101082973e-06 1.872210500058492e-05 6.75155404726639e-08 3.1044922959431057e-06 1.3797203336901197e-06 0.0 4.7017763593691817e-07 2.7054662071434594e-07 6.144571089514312e-08 0.0 5.0698555980763836e-08 0.0 1.0110356547412348e-07 0.0 1.0203427815426617e-06 0.0 1.9247781157408207e-07 1.86196908699303e-05 6.199410585965817e-07 0.0 1.2073371864059105e-06 1.107946147289323e-05 8.047433294700957e-07 1.0498353355996066e-06 1.7155446810352623e-06 1.3223388530054117e-06 3.3642860584870937e-06 4.973106874520007e-06 1.6146877544800722e-06 2.0866449334561885e-06 6.60116882296603e-06 1.2893622904143842e-05 3.3628852390361704e-06 1.7456632060771554e-05 2.9469431839273306e-05 2.221677689182689e-05 1.0571745910994206e-05 0.0 0.0 0.0 0.0 0.0 0.0 0.0 0.0 0.0 0.0 1.7930181798164607e-07 0.0 0.0 0.0 0.0 2.3790902424568725e-07 0.0 0.0 0.0 4.4296612014129543e-07 4.914857476644785e-06 0.0 2.0646397077612103e-07 0.0 2.6708581797558174e-06 3.308336510813584e-07 5.449172696711951e-07 1.45639945108731e-06 9.159405819407085e-07 0.0 0.0 0.0 0.0 0.0 7.879117591211381e-07 0.0 0.0 6.160331543390484e-07 0.0 0.0 0.0 5.445220721840036e-07 0.0 0.0 0.0 0.0 0.0 6.259386632360378e-07 0.0 1.4978644894426543e-06 3.1952623099525183e-06 4.388411282438354e-06 0.0 0.0 0.0 0.0 0.0 0.0 0.0 0.0 4.2772486799380273e-07 1.859298478685343e-05 1.0523302801992363e-06 1.445737531969403e-07 0.0 0.0 3.880395125688402e-06 0.0 9.522984475017168e-07 8.575384043051962e-07 0.0 0.0 0.0 2.582131829211284e-07 0.0 0.0 0.0 0.0 0.0 0.0 0.0 0.0 2.3983782193406814e-05 2.0970217289055553e-06 2.874739832637669e-06
0.0009090662960552109 0.0005754085033717381 2.3151143744922956e-05 0.0014521548175429899 0.00046820999356771755 0.00042101438777870546 0.0010423129117188223 6.266963999775568e-06 0.00016475369554411862 0.0 3.8035712077088616e-05 0.002522743332839508 0.0025605791930298247 0.00017750251441754562 6.308490448404339e-06 1.0093743393180433e-06 7.499150634437436e-08 2.1579654212094573e-07 0.0 3.803452646017054e-07 6.562994768745075e-07 0.0 7.189547965149779e-08 2.709162122452346e-07 0.0 1.6570750083489338e-07 0.0 0.0 7.765497090818789e-08 2.2850548991823742e-07 0.00010159858537299644 3.858822295818281e-06 5.423547096458524e-05 1.4017319718795991e-07 7.682091129733574e-08 2.2002408306090121e-07 1.720668991477946e-05 6.450033909091163e-07 3.6709410101938238e-06 0.0 7.666938811205468e-07 1.2083191540421e-07 1.1087360492206507e-07 3.085301000987259e-07 4.421046056626824e-07 7.06912170972379e-07 8.265963323771318e-05 1.6926373186138977e-06 0.0 0.0 7.024997780170274e-08 3.364681353800288e-07 2.0989780044018942e-07 3.5235769023244913e-07 3.082227992752904e-07 1.624176074604381e-06 6.793852347950665e-05 0.0001239531962074955 6.53115463175561e-05 2.8700216698358303e-05 1.364705587870129e-06 4.773008216763671e-06 2.538831154386582e-07 1.4292818917872031e-05 1.9068911153186703e-06 4.810425929241911e-07 0.0 2.5098680053104364e-07 5.537905821707196e-07 5.402678149626105e-07 0.00011068558971753373 4.795827374369371e-06 1.6062150247892078e-07 0.00014914971982343475 4.8719109803750584e-05 3.7296764414022556e-05 5.724421906328447e-07 7.664316291715243e-07 1.7429356684161127e-07 1.8809433295263116e-05 1.4290653397446429e-07 7.111087025367523e-06 9.115590961327662e-06 5.8252846241830186e-08 1.0932774179117424e-06 1.0596403429523446e-06 1.1571116436064779e-07 1.9681228122669028e-07 1.977569380253102e-07 2.6701173189780875e-07 5.848061941607206e-08 1.4143699664768664e-07 2.4923340638246564e-07 8.754994883594694e-08 3.023330820433171e-07 0.0002249496617881347 1.3617331261799873e-05 1.4297109913648872e-07 1.899666288362034e-06 0.0005860730075564497 9.915465578668499e-07 8.431304443235613e-06 1.1628598188402632e-05 4.023882100469465e-06 1.0183646781302575e-05 2.8028960569635725e-05 1.2352839423862566e-05 1.4091705780007384e-05 3.1636697329138064e-05 5.277834864781347e-05 1.2701857065328787e-05 9.110196787583785e-05 0.00010408840330310915 8.014315200872601e-05 1.9840397373675916e-05 0.0 0.0 3.340061092304315e-07 0.0 0.0 0.0 0.0 0.0 1.9444234847638052e-07 0.0 1.1497891227118788e-07 0.0 5.382967775224082e-07 0.0 0.0 0.0 3.010993200578322e-07 1.0540485743779138e-07 1.3483920502291148e-07 1.3023389723299112e-06 9.305817860158065e-06 5.236138770700227e-07 0.0 0.0 5.007620612314592e-06 1.940689368400721e-06 3.8873406838627805e-06 1.3973565962838088e-06 1.328127467063215e-06 0.0 0.0 0.0 0.0 0.0 0.0 0.0 0.0 2.8915648682096216e-06 0.0 0.0 0.0 2.1143858933630118e-07 1.6337503055245826e-07 0.0 0.0 0.0 1.0393161739679762e-07 8.207813352821707e-07 4.4864138810064465e-07 1.9923558784427356e-07 3.264457713658555e-06 8.472321159692805e-06 0.0 0.0 0.0 0.0 0.0 0.0 0.0 0.0 0.0 4.020494423646254e-05 2.2270163946045653e-07 0.0 0.0 0.0 1.291945960753146e-05 1.6054833254166653e-06 4.542892090183132e-06 5.68572125473298e-07 3.447705695647534e-07 4.560433045793333e-07 0.0 1.2075720079436731e-06 0.0 0.0 0.0 0.0 0.0 0.0 0.0 1.5390863323543738e-07 7.348382298074304e-05 6.978988450059644e-06 6.027225345577112e-06
0.0001433594589186742 0.0013660298684225562 0.0007765968633577465 9.680571167381155e-05 0.0006676134171811096 5.642222795295276e-06 0.00013448489335609375 0.0012227839865597472 0.0007039843143445297 3.8035712077088616e-05 0.0 3.92210202807547e-05 0.00118536894725041 0.0017053911325074973 1.0935679753256227e-05 2.9125225290420534e-06 7.259302796636962e-08 4.835123864584321e-07 6.005941371437549e-08 5.081274093719412e-07 9.165099542241913e-06 0.0 2.0994314621652127e-06 2.471089273890621e-06 2.209591881285816e-06 6.9651338032448285e-06 7.045190436767421e-07 2.8804225402645517e-06 9.316830798540179e-07 1.0152692168716788e-06 0.0002633533713605224 0.000111453935747781 0.00017695856902475837 4.406545161453146e-07 1.6538725616386205e-06 2.1676184803229312e-06 2.1595309361169744e-05 8.041582654065908e-06 3.1027708615497297e-06 3.187641380618163e-07 1.2580439196622704e-05 4.123865259839158e-06 2.3400275368240533e-07 5.698890542352905e-07 2.0947632688857407e-07 4.5857444480009767e-07 3.9541525604279914e-05 2.7179051747374854e-07 2.310574719689554e-07 1.9520847281940255e-07 1.487018080265563e-06 3.20301322069715e-07 2.664028237243163e-07 1.2184314475443734e-06 1.4278848733656294e-07 1.7870895327265663e-07 7.3866956526105895e-06 4.0295854219917145e-05 9.155857528428132e-06 8.171887325477335e-06 1.5309755148531574e-06 1.6433327460029622e-05 2.9576643332661843e-07 1.02410894619348e-05 4.34221052640492e-07 7.403371640484267e-08 3.342831426885179e-07 1.2742711855294396e-06 2.8306329150260875e-06 2.3637272507398624e-06 3.224355729514778e-05 3.5347647144696875e-06 0.0 2.6949559061020563e-05 1.808065207728333e-05 2.4769976357805192e-05 1.585925985122541e-06 2.8270875294794206e-06 7.223632209617017e-05 0.00033665867688239376 4.634905927582445e-07 0.00015641852202877353 1.2619008526591653e-06 0.0 1.6741114067831136e-07 5.776289448806765e-08 0.0 0.0 6.735268952535764e-08 7.486494884420612e-08 2.3895512660948803e-07 6.119636219592475e-08 7.006946236410965e-06 9.876387220875188e-07 3.231633196154535e-07 5.031554718312011e-05 1.1132292464545362e-05 1.7330083345378387e-07 2.3777740327160026e-06 2.9286268149059866e-05 7.544138367598038e-08 2.251464873639152e-07 9.002506948518491e-07 5.386296989760469e-07 9.563292114365024e-07 2.243746891127153e-07 7.044768513216191e-07 1.1372006769851654e-06 1.4583738928724184e-06 5.351314978454401e-06 3.418570323892988e-06 6.938391774003128e-06 1.0544966360589026e-05 9.282120053849313e-06 4.692891611009899e-06 1.6878268080651628e-07 1.7766818731732323e-07 0.0 0.0 0.0 0.0 0.0 9.822755924474566e-08 0.0 0.0 2.7057847775224484e-07 0.0 7.069062524991936e-08 0.0 1.3887381841091763e-07 1.6149562672932917e-07 4.4742823805400607e-07 9.555673963289157e-07 1.8264574554889562e-07 1.0372722170250875e-06 2.7265977585876435e-06 0.0 0.0 0.0 1.7641914050798911e-06 4.851435274509768e-07 2.379310796072088e-06 3.8403479187259126e-07 7.794676337535708e-07 0.0 0.0 0.0 0.0 6.701716100873713e-08 0.0 0.0 3.255680490750543e-07 7.425257763020507e-08 0.0 0.0 1.1003283933870271e-07 6.65526132005811e-07 6.610414994384944e-07 0.0 0.0 0.0 1.2637822423501568e-07 3.17527045100927e-07 0.0 0.0 1.7767403535578659e-06 2.0931325925667103e-06 2.7182169951222626e-07 0.0 0.0 0.0 0.0 0.0 0.0 0.0 0.0 1.3259150077648228e-05 2.478214836801945e-07 0.0 0.0 0.0 3.3866060735860424e-06 1.2861868475939578e-06 2.240578438952906e-06 1.302293943020699e-07 2.8151163902885635e-07 8.579381555928304e-08 0.0 0.0 0.0 0.0 0.0 0.0 0.0 0.0 7.030796905632106e-08 0.0 9.99282533515593e-06 2.481013506684598e-06 3.4422773845416278e-06
4.815395878566966e-05 9.669780992992795e-05 1.0032964625735104e-05 0.00016505794214191234 0.00013981848544702876 0.00011152432846350376 0.0004550380942772053 1.2209683795536488e-05 0.00017528344627319034 0.002522743332839508 3.92210202807547e-05 0.0 0.001549177422192765 0.00032962968304206324 7.339073098339872e-06 3.5545975865927513e-06 4.51377053146022e-07 7.426529403234382e-07 0.0 3.413090893809179e-07 3.323108604124266e-06 1.8498747799730108e-06 9.757053046034439e-07 6.604824531787658e-07 8.917427526911808e-07 2.889585119363846e-06 1.8138990423451844e-07 2.702442424953848e-06 3.1575411069736623e-06 2.1018366758635293e-07 2.0153871448339354e-05 1.6997745619499874e-06 6.924432846136434e-05 2.6152603116720345e-07 0.0 7.742254610750011e-08 8.005415032200452e-05 2.1286218556660538e-05 2.126639639159351e-05 2.2366926580459665e-07 6.036243592191482e-06 3.045013665426341e-06 5.675322057128911e-07 1.918697104651149e-07 2.4606171127621647e-07 8.78620088944317e-07 2.9971914062181832e-05 3.326790994988228e-07 1.5990847319906367e-07 4.0276902417690707e-07 1.2295991270981376e-06 7.935315890845491e-07 4.184362351982557e-06 7.176181264655666e-07 7.511027689469843e-08 2.8768866144923813e-07 7.648135782764496e-06 1.3362967898946953e-05 6.558120231077333e-06 5.9570461155408276e-06 6.804536498027768e-06 1.3038835950270828e-05 5.1554079594948955e-06 3.509835772803635e-06 1.8177961857423801e-07 1.729237093206591e-07 4.962254331652524e-07 1.7709065536692456e-06 2.4174601492272686e-06 1.5679017690571885e-06 0.0001894582782221316 2.3134219445305693e-05 5.145777380796927e-07 1.743105113325156e-05 1.0568111665197655e-05 1.5349398524862106e-05 5.84634211156028e-07 8.366378151629539e-07 1.3196812922408828e-07 1.4146896158766687e-05 0.0 2.9984016342021107e-06 9.074614397553435e-07 0.0 1.4279052700872688e-07 1.7743729349358347e-07 0.0 0.0 1.4499635174759095e-07 4.965953719784518e-07 7.648186838155497e-07 3.055331466904557e-07 5.336363198341285e-06 1.0086524372197082e-06 2.1418559241543407e-07 0.0009145608641064727 0.00014168716431685492 1.9967709909609725e-06 3.0628085812535435e-05 7.946029090354207e-05 2.694135505446883e-06 3.035686992989501e-06 7.850593553715205e-06 2.3245170772987192e-06 1.0256196668001596e-05 1.8813885703945022e-05 7.043064198373353e-06 6.7696666197777125e-06 2.6284751568615893e-05 3.749216397526505e-05 1.714031008528941e-05 8.499478409448007e-05 0.00010939222936739567 0.00011084818088788883 4.390490632829153e-05 1.7872750597413838e-07 0.0 2.0933980091869327e-07 4.6520817769839976e-07 0.0 0.0 0.0 1.6180207646653798e-07 0.0 0.0 5.777540398820989e-07 0.0 7.120701154623077e-07 3.6118354244658557e-07 0.0 1.0104464585073605e-06 2.1454565569362394e-07 1.3447996152662735e-06 7.830495475297825e-07 4.008765434628179e-06 1.864665161854966e-05 0.0 1.2803330325051103e-06 2.0641085125645545e-07 9.856035650827361e-06 8.785872781028881e-07 6.624250839041972e-06 2.770953726529134e-06 3.5522040190801004e-06 0.0 0.0 0.0 3.5594625128556923e-07 4.5148844761571477e-07 2.7640876079605456e-07 0.0 0.0 2.109205615196583e-06 0.0 0.0 2.927129707276765e-07 1.4804141256025944e-06 7.818825517913907e-07 0.0 0.0 2.3861041712247956e-07 8.766337368433345e-07 6.426402913051208e-07 0.0 6.690617691912718e-07 5.6448538060825725e-06 9.021462805632754e-06 1.968441754384703e-06 0.0 0.0 0.0 2.4252138333390877e-07 0.0 0.0 0.0 8.328843292512622e-08 9.417921094406115e-05 3.186167612316752e-06 4.004772054900466e-07 0.0 9.55261137352413e-08 2.4475164393225302e-05 1.9766222778044052e-06 9.164942526615692e-06 3.957749203376355e-06 8.225347392133492e-07 4.766965064337187e-07 9.54963550651082e-08 4.6585450920936564e-07 0.0 0.0 8.86902674233019e-08 0.0 1.457615956565853e-07 0.0 7.214637889286484e-08 0.0 0.00010607497788487911 1.5776449381477372e-05 1.571113988585208e-05
