0.0 0.0008358118037535248 0.0005502334787221171 0.0008502911642233544 0.00024065906861079112 7.100253402399245e-05 0.000672095515132892 2.2211935729181688e-05 5.2009980580288906e-05 0.0012007339219653143 0.00028293775988687015 9.443512029039594e-05 0.0003905614909785035 0.00024722004110335226 7.242183375949127e-06 1.678897580395419e-06 2.521737211300502e-07 5.808864832134105e-08 1.7248519881815156e-07 0.0 0.0 1.4499696705210425e-07 0.0 0.0 0.0 9.739866295624715e-08 0.0 0.0 7.457357070991012e-08 0.0 0.00032089208604309586 9.47489148077365e-06 3.035521647120917e-05 7.080040363115861e-08 0.0 4.1644855466665066e-07 3.3588476839871955e-06 5.790622017260246e-07 1.278469250299644e-07 7.720695745162677e-08 7.5497473403724e-08 1.9050416876381008e-07 5.953354392487935e-08 7.313335015398416e-07 4.326127497400984e-07 1.3431270183150392e-07 5.498342538199291e-05 4.1101895779649914e-06 1.8108958942875202e-07 3.3929964601684157e-07 9.106509974655489e-08 0.0 0.0 3.649691295522436e-07 7.976391973817485e-06 5.1166271406653995e-06 0.0001096771140658473 0.0006004731170146467 5.8441800863641644e-05 6.422246956494401e-05 5.553018127116564e-07 1.8686481125359955e-06 0.0 0.00014120887688575038 7.537965288101122e-06 8.659545493945849e-06 2.0331300803638632e-06 1.2893074237116074e-06 1.463226859810887e-07 5.747027110085995e-07 4.976979653662874e-06 0.0 0.0 0.00017367971283070103 8.632928526367278e-05 8.91332018228348e-05 1.3568610715322526e-05 3.2705521757757872e-06 2.037090128401605e-06 1.4254539889379349e-05 1.295621806980357e-06 1.954550401537332e-06 4.1540414197490554e-05 0.0 4.765914643641935e-06 8.48162798756647e-06 9.642733097967733e-07 2.0921915487953955e-07 5.416373797572152e-07 0.0 5.714331307660002e-08 5.690331184502039e-08 2.577395273290887e-07 1.3159253669172328e-07 5.909014259442272e-08 2.5733523664972424e-05 5.33891435126581e-07 0.0 1.214537694514784e-06 0.000742443955227767 0.0 0.0 0.0 2.3712606298617363e-05 0.0 1.8616204078115212e-06 0.0 1.0453392350824032e-07 1.0478025149984512e-05 5.173747645435982e-07 0.0 6.286924608159005e-07 1.263615288091461e-06 6.593763348073347e-07 0.0 0.0 0.0 0.0 0.0 0.0 0.0 0.0 0.0 0.0 0.0 0.0 0.0 0.0 0.0 0.0 0.0 0.0 0.0 0.0 0.0 0.0 0.0 7.100798138926878e-08 0.0 1.7116075384846033e-06 3.740536486109019e-07 3.2117818987597804e-07 3.878991168250443e-07 0.0 0.0 0.0 0.0 0.0 2.630121313936229e-07 0.0 0.0 0.0 0.0 0.0 0.0 0.0 0.0 0.0 0.0 0.0 0.0 0.0 0.0 0.0 0.0 1.3611781144098066e-06 9.81347715525269e-07 0.0 0.0 0.0 0.0 0.0 0.0 0.0 0.0 0.0 5.894427425534007e-07 0.0 0.0 0.0 0.0 1.2534316163058253e-07 1.0999043024876475e-07 6.893502687777199e-07 0.0 0.0 0.0 0.0 2.0253255678736298e-07 0.0 0.0 0.0 0.0 0.0 0.0 0.0 0.0 8.44613291660265e-08 6.23995068521995e-07 4.6477873527407813e-07
0.0008358118037535248 0.0 0.0009022208420142427 0.0005009011880929364 0.002605512749865782 3.4594967507726754e-05 0.0033100223871785784 4.235760043061207e-05 0.0013994417465690015 0.0005554539983669362 0.00035341462790881145 0.000143235476841266 0.0014004478906775978 0.002287554267875693 5.725212915625561e-06 1.4239460232784661e-06 2.785596303890747e-07 5.1634991267034064e-08 0.0 0.0 4.830442425478488e-08 0.0 0.0 0.0 1.410348780590075e-07 0.0 0.0 0.0 0.0 0.0 0.0008070773975901441 1.9215740050415343e-05 2.3839170531080867e-05 0.0 0.0 3.059717219218845e-07 2.776778792186504e-06 3.8143287135968246e-07 1.6744538964900465e-07 0.0 6.96721383138435e-08 0.0 8.061653211340257e-08 1.375580929735975e-07 1.9747012073045145e-07 6.917696726890882e-08 5.413641749536748e-05 1.7576740022787918e-06 6.717298596174553e-08 1.0419753878993746e-07 0.0 0.0 0.0 2.179668306348646e-07 3.4059716095857605e-06 2.2214582581189355e-06 3.41428619360684e-05 0.00023595430436094576 2.1766423443640606e-05 3.22675473679058e-05 2.1732450922852037e-07 1.2174384665656113e-06 0.0 6.096091957457604e-05 3.868279549188687e-06 4.248779164735694e-06 5.771800377368871e-07 8.389251591642114e-07 1.8365012666277908e-07 4.863419224622022e-07 7.307660378404686e-06 0.0 0.0 7.521700555062935e-05 4.466040993453589e-05 5.6308171385039864e-05 1.291634777008881e-05 1.901252308822615e-06 1.1049130185838528e-06 2.7097638971147515e-06 7.011261074738056e-07 1.1490819129555194e-06 2.1037780861106216e-05 5.409013457439953e-08 2.345290125065092e-06 2.6530398063468935e-06 6.213577409726545e-07 0.0 3.7435069076511144e-07 0.0 0.0 1.5953131061227225e-07 1.1502526049472422e-07 0.0 0.0 7.898174844252974e-06 3.9801124430653843e-07 0.0 7.080853822408278e-07 0.0006053578015175266 0.0 0.0 2.7919743145726185e-07 4.047341583016075e-06 0.0 7.984695588081483e-06 1.0049756893719526e-07 6.365974588611514e-07 4.220169924382483e-06 3.2200928705418514e-07 3.6781884748281584e-07 1.1128445137729493e-06 1.9482623239153824e-06 6.970519675120121e-07 7.84571907649061e-07 0.0 0.0 0.0 0.0 0.0 0.0 0.0 0.0 0.0 0.0 0.0 0.0 0.0 0.0 0.0 0.0 0.0 0.0 0.0 0.0 0.0 0.0 0.0 0.0 9.636684915750044e-07 3.84487032544091e-07 3.1150880860346844e-07 4.4644304937246534e-07 0.0 0.0 0.0 0.0 0.0 0.0 0.0 0.0 0.0 0.0 0.0 0.0 0.0 6.551664738341209e-08 0.0 0.0 0.0 5.2157228907555405e-08 0.0 0.0 0.0 0.0 0.0 2.0313382828226982e-06 0.0 0.0 0.0 0.0 0.0 0.0 0.0 0.0 0.0 5.516836020186234e-07 0.0 0.0 0.0 0.0 4.1731510903468227e-07 0.0 3.185078643620309e-07 0.0 0.0 0.0 0.0 0.0 0.0 5.909575144210247e-08 0.0 0.0 0.0 0.0 0.0 0.0 1.240895131186755e-06 3.3231706404360255e-07 2.604366473112417e-07
0.0005502334787221171 0.0009022208420142427 0.0 4.992518733339531e-05 0.00036814946654255547 7.967681080613116e-06 3.201015398660494e-05 0.0014266142683836266 0.00036568254589979335 9.652565821684737e-05 0.0019105176128896117 9.527176458368249e-05 0.00010744775875177112 0.0013581158952917648 2.6584833154774133e-05 1.7724658609871855e-05 5.672071185288029e-07 3.446381049075024e-07 7.56050292312432e-08 1.1868298357949374e-06 2.9276929776346388e-06 0.0 1.1216857408744797e-06 3.5698555220612095e-07 1.2184273069154912e-06 2.7854142305154823e-07 4.4387253413447977e-07 2.3750771831158824e-07 0.0 0.0 0.0034378135352369655 0.0007156364827144436 0.00014292209429958276 1.549925091164363e-06 1.6337140792424383e-06 4.985339200182398e-06 9.079011719530918e-06 3.563077831848045e-06 1.0803297163702822e-06 3.457464847684435e-07 2.8266027253410954e-07 1.108160501075261e-06 9.82314755448318e-07 1.9224995611611554e-06 1.6899655502621864e-06 2.9673789211277786e-06 5.7837159403725105e-05 2.291072090621768e-06 1.851092258037706e-06 1.8001653371758276e-06 6.472864207987666e-07 1.2847271217823376e-07 3.449991423507373e-07 1.5855173670364467e-06 2.9490441725538107e-06 2.040384734284436e-06 3.308564628098637e-05 0.0003167418899606227 2.228007351253529e-05 2.9214345820547676e-05 9.711483601315928e-06 2.6330980710068985e-05 8.797820667764544e-07 0.00018548084227452066 3.570926721258915e-06 3.010932762264525e-06 8.910517183080839e-07 2.1556568344710285e-06 3.947243315655477e-06 6.148966896126866e-06 2.5599535177718033e-05 1.0858084065317287e-07 0.0 7.294247527213692e-05 5.37066442285448e-05 6.916749556802081e-05 3.982258309069141e-05 2.6099164470412355e-05 0.00014737342537238625 0.00041640153666411533 8.934527440464034e-06 0.00015411082614919655 1.5612714982394733e-05 0.0 1.7025447795376086e-06 2.7879876736425087e-06 2.1106468598778e-06 1.2266406756770212e-07 3.1960030965301395e-07 0.0 7.29327736286516e-08 2.0380092739056526e-07 4.138906066742569e-06 3.595185793777187e-07 4.6396405644783927e-07 1.52011203990932e-05 1.139517341039743e-06 1.0446497449300731e-07 2.6960341636677356e-06 0.0002256017821718371 1.3974055456672103e-07 0.0 1.0625723565859885e-07 1.4210268473536709e-06 0.0 8.259019843035707e-07 3.3371313293989107e-07 1.6471297575345546e-06 4.411066515947434e-07 1.158134361298424e-06 1.2377824172609354e-06 2.8571932092469937e-06 7.549756764042801e-06 1.993627843010272e-06 2.038942166881821e-06 7.549955971364259e-08 2.538329372034646e-07 0.0 0.0 0.0 0.0 0.0 7.229268467470833e-08 0.0 0.0 0.0 0.0 0.0 0.0 0.0 2.9553914429204555e-07 0.0 0.0 0.0 2.7472629796221126e-07 3.317699418659361e-07 0.0 9.249443369543455e-08 0.0 2.4664990670555e-06 1.0986186064412086e-06 3.6987247036755225e-06 1.0241300201044082e-06 1.9855688662221154e-07 7.971973633034289e-08 0.0 0.0 3.5187537795148223e-07 0.0 0.0 0.0 7.429834914011513e-08 0.0 0.0 0.0 0.0 2.807085346446426e-07 0.0 0.0 0.0 0.0 0.0 0.0 0.0 4.798361832508689e-07 1.7082563502641733e-06 2.6669934099190885e-06 0.0 0.0 0.0 0.0 0.0 0.0 0.0 0.0 0.0 3.3526255166247267e-06 0.0 0.0 0.0 0.0 3.6058982292210844e-06 1.488170740882662e-06 2.318677206137217e-06 0.0 0.0 6.521922525874877e-07 0.0 1.4292647075794629e-07 0.0 0.0 0.0 0.0 0.0 0.0 0.0 0.0 1.325456920710819e-06 2.2954597062079267e-06 3.176012503238639e-06
0.0008502911642233544 0.0005009011880929364 4.992518733339531e-05 0.0 0.0003179661335619518 0.0002854938667762729 0.0016296383548189712 1.2423193451093615e-07 4.4947995208720875e-05 0.001984473067061953 2.7943791047397044e-05 0.00019178300888341452 0.001057890741335563 0.00021231607284902615 7.399614059718921e-07 7.809728265030115e-08 0.0 0.0 0.0 6.416418438018106e-08 0.0 0.0 0.0 0.0 0.0 0.0 0.0 0.0 0.0 0.0 2.0334765484095e-05 8.952455338446285e-07 5.844501978787627e-07 7.148766637048392e-08 0.0 0.0 7.92048662866839e-08 0.0 5.456205888586909e-08 0.0 0.0 0.0 0.0 6.854767270106616e-08 7.164201802868968e-08 0.0 1.1210522071667736e-05 2.3775251200870554e-07 0.0 0.0 0.0 0.0 0.0 0.0 9.588377064706018e-07 2.347228019733915e-07 6.166886584933137e-06 2.0606952611861964e-05 3.886495972746015e-06 7.655548601407673e-06 8.212892538614355e-08 2.731348970399436e-07 0.0 1.0302666215474745e-05 8.83145646871498e-07 6.54256555464037e-07 1.5781726087164903e-07 1.0954664592421678e-07 0.0 0.0 5.5282745721121435e-06 0.0 0.0 1.3752493011995596e-05 1.0072172056303232e-05 1.0018342277080606e-05 1.330180608572733e-06 3.22549802583776e-07 4.570475812705239e-07 0.0 1.4707428164896715e-07 1.8211911282204468e-07 4.227688128631856e-06 0.0 2.977050313119268e-07 8.609880125384473e-07 1.0869964945182313e-07 0.0 6.462547052682406e-08 0.0 0.0 0.0 0.0 5.2669266810696854e-08 0.0 4.095686524014207e-06 0.0 0.0 0.0 6.16335053503967e-05 3.057230378111025e-07 5.9800001178833705e-06 4.821852341712958e-06 3.176798724596012e-05 0.0 1.3096186697351685e-05 9.601003382097094e-06 9.252669550508233e-06 6.425272124522155e-05 4.118556028456951e-06 0.0 3.3274676325650195e-05 4.821163214397135e-06 1.0751852792626564e-06 2.26423466156543e-07 0.0 0.0 0.0 0.0 0.0 0.0 0.0 0.0 0.0 0.0 0.0 0.0 0.0 0.0 0.0 0.0 0.0 0.0 0.0 0.0 0.0 0.0 0.0 0.0 0.0 9.59526788431861e-07 0.0 0.0 1.0306393171292737e-07 0.0 0.0 0.0 0.0 0.0 0.0 0.0 6.152939668639353e-08 0.0 0.0 0.0 0.0 0.0 0.0 0.0 0.0 0.0 7.156820095697994e-08 5.9090263539925253e-08 0.0 0.0 0.0 1.0146445969412437e-06 0.0 0.0 0.0 0.0 0.0 0.0 0.0 0.0 0.0 1.5905038090026027e-07 0.0 0.0 0.0 0.0 0.0 2.4166812265305984e-07 2.5437104087815937e-06 0.0 0.0 0.0 0.0 0.0 0.0 0.0 0.0 0.0 0.0 0.0 0.0 0.0 0.0 0.0 9.111010155228728e-08
0.00024065906861079112 0.002605512749865782 0.00036814946654255547 0.0003179661335619518 0.0 2.1389079132474194e-06 0.0011206830600957824 3.1468873260016495e-05 0.0018697855406845819 0.00033934849454467583 0.00019267198285877708 4.616765831662361e-05 0.0008072686787934468 0.002355766742394308 8.022701800120347e-06 3.0413502739442246e-06 7.816773340552389e-08 0.0 7.217597226476849e-08 0.0 0.0 0.0 0.0 0.0 0.0 0.0 5.600274155440266e-08 0.0 0.0 0.0 0.0001674803706965433 1.657303081928509e-05 2.9201766379617626e-06 1.337958613840329e-07 0.0 0.0 6.964543959416037e-08 5.494449864365551e-08 0.0 0.0 0.0 7.275092198680838e-08 0.0 4.3248944076087483e-07 5.4721112300485706e-08 2.07118381894582e-07 5.0771985697055796e-05 1.6672187651893405e-06 1.6559024690089025e-07 2.187525833284154e-07 0.0 0.0 0.0 1.3140820566707824e-07 1.6689533706259979e-06 1.6803341357986787e-06 1.3485595309796806e-05 5.9604331462932684e-05 1.0524484464928499e-05 2.1422451695538377e-05 0.0 7.067213084693545e-08 8.33736057890381e-08 3.964733757786603e-05 1.8869767987166494e-06 3.0001833880483965e-06 7.342079830620568e-07 6.616722634394136e-07 2.5642396782231664e-07 1.3959342940229125e-07 6.981843500158096e-07 0.0 0.0 3.955960929902209e-05 3.29147805071713e-05 5.0049719066610036e-05 1.306454058598153e-05 2.251613670815864e-06 1.1276272541983306e-06 1.125971938617373e-06 2.622011766809827e-07 1.1026610334843593e-06 1.1287075132220551e-05 0.0 2.0295245739879922e-06 2.5265773747207466e-06 4.443984606128282e-07 0.0 6.163849960846595e-08 6.588897307354959e-08 0.0 0.0 7.798550884838121e-08 0.0 0.0 1.8893259635274245e-06 0.0 0.0 1.6233896470494437e-07 2.7729506528571553e-05 0.0 0.0 6.466527167594776e-07 7.047120005206837e-07 0.0 8.460495094239968e-07 0.0 0.0 2.9505986750190148e-06 2.0262941397730441e-07 6.618309590569185e-07 2.8123818120507293e-06 4.5608568757860756e-06 2.7253427865075044e-06 2.0313055469066805e-06 0.0 0.0 0.0 0.0 0.0 0.0 0.0 0.0 0.0 0.0 0.0 0.0 0.0 0.0 0.0 0.0 0.0 0.0 0.0 1.0720314035508095e-07 1.6620161633737902e-07 0.0 0.0 0.0 1.447630403083891e-06 3.2495651225677483e-07 1.918186871313813e-06 1.6856549618429505e-07 0.0 0.0 0.0 0.0 0.0 0.0 0.0 0.0 0.0 0.0 0.0 0.0 0.0 0.0 0.0 0.0 0.0 0.0 0.0 6.416980834604863e-08 0.0 0.0 0.0 9.558695778536585e-07 0.0 0.0 0.0 0.0 0.0 0.0 0.0 0.0 0.0 1.1303486237537413e-06 0.0 0.0 0.0 0.0 5.421251529689119e-07 1.2800955641569748e-07 5.197024312912988e-07 0.0 2.555373667372409e-07 0.0 0.0 0.0 0.0 0.0 0.0 0.0 0.0 0.0 0.0 0.0 1.916244773788776e-06 2.482342338277385e-07 2.7221325199551037e-07
7.100253402399245e-05 3.4594967507726754e-05 7.967681080613116e-06 0.0002854938667762729 2.1389079132474194e-06 0.0 3.703767546057085e-05 3.914265528790339e-07 7.33936989545454e-07 0.000365372560409873 5.712472062843594e-06 8.552455749070303e-05 6.86473271538658e-05 2.4704381199618816e-05 0.0 0.0 0.0 0.0 0.0 0.0 0.0 2.4159801155312334e-06 0.0 0.0 1.1075637811627663e-07 0.0 0.0 0.0 0.0 0.0 9.974472838733802e-06 1.0603405895430002e-06 1.642751076797395e-05 1.027887101431323e-07 0.0 3.905969272044409e-07 9.487465892386557e-06 8.982392978687121e-07 6.609194683953017e-07 1.6702780514394185e-07 0.0 0.0 0.0 0.0 2.149598583540258e-07 0.0 1.9393736257041092e-06 2.4787366000893e-07 0.0 1.0003255363755766e-07 0.0 7.613895247503696e-06 2.1869256109914814e-06 6.289770355045578e-07 1.4563885507039762e-07 2.545866544570333e-07 5.541104285570577e-05 8.969508240064435e-05 1.9950203087384644e-06 2.350905095610908e-06 2.6381834403468485e-07 2.4427885831791127e-06 0.0 3.4921515138699625e-06 4.5552233249874336e-07 1.506645640097081e-07 1.879037245533447e-07 2.146716804972724e-07 7.886558895511227e-08 0.0 9.75770496807824e-05 0.00016137939147343948 5.249624232596172e-06 6.932065989918891e-06 3.7275244231164235e-06 2.093637361568994e-06 0.0 1.5375862209176315e-07 2.2181558361330037e-07 9.4254499168253e-07 6.815364737201669e-08 1.0144761803289732e-06 1.2207393011418223e-06 1.7226381513092772e-06 1.2928359633933077e-07 5.129003806381671e-07 6.245666065729845e-08 3.6504785146802045e-06 1.7131136577094005e-06 7.425697922703568e-06 8.181029445973269e-07 1.7362955341488003e-06 0.0 1.5450535978195675e-07 5.045345550313037e-07 0.0002005968094353854 3.242489689724339e-05 1.122066799837779e-05 1.4233180933790432e-05 0.00034766585343857766 0.0 0.0 0.0 9.503001483289403e-06 1.1435058616645379e-07 1.2342867898741107e-06 4.453991788189353e-07 6.864100029809213e-07 3.5029259641202818e-06 1.8206239442075483e-06 2.2885860306203194e-07 5.3781547668034066e-06 7.263610811889455e-06 4.9642952723517955e-06 1.6217462798762564e-06 0.0 0.0 0.0 0.0 0.0 0.0 0.0 0.0 3.2081282359163186e-07 0.0 0.0 0.0 3.505778947579422e-07 0.0 2.553707542287163e-07 0.0 7.896229697893391e-07 1.06841039599303e-07 3.1235988194717645e-07 0.0 0.0 0.0 0.0 1.247018682610099e-07 4.4563897343528144e-07 4.824456026255012e-07 1.0010249843742812e-06 5.785275318957226e-07 1.5436773891826736e-06 0.0 0.0 0.0 0.0 1.1317732408280221e-07 0.0 0.0 0.0 1.4933851751998766e-07 0.0 0.0 0.0 7.865729661065804e-07 0.0 0.0 0.0 0.0 0.0 0.0 0.0 0.0 0.0 0.0 0.0 0.0 6.758319783055002e-08 0.0 0.0 1.7672482246377918e-07 0.0 0.0 0.0 2.1002725729407844e-07 1.4598311737243183e-06 0.0 0.0 0.0 3.4476338932993393e-07 0.0 0.0 6.790829934134614e-08 0.0 0.0 0.0 0.0 0.0 0.0 0.0 0.0 0.0 1.19781633878696e-07 0.0 0.0 2.168315393917317e-06 5.128001117771751e-07 5.098565199790572e-07
0.000672095515132892 0.0033100223871785784 3.201015398660494e-05 0.0016296383548189712 0.0011206830600957824 3.703767546057085e-05 0.0 4.8092777587605905e-06 0.00031264005901704655 0.0013670135634463903 3.283236846348193e-05 0.00020638314971980758 0.0019364692262910464 0.0007558986958078924 1.2098275253364159e-05 3.1276075279166898e-06 4.6419989009897756e-07 0.0 0.0 0.0 0.0 0.0 1.1427681948870338e-07 0.0 0.0 0.0 0.0 0.0 7.609543300761995e-08 0.0 0.00014693034726374568 1.9090793413654192e-05 8.456210398237064e-07 0.0 0.0 0.0 1.1544597950406085e-07 0.0 0.0 5.2094851264626427e-08 0.0 1.7911662560359138e-07 8.045308938492331e-08 4.450612822818509e-07 1.390168821917388e-07 1.3882902862933256e-07 0.00011329980430312722 2.6103307292301395e-06 5.032636748089238e-07 1.625675970592863e-07 0.0 0.0 0.0 3.959409697458019e-07 4.140638767287561e-06 3.0462226592621007e-06 2.8467823816500264e-05 0.00010219664375498954 2.5438327869843874e-05 5.170089449151933e-05 6.442963859276777e-07 4.954238260743683e-07 6.354850122076879e-08 8.958482808242727e-05 5.6689791076885785e-06 5.059444711797523e-06 1.256385936977897e-06 1.1293956336665693e-06 0.0 1.1028927146732443e-07 5.891153329992646e-06 0.0 0.0 8.59805710735967e-05 6.581780356944168e-05 9.858657531476249e-05 2.5537661298004068e-05 2.7107416205571896e-06 1.7986972099570117e-06 2.001754085655419e-06 8.63630006568427e-07 1.8005482052822684e-06 2.6405680043943943e-05 0.0 3.952224325152811e-06 4.708457749113655e-06 8.211177732964342e-07 0.0 2.3163374297210756e-07 1.2919255965169855e-07 1.1636345696805289e-07 1.1923924369381587e-07 3.7801254766636946e-07 5.4093415221155614e-08 1.7251761725222505e-07 1.125866875275085e-05 0.0 0.0 2.1053645801730633e-07 3.812926692669993e-05 2.042033554084029e-06 3.897783846733359e-06 4.88876511695359e-05 0.0002978627530308908 3.2791894635630756e-07 0.00010462541347945849 1.914468751572658e-05 4.066593282941099e-05 0.0002525572959512991 5.771653807545873e-05 1.2609739189465774e-06 0.00023802727117864752 4.509267363555569e-05 1.8606790723353373e-05 2.6390119422361464e-06 8.738256116436452e-08 0.0 0.0 7.497710537909588e-08 0.0 1.0327258286237251e-07 0.0 0.0 0.0 0.0 0.0 0.0 1.0471308411265224e-07 0.0 0.0 0.0 0.0 0.0 0.0 2.2228754269660186e-06 4.987310455652336e-07 0.0 0.0 0.0 2.4254240795840105e-06 1.1366730253416166e-06 3.681564270418957e-06 6.784970628476714e-07 1.1915663791558901e-07 0.0 0.0 0.0 0.0 0.0 0.0 0.0 1.228891753685246e-06 4.574575613271152e-07 0.0 0.0 0.0 0.0 0.0 4.901659168883913e-08 1.8044144752009874e-07 1.7392697503560377e-07 1.0871306533169115e-06 1.7728055797698411e-06 3.121966962278901e-07 6.147949154841279e-08 0.0 1.0633361727890182e-06 8.46543163610754e-07 1.6891680255397228e-07 2.1709764066275693e-07 2.2494963434152478e-07 0.0 0.0 0.0 0.0 6.028902496702656e-08 3.3794302954347787e-06 6.5069340521103e-08 0.0 0.0 0.0 1.6294077491127702e-06 1.1827174518573655e-06 9.142228104401749e-07 8.894342687482093e-07 8.594162047875891e-07 9.881785108928353e-07 3.9902578053630943e-07 0.0 0.0 0.0 0.0 0.0 0.0 1.6085386984000318e-07 0.0 0.0 3.997887647350697e-06 1.1434393517169393e-06 1.7158267223403043e-06
2.2211935729181688e-05 4.235760043061207e-05 0.0014266142683836266 1.2423193451093615e-07 3.1468873260016495e-05 3.914265528790339e-07 4.8092777587605905e-06 0.0 0.0005815339525340454 9.522527797033071e-06 0.0016658609586979016 8.113481347535434e-06 2.2026822716271864e-05 0.00034090546202032506 6.898721777488379e-05 8.510429886042175e-05 6.3892221888527455e-06 3.574925325714983e-06 1.5451369645465811e-06 1.0485972730925441e-05 2.6519529250529664e-05 8.08241592575929e-07 1.0112125344790312e-05 2.1807993483731228e-06 6.545839498999852e-06 2.8141386613810596e-06 5.749978180347686e-07 2.015090005428014e-06 3.9535438405853953e-07 0.0 0.0012484217682403472 0.0011786243872756246 0.00011748504768607753 1.8281048569269754e-05 1.2719881103956455e-05 3.357251629182778e-05 1.3085959021560716e-05 1.679966438793711e-05 5.293818394499076e-06 2.3567191172569055e-06 6.020918889120157e-06 1.2131067071400974e-05 1.989496224202342e-05 2.1877673407911797e-05 2.9633260952911077e-05 5.214586334624027e-05 6.371364842413633e-05 5.133792900563472e-06 1.2588235940852947e-05 2.4364877977124236e-05 4.894057527355982e-06 1.714746900736147e-06 1.4401900978169376e-06 1.2982109629439203e-05 1.1335087080013843e-06 5.787036184686119e-07 1.8351359476215804e-05 0.00015990685281781314 8.782718585857926e-06 1.4811106731574702e-05 0.00020793019871684297 0.00018317631361090868 1.339766205856245e-05 0.0005953013182699203 1.4144793416287975e-06 2.138333507780141e-06 1.0836700648500483e-06 9.663480946168748e-06 3.282366876781533e-05 5.8688280490670246e-05 3.180073993308747e-05 2.2145294162639864e-06 0.0 3.7280279212592075e-05 7.093530149756773e-05 8.903440317537163e-05 0.0004335118250233594 0.00024236752105906943 0.001101901259914988 0.0008632750800226924 0.0003468456883126895 0.0011362648629346676 6.213681281755633e-06 6.65329574805535e-08 1.041145056709351e-06 1.3876058708127056e-06 2.1458129202713975e-05 7.492680716823191e-08 6.083041231211487e-08 6.779623829385771e-08 1.569178425869429e-06 1.4231204039236443e-06 3.2728916866157625e-05 4.217159666415493e-06 5.135866370101234e-06 1.2158675265987339e-05 5.042067448451905e-06 4.915177046125665e-07 6.585837955592734e-06 2.727000841000155e-05 0.0 0.0 3.570159448030271e-07 0.0 0.0 6.536256180531183e-07 0.0 1.7441470289273707e-07 7.083338647757723e-07 0.0 6.448250286404372e-07 8.406227855134703e-07 3.8160729392403295e-06 2.8638702677626586e-07 2.5957865034145354e-06 1.8296150832594633e-07 2.2046993891277435e-07 0.0 9.370728527358044e-08 0.0 0.0 0.0 7.549729702486614e-08 0.0 0.0 4.895665916081959e-07 0.0 0.0 1.2126836654731722e-07 0.0 1.231210198338379e-07 1.0702184304679094e-07 1.1338935162752619e-07 0.0 0.0 4.5436613884913606e-07 0.0 1.688840767167465e-07 3.0596227809389543e-07 3.145574047829419e-06 2.4930280800409954e-06 4.708396414625685e-06 4.528135362362004e-07 7.989274181655536e-07 3.20428942566607e-07 0.0 0.0 0.0 4.935814430767707e-07 0.0 0.0 0.0 1.8589334825273526e-07 0.0 0.0 1.2294629389785193e-07 1.970306360185183e-06 5.268092091774464e-07 1.2296509084470326e-07 0.0 0.0 6.743795740020132e-08 1.0311706710370483e-07 0.0 1.0343142462235968e-07 1.4177882090021346e-06 3.0845716711702925e-06 2.448411883846415e-07 0.0 0.0 0.0 0.0 0.0 0.0 0.0 0.0 2.1782064985323367e-06 6.408886657636073e-07 9.437097371870452e-08 3.3563688202431453e-07 5.178871854408309e-07 9.98579436076783e-07 3.1935508155996665e-06 3.144438767672957e-06 5.9178377377913073e-08 1.7895300145685842e-07 8.834991352996164e-08 0.0 0.0 0.0 0.0 0.0 0.0 0.0 1.6384736677610188e-07 7.459557775197437e-08 0.0 1.6556930317136912e-06 1.1437946492881997e-06 3.980714419067844e-06
5.2009980580288906e-05 0.0013994417465690015 0.00036568254589979335 4.4947995208720875e-05 0.0018697855406845819 7.33936989545454e-07 0.00031264005901704655 0.0005815339525340454 0.0 0.00012024825873619945 0.00033244920256860795 3.2560842746353124e-05 0.00035417669763862714 0.001379114436583952 5.303854160013911e-06 1.7788475988062929e-06 0.0 0.0 0.0 0.0 0.0 0.0 0.0 0.0 0.0 0.0 0.0 0.0 0.0 0.0 6.740855031260431e-05 9.951971139643039e-06 1.559190255937416e-05 0.0 0.0 1.0745436432141598e-07 1.6126055917104654e-07 1.7585602556455479e-07 0.0 0.0 0.0 9.011060791939331e-08 0.0 0.0 0.0 6.459576832716148e-08 2.3465328380878116e-05 4.853115423716e-07 1.9514298815872031e-07 0.0 6.377606522317175e-08 0.0 8.639416428132751e-08 1.1063781120863131e-07 7.089664399903713e-07 2.8257825636520747e-07 5.682192318170066e-06 2.238841778378552e-05 3.716211150573549e-06 9.574771471738558e-06 0.0 3.7735657957582334e-07 0.0 1.9306818418891398e-05 1.0327389260137696e-06 1.3033120259707014e-06 1.600986155706732e-07 6.304642116400216e-08 0.0 9.57891706025597e-08 2.3143813277147263e-06 0.0 0.0 1.4163138208378052e-05 1.1560988177505572e-05 1.9523229991151672e-05 8.394660017505984e-06 1.0955328885594318e-06 2.6745066554028583e-06 3.409148260343612e-05 3.3003110333669054e-07 1.3417452058698609e-06 3.859376604605096e-06 0.0 7.836713726342153e-07 8.070703714476325e-07 0.0 0.0 2.3191631198118122e-07 0.0 0.0 0.0 0.0 0.0 6.884535989795586e-08 2.422605560553694e-06 8.7732027146645e-07 0.0 1.4935187191922512e-07 7.868470271034907e-06 0.0 0.0 2.2742465302647245e-07 2.786391873327587e-07 1.2391340437244403e-07 9.03973606349752e-07 2.1277297217126816e-07 8.137369026651815e-07 1.9681427056177027e-06 1.302299979202524e-06 9.253919109046394e-07 1.7638581121231311e-06 6.166871502021092e-06 1.6693051658170806e-06 1.6274613479436027e-06 0.0 0.0 0.0 0.0 0.0 0.0 0.0 0.0 0.0 0.0 0.0 0.0 0.0 0.0 0.0 0.0 0.0 0.0 0.0 0.0 1.281381618000526e-07 0.0 0.0 0.0 1.6762047136634381e-06 4.942713918141313e-07 6.782993018328497e-07 0.0 0.0 0.0 0.0 0.0 0.0 0.0 0.0 0.0 1.2085135653339144e-07 2.9180017455413393e-07 0.0 0.0 0.0 5.348886408737188e-08 0.0 0.0 0.0 0.0 0.0 6.498491552094229e-08 0.0 0.0 0.0 1.944890030704761e-06 0.0 0.0 0.0 0.0 0.0 0.0 0.0 0.0 0.0 1.591656122317337e-06 2.0647064313760378e-07 0.0 0.0 0.0 1.0394259877303722e-06 2.03915427505688e-07 1.1788657911474729e-07 0.0 0.0 0.0 0.0 1.3429671686758642e-07 0.0 0.0 0.0 0.0 0.0 0.0 0.0 0.0 1.944359090027453e-06 9.248303458182128e-08 1.1051765336368825e-06
0.0012007339219653143 0.0005554539983669362 9.652565821684737e-05 0.001984473067061953 0.00033934849454467583 0.000365372560409873 0.0013670135634463903 9.522527797033071e-06 0.00012024825873619945 0.0 0.0002702476438188043 0.001589527134021607 0.005299301578264684 0.0008233850605872077 1.2729650809523316e-05 2.476515385541408e-06 8.507301608445939e-08 0.0 0.0 0.0 0.0 0.0 0.0 0.0 1.0766900227323625e-07 0.0 0.0 0.0 0.0 0.0 6.534736463000385e-05 7.793016655494033e-06 5.6256348530131626e-05 5.505613134248915e-08 0.0 8.29964624363832e-08 1.2592003791368985e-05 1.8327256705601965e-06 1.157037567008746e-06 0.0 0.0 0.0 6.492814168629712e-08 4.032903189554579e-07 2.48466681004806e-07 1.5968299139063064e-07 6.15138625619549e-05 1.2314772056927937e-06 1.353931835965285e-07 1.41460621346095e-07 0.0 9.640360399177924e-08 0.0 0.0 1.9601283073260196e-06 1.5039765240381596e-06 2.4590539723466464e-05 5.321977881363249e-05 1.2597557210732807e-05 2.7689559514132415e-05 1.9826420354548888e-07 5.7847705478630275e-06 8.158132446586279e-08 7.614062546377946e-05 2.138053382878098e-06 2.7978619819508648e-06 8.642140473607401e-07 7.534317969857148e-07 0.0 5.614855647588836e-08 0.0002664915780561555 6.985723734242961e-07 0.0 3.9446105447279436e-05 4.800555311229214e-05 4.910991513340285e-05 1.857045515169852e-05 4.183228970093517e-06 1.4055459490149447e-06 8.106095256089983e-06 1.9198390675086846e-07 3.907596598820324e-06 1.181630101899616e-05 0.0 1.711785177191442e-06 2.197253061782644e-06 3.503970963498502e-07 6.71265731251503e-08 5.4686269916965675e-08 5.568764324454482e-08 0.0 1.552553831583024e-07 0.0 0.0 7.851979568459195e-08 0.00010205175560865335 1.335344900900357e-05 0.0 3.189194298125846e-06 0.00020906863056191873 1.6070933794872348e-06 1.557306577105859e-05 2.209264394474582e-05 3.861842512062185e-05 2.8649829109525637e-06 3.067863086279656e-05 3.4769326953643025e-05 2.1927407292100357e-05 6.846903719077201e-05 7.166519528904241e-05 8.183811726707387e-06 9.95162632703897e-05 0.00018525177343793882 5.988642215270142e-05 3.5543110986090986e-05 0.0 4.693844760740468e-07 1.8985168289585763e-07 0.0 0.0 0.0 0.0 0.0 0.0 2.540151668000033e-07 0.0 0.0 2.543780688197354e-06 1.2794129275831214e-07 0.0 0.0 1.6323194062588247e-07 0.0 0.0 1.101472139194506e-06 1.0946093522297028e-05 0.0 2.308198311419306e-06 1.1059522831294948e-07 2.119787112135842e-05 1.0846618189786598e-05 2.107164965852788e-05 2.803513407486901e-06 5.109365663402726e-06 9.28233449895603e-08 0.0 0.0 0.0 1.2912171279995503e-06 0.0 0.0 1.0720465922901686e-06 1.9428453713935805e-07 0.0 0.0 0.0 1.3728956069797147e-06 0.0 5.5522794524598726e-08 6.55493802757922e-07 4.97101839094634e-08 7.809527898647594e-07 1.1183205935272998e-06 9.34518483722406e-08 6.591290718062075e-07 6.409451231241876e-06 2.2518001304813534e-05 1.0382966591005146e-06 0.0 1.915685395800187e-07 9.763918324560849e-08 0.0 0.0 0.0 0.0 0.0 2.790576021286963e-05 0.0 0.0 2.3542477470946178e-07 0.0 1.0719993015908005e-05 1.0496315173919524e-05 2.1060701117305463e-05 1.4366095515691502e-06 1.473938559502978e-06 1.9167936597550215e-07 3.615590761478536e-07 0.0 3.6230083995425576e-07 0.0 0.0 0.0 0.0 0.0 0.0 0.0 4.833736994069789e-05 6.482798157546956e-06 1.0663158889929823e-05
0.00028293775988687015 0.00035341462790881145 0.0019105176128896117 2.7943791047397044e-05 0.00019267198285877708 5.712472062843594e-06 3.283236846348193e-05 0.0016658609586979016 0.00033244920256860795 0.0002702476438188043 0.0 0.0002784728667917165 0.0006147341574627384 0.0011363047497031284 8.173513823406431e-05 6.335270000687014e-05 9.529754376478871e-07 4.879679994679239e-07 0.0 2.561880978875275e-06 6.507352674730925e-06 4.806193003403439e-07 2.8471717808136045e-06 5.806054764170778e-07 2.623233512921805e-06 1.0639560940804144e-06 4.3484785286319735e-07 5.479118862859021e-07 2.1766591318517812e-07 0.0 0.0012368693839394334 0.00034227920724426306 0.0005381038408334831 1.4794134146841143e-06 3.573364922117135e-06 2.234033614114639e-05 7.471386829410694e-05 2.0166074889945922e-05 7.224454216624504e-06 1.533313564031626e-06 1.6079880738421879e-06 2.1700481045411016e-06 1.4058829888547196e-06 5.055355352859996e-06 2.4781580522385598e-06 3.966304488114609e-06 0.0001199948708935635 2.6796419560856463e-06 1.6901400947799184e-06 2.7854276453874713e-06 1.4002254253344295e-06 2.1201862499320714e-07 4.0422410894410343e-07 2.003484347132777e-06 2.3368332325342204e-06 1.2412670386070297e-06 2.815200947399169e-05 0.00020002131865860055 1.6686283033830936e-05 3.0916578858013125e-05 1.1546301583715304e-05 4.4699470292456596e-05 2.581542580242314e-06 0.0001160268854242244 3.0836631083977157e-06 2.763798023842688e-06 2.5433128810723664e-07 2.6712454959908726e-06 5.181244941231605e-06 9.306427316762887e-06 0.0001366429931973973 1.5218018955100417e-06 8.140948610374974e-08 6.40517594278331e-05 6.646085674143069e-05 0.0001314474477456165 8.479707660231894e-05 4.769608689684752e-05 7.268452837870435e-05 0.00020489928281959294 9.048416866468743e-06 9.251935016219244e-05 1.2620137761251824e-05 0.0 1.6462027354546548e-06 2.566972855083261e-06 2.4901034414110026e-06 1.1298348371802087e-07 1.8284255338481375e-07 0.0 3.7283149430785323e-07 1.966393158372088e-07 6.610170583134126e-06 1.0532491314205065e-06 7.06423172766226e-07 9.480418629262504e-05 1.2022377087510557e-05 4.3893447036933484e-07 1.161186159510077e-05 0.00013597790450067823 1.6342662760918146e-07 3.6894846839763843e-07 1.882502344259675e-06 2.0139855159807369e-07 6.663293506446015e-07 6.172787047337671e-06 1.1339002640264242e-06 5.8884465998824385e-06 1.0307523719456416e-05 5.986128013266013e-06 5.3096293883899725e-06 2.6157255991189377e-05 4.6119461997490506e-05 1.5396322252435883e-05 2.0499785951694082e-05 1.0853690719937944e-07 8.253165627167702e-07 7.023981618754391e-08 0.0 1.1790836946278614e-07 1.685474450680427e-07 0.0 0.0 0.0 0.0 0.0 9.39631958781384e-08 1.2953481828990746e-06 0.0 0.0 9.445815526844371e-08 1.1012406495026664e-07 1.234663998738913e-07 0.0 1.3955109091731247e-06 4.453881002109038e-06 0.0 8.222954398121358e-07 5.232195063472385e-07 1.969728758733001e-05 7.904844918165867e-06 2.25702226650738e-05 4.434800543881647e-06 1.3127009850168075e-06 7.286877330023038e-08 0.0 1.18470342740284e-07 9.203688224512172e-07 6.743128372815973e-07 2.2455421309980038e-07 0.0 1.3630673033168829e-07 1.0426532672834623e-06 7.224073858137241e-08 0.0 0.0 1.5931743512105754e-06 0.0 0.0 2.51129951364439e-07 0.0 3.468723866090634e-07 1.1823456553038015e-06 0.0 1.0927736378647509e-06 4.7193433684383815e-06 2.2158705597760606e-05 9.997380234394613e-07 0.0 0.0 0.0 0.0 0.0 0.0 0.0 3.022743372792588e-07 2.0197660704943674e-05 9.755712172214302e-07 0.0 0.0 0.0 9.459003847749319e-06 7.735870585867858e-06 1.1506901777123565e-05 2.652694733709993e-07 3.4196691765684983e-07 5.723643808990926e-07 0.0 8.485284487589847e-08 0.0 0.0 0.0 0.0 0.0 0.0 0.0 0.0 1.7595611169705e-05 1.0809213696741003e-05 1.3697679834970702e-05
9.443512029039594e-05 0.000143235476841266 9.527176458368249e-05 0.00019178300888341452 4.616765831662361e-05 8.552455749070303e-05 0.00020638314971980758 8.113481347535434e-06 3.2560842746353124e-05 0.001589527134021607 0.0002784728667917165 0.0 0.0010374543155175094 0.0005861346226585448 1.0618122443389731e-05 1.2353991725272457e-05 1.1345293872548045e-07 2.2629459872359907e-07 0.0 1.8613006379816286e-07 1.224559682321123e-06 3.386185615769371e-07 1.94354151354855e-07 0.0 0.0 1.0201460853299172e-07 1.5281984310113838e-07 1.3980692341123342e-07 0.0 0.0 4.4861061587183103e-05 7.032834612845439e-06 7.910753390690241e-05 5.837592916561737e-07 4.0290928014974244e-07 2.6740894286949064e-06 0.00017028862666946935 1.68032721066078e-05 1.9369610884736466e-05 5.114578711886057e-06 2.2591847836831977e-07 3.387614183730068e-07 8.06229321462447e-08 1.1180590136023103e-06 7.486325030665328e-08 6.194986322199363e-07 1.637445735305024e-05 2.159515963565702e-07 2.356075082455943e-07 6.176631884705463e-08 1.7713827466417224e-07 4.074402816685446e-07 1.5972928630536091e-06 7.99136321284795e-08 4.6680131195225514e-08 1.243915825742735e-07 2.428142425501857e-06 1.048885578949955e-05 2.3779012605999183e-06 2.74545208277034e-06 1.054894378288379e-06 1.6112787988862062e-05 6.107458616353173e-07 1.2865076527460021e-05 6.907144735734879e-08 3.317722549486719e-07 1.9556661489951357e-07 3.916801504008561e-07 8.496625648149849e-07 1.6807194832879219e-06 0.0002023037162606142 6.449581039689899e-06 3.551389310765389e-07 3.8632473495074086e-06 6.396898937537746e-06 1.537328868037956e-05 1.0471504791485564e-05 7.4308655561507035e-06 1.2427709505764062e-06 1.815775469815522e-05 9.314875491138786e-07 4.083593450304385e-06 1.2949654810926992e-06 0.0 6.13762040892536e-08 1.2428125507898794e-07 6.713579521971808e-08 0.0 1.734125484587874e-07 0.0 0.0 1.5683378243904822e-07 8.491362049485858e-07 0.0 0.0 0.0007122714888622236 4.15856218121531e-05 1.7545575541605814e-06 4.5698357872476846e-05 1.9737613700407422e-05 6.68925188847179e-07 2.721458198384549e-07 5.119711825471009e-06 6.172914826261093e-07 1.825507118872129e-06 1.8483502718095707e-05 5.060498187439713e-06 1.3410457084850759e-05 2.7770525392290475e-05 1.961680163100477e-05 1.1339887119763622e-05 6.601391705958847e-05 0.00013436950452676958 4.154943920632257e-05 4.268214395933227e-05 8.132755560457867e-08 2.4807770011109113e-07 0.0 2.9228525168900345e-07 0.0 0.0 0.0 0.0 0.0 0.0 0.0 0.0 9.928916613778406e-07 1.2455530246952934e-07 0.0 1.1172698593165013e-07 7.166261907928705e-08 0.0 3.129306842463588e-07 6.034059612930462e-07 4.5272099579282e-06 0.0 1.501588918715164e-06 2.690670664018656e-07 3.311324594387541e-05 7.508370306626535e-06 3.4733288298157483e-05 4.756730919034828e-06 1.9915584805802005e-06 0.0 0.0 0.0 0.0 2.030455637663434e-06 5.234581620601025e-07 0.0 0.0 8.680683285565212e-07 0.0 0.0 0.0 2.2883956069659842e-06 0.0 0.0 4.2593695107341845e-07 0.0 2.5273034256906123e-07 1.0124838249082408e-06 0.0 2.0233123795900866e-06 2.0337139951712787e-06 3.165035494468565e-05 3.9237926076003323e-07 1.9644492617827019e-07 8.790478368669803e-08 0.0 8.736282688986869e-08 0.0 0.0 0.0 0.0 4.873628173009807e-05 4.13530905678825e-07 0.0 0.0 0.0 1.5974847360382155e-05 7.640194529546535e-06 1.9791418968008203e-05 1.2704884093455156e-07 1.3453648477513406e-06 4.872823644534868e-07 0.0 4.020971865336201e-07 1.3958852103064695e-07 0.0 0.0 1.6798314358962116e-07 0.0 0.0 0.0 0.0 4.318758190167653e-05 1.5012612566872914e-05 2.3382959479457373e-05
0.0003905614909785035 0.0014004478906775978 0.00010744775875177112 0.001057890741335563 0.0008072686787934468 6.86473271538658e-05 0.0019364692262910464 2.2026822716271864e-05 0.00035417669763862714 0.005299301578264684 0.0006147341574627384 0.0010374543155175094 0.0 0.0029372141292583107 2.5976849461643743e-05 1.9115052919560517e-05 6.054658849345249e-07 1.7027169958544167e-07 9.26492943326302e-08 3.1627971560532733e-07 9.705536670641446e-07 8.128234214421684e-08 2.4446957324933135e-07 1.9566227775261751e-07 9.071150448324226e-07 6.855061268465681e-07 0.0 9.462100838759808e-08 2.1273846238788007e-07 0.0 0.00012170958372294369 2.0587583693571644e-05 0.00040954627410201826 1.7481592447918688e-07 1.9262942666181492e-06 7.312821259061263e-06 0.0005900584484606463 3.510372297008717e-05 3.96307548357629e-05 3.5703637249840412e-06 5.548570255473166e-07 1.6612455893408072e-07 1.5794611318640518e-07 1.5435452058272019e-06 6.868841496659996e-07 1.3301146932738549e-06 6.978496709314558e-05 1.2431064030064604e-06 1.2810205956754786e-07 7.902500369441769e-07 2.7501831583866994e-07 6.216693016265633e-07 2.132682611380678e-06 5.204993462468538e-07 1.327980226887651e-06 7.756022767390127e-07 1.1794602357727017e-05 3.920023169170635e-05 9.468185732976904e-06 2.0090595482776637e-05 2.337040780055955e-06 3.510457131207829e-05 1.241692414018214e-06 4.2529360727442626e-05 1.8048505089345822e-06 2.376515194904569e-06 5.562012289806042e-07 1.31057849727475e-06 1.763610325024826e-06 1.8879464843225665e-06 0.0003598192316896666 6.676047320554337e-06 1.4644344502596729e-07 3.186554947762975e-05 3.209908061364552e-05 5.789426911914898e-05 2.5810015426313037e-05 1.1907472470154607e-05 3.521772972330813e-06 5.5967612802169016e-05 1.6584435491352106e-06 1.0010734452213857e-05 9.709928559635364e-06 0.0 1.4849094454069862e-06 1.9412745211279513e-06 5.777288783485687e-07 0.0 3.3711092549396224e-07 7.19654111842626e-08 0.0 3.248063332184062e-07 1.3423900318559867e-06 3.5070384438063766e-07 3.1927799492817183e-07 0.00110571151743163 3.163172003961078e-05 1.6452563822519342e-06 6.30945797229415e-05 2.9620429280135505e-05 1.0098182767416437e-06 1.558919667084307e-06 4.272076458460277e-05 2.5518287305042037e-05 4.827672123388514e-06 8.209489547419431e-05 1.0172427069035104e-05 4.5965668407030324e-05 0.0001949787957948983 3.886972041456705e-05 1.7627628558570934e-05 0.00018603896393162367 0.00020358762959050392 8.41225791820429e-05 5.2635553750767286e-05 9.21429398602284e-07 1.0712995673544058e-06 0.0 0.0 0.0 0.0 0.0 0.0 0.0 1.0005062491139371e-07 0.0 0.0 4.1384526319747984e-07 2.796560467240573e-07 0.0 0.0 0.0 0.0 0.0 1.305923314961227e-06 6.711512190418299e-06 0.0 2.323632711251706e-06 2.584207175963079e-07 4.544917377802681e-05 1.3239201921950902e-05 4.535718430188322e-05 6.69334829248484e-06 2.1579954669442916e-06 3.1996109512645176e-07 2.7216184007814395e-07 0.0 6.360881422318168e-07 2.2456426467893962e-06 1.0368014904830918e-07 8.82209553878908e-08 4.942136705730497e-07 1.204529096383454e-06 0.0 6.584024715421849e-08 0.0 1.8973201739989778e-06 0.0 0.0 0.0 5.69070258798272e-08 1.071872985100081e-06 1.7851543121144237e-06 3.307039584430271e-07 9.075344787957951e-07 6.1912699037582776e-06 4.09217005318184e-05 9.204436322839267e-07 0.0 0.0 0.0 6.136459332101089e-08 0.0 0.0 1.6610253677382865e-07 3.04797300777167e-07 5.719028984679778e-05 1.1636368122117213e-06 0.0 0.0 1.096013082519637e-07 1.8230246252511854e-05 8.375881938153103e-06 1.7243803198713595e-05 7.063699517057176e-07 1.1329872313096502e-06 1.1577356140553802e-06 2.1381245845033153e-07 6.923740978379735e-07 0.0 7.162438014290433e-08 0.0 2.2017200982487965e-07 0.0 0.0 0.0 0.0 5.522075281591479e-05 1.9564857392166567e-05 3.155891678853655e-05
