0.0 0.00172519622835098 0.0006485598374924794 0.0009846846779209906 0.00019505642727954173 7.15046290330313e-05 0.00042209834368615157 0.00010371550257480175 1.4559692870005138e-05 0.0011559696263153084 7.952391758985404e-05 0.00016074610489724957 0.00014921202594627708 6.827072272763366e-05 4.056609236347131e-06 9.99859321429818e-07 4.343661548377172e-07 2.3474854704139638e-07 0.0 0.0 0.0 0.0 6.096476518287732e-08 8.009991899788188e-08 3.775058119353899e-07 0.0 3.310831208379609e-07 0.0 1.6764870201719747e-07 2.661180272157294e-07 0.0003799566964710119 5.88077763229085e-07 8.598379960815723e-05 2.0480747099341377e-07 7.236106714912492e-08 1.2156140530827874e-06 4.3616784563297166e-05 6.019238108212444e-06 1.9845157267419923e-06 3.5984466829459093e-07 1.3637775552373544e-07 0.0 0.0 9.778044892286688e-08 6.162170767515005e-08 1.8504163158828115e-07 3.6825468454952016e-06 9.931783696653078e-07 4.6766386996302124e-07 3.2346527675322e-07 2.564653130060013e-07 4.770403747198188e-07 9.154577960687212e-08 0.0 2.3467236223395317e-06 4.280448531305849e-06 0.00019926523521951128 0.00038175002455700154 1.2049378184060883e-05 1.5990909201299163e-05 1.8673980960031577e-07 3.044573551107173e-06 2.0260606663900278e-07 1.3468201666065863e-05 2.246094509101082e-06 2.6953885325072435e-06 7.60474587499858e-07 8.531626033632324e-07 0.0 9.970955928075935e-08 3.786871519824102e-05 3.3618270040122975e-07 0.0 0.00011805699584487092 2.299242017808026e-05 1.5931556856083004e-05 1.1524239822837973e-06 0.0 3.143543174014017e-07 1.8424123446604435e-05 3.938619360762835e-07 1.0044143342220353e-06 2.4087403772835622e-06 5.879720352949693e-07 3.477981023950562e-06 1.1426208837759706e-06 4.006653227833662e-07 0.0 1.2836285975353862e-06 2.796059787304339e-07 5.405803854565048e-07 0.0 5.432563028062711e-07 7.116777609986905e-08 3.8238701726300024e-07 2.9725395699390505e-05 5.474410614452702e-06 3.461704036595361e-07 1.1562743402537795e-06 0.0006390539378730336 0.0 0.0 7.896645272708287e-08 0.0 0.0 1.1992206737455186e-06 0.0 0.0 5.915687897898087e-05 5.550261541696092e-07 0.0 2.481331527899107e-06 8.54251525746574e-06 7.665172508977653e-07 1.0436712732018994e-07 0.0 0.0 0.0 0.0 0.0 0.0 0.0 0.0 0.0 0.0 0.0 0.0 0.0 0.0 7.58403109449068e-08 0.0 7.644931297086733e-08 0.0 0.0 0.0 0.0 0.0 0.0 0.0 0.0 4.0922746035594597e-07 2.665882321479323e-07 0.0 0.0 0.0 0.0 0.0 0.0 0.0 0.0 0.0 0.0 0.0 0.0 0.0 0.0 2.9794549906933803e-07 0.0 0.0 0.0 0.0 2.4281328370674924e-07 4.337864338469024e-07 0.0 0.0 0.0 7.790185710626155e-07 0.0 0.0 0.0 0.0 0.0 0.0 0.0 0.0 0.0 9.804162206818608e-07 0.0 0.0 0.0 0.0 6.493898845728661e-07 0.0 4.703765756254712e-07 2.672607781053914e-07 0.0 0.0 0.0 0.0 0.0 7.464436184190788e-08 0.0 0.0 0.0 0.0 0.0 0.0 8.486386011980175e-07 8.305596868468575e-07 4.627238054573158e-07
0.00172519622835098 0.0 0.0013716697017620606 0.0016059438871792227 0.001977683644376414 3.8306362293332096e-05 0.002370353716656275 0.000713524966321986 0.0013250393299224302 0.0008376691224349115 0.0007820443753746958 0.0002219736305451089 0.00048095110901706217 0.0005494454044437612 1.790276213200097e-05 2.328726099610074e-06 9.915455978140409e-07 4.943348873309543e-07 5.285230027107197e-08 0.0 6.748416457917058e-08 1.123678181540759e-06 2.1852018456155458e-07 0.0 4.3852480459792383e-07 0.0 0.0 0.0 4.313666711733224e-07 8.805790907379235e-08 0.0011183300732044376 1.1812358322137788e-05 0.00014699263632483354 1.2615979902312252e-07 0.0 9.006573920535245e-07 5.9660167411582686e-05 6.802055754315939e-06 2.1469101409181796e-06 2.614832993387019e-07 3.4983674578914927e-07 7.158162604832163e-08 9.012799177900456e-08 4.5524726266067725e-07 3.35494731365465e-07 5.598982711817267e-07 3.728929567634799e-05 2.687124834417901e-06 6.894741149264046e-07 6.843114264823496e-08 6.632621662535352e-07 2.8533961817960055e-07 8.438966492368633e-07 2.0389105788964644e-07 4.551862017015375e-06 9.507786582939608e-06 0.00010733871082692768 0.0004826660665265523 1.569018597770785e-05 4.920134418209334e-05 7.46762632617716e-07 2.955241123832815e-06 4.4139879735376585e-07 0.00014316644090694997 3.985102778573125e-06 6.681104111841818e-06 8.11318385963514e-07 2.3185853805274085e-06 1.010121292329338e-06 2.759132788942426e-07 5.8192496536389467e-05 7.54995017666756e-07 0.0 0.00022631149705883144 0.000113507375209126 9.759449316484382e-05 1.6309898506546918e-05 5.784685912290763e-07 1.6287249246518675e-07 1.9044641546114538e-05 3.2819427269193805e-07 9.341450439532837e-07 5.2128323201992906e-06 5.356429683935493e-07 7.644827744406178e-06 2.4765193364698794e-06 1.624562550433123e-06 1.4850289476523466e-07 2.0534679805612815e-06 0.0 2.2500038535810743e-06 7.979979767225672e-08 1.544000602273134e-07 3.008643073540578e-07 1.3255154817379029e-07 1.6679788050130025e-05 1.1866821302172724e-06 0.0 1.2826381674500433e-06 0.0003631993513786037 0.0 0.0 3.0903373207621374e-07 0.0 0.0 2.489918899474107e-05 0.0 2.1722133004857423e-07 4.772030390139906e-05 4.4929307902778646e-07 1.0215274041586017e-07 2.7308706266487124e-06 3.3261727624261157e-06 1.1123198350964239e-06 4.291219156070658e-07 1.3782667600502483e-07 0.0 0.0 0.0 0.0 0.0 0.0 0.0 0.0 0.0 0.0 0.0 0.0 0.0 0.0 0.0 0.0 0.0 0.0 0.0 0.0 0.0 0.0 0.0 3.4275364269595403e-07 1.4473234207350274e-07 0.0 3.3998043315149617e-07 1.2458376415135348e-07 0.0 0.0 0.0 0.0 0.0 0.0 0.0 0.0 0.0 0.0 0.0 0.0 0.0 1.718800476903534e-07 0.0 0.0 0.0 0.0 0.0 0.0 0.0 0.0 2.963715704796767e-07 0.0 0.0 0.0 0.0 0.0 0.0 0.0 0.0 0.0 1.9293313212104e-06 4.7037403429265096e-07 0.0 0.0 0.0 6.870724493013627e-07 0.0 1.5117636097562116e-06 0.0 0.0 0.0 0.0 0.0 0.0 0.0 0.0 0.0 0.0 0.0 0.0 0.0 5.65918009529287e-07 2.754878894909175e-07 7.133155465441433e-07
0.0006485598374924794 0.0013716697017620606 0.0 0.00022098794377523926 0.0011438896924240419 1.155894142008484e-05 0.00010801541575778229 0.0023485043057773687 0.0008475914796649468 0.00016195489288262774 0.000771862994001306 0.00014319538171652212 0.0003733657843935973 0.0005126180250179438 7.907355632338434e-06 2.3776791093170068e-06 7.044992969115272e-07 4.899049091745909e-07 7.405565334003368e-08 3.5701778834760816e-07 1.6232165459728076e-06 5.444631440935705e-07 1.2255233145754427e-06 9.985129349737552e-07 2.0108101864963225e-06 5.556683314651415e-07 5.130258013135935e-07 3.2886210206301475e-07 9.87237630160531e-07 9.236246529305745e-08 0.0025817287613414414 0.00017568346918495767 0.00024062084366776703 1.426941082637389e-07 1.2776589855186936e-06 2.4033744087413724e-06 8.264488190247278e-05 1.2020984206706795e-05 3.243133444511624e-06 3.742838528865474e-07 8.259837279544849e-07 1.6170654594485667e-07 5.710623674829582e-07 1.7055573740519886e-07 4.53922352854419e-07 5.484013292525004e-07 1.6451080516477134e-05 7.406278870226734e-07 1.7981216816536322e-07 9.247733778092875e-07 5.291763162433911e-07 8.873198831973794e-08 5.183599580988109e-07 7.539241456435834e-07 1.2592818916536246e-06 3.3585136047313955e-06 7.165049313300571e-05 0.0005367257909839069 6.152435531612822e-06 1.938923270507693e-05 8.770441020904881e-07 2.5229788201243892e-05 1.1495842524243083e-06 0.00014692872057883518 1.5643632675897755e-06 2.5628528265459816e-06 3.115999105365155e-07 1.7178843927405493e-06 1.7129454795275826e-06 1.5257337725416828e-06 7.03707675239655e-05 9.171062138291463e-08 0.0 0.00010569824977795371 4.968367982430908e-05 3.857882490383467e-05 1.0684353322514473e-05 1.0401783465306614e-07 1.0655086373461904e-05 0.00021070449569005962 8.586871054461355e-07 3.0272327273476986e-05 2.68864328873623e-06 6.400051191580287e-08 2.93441376068933e-06 1.918935359996945e-06 4.7076490613579163e-07 1.69132437166475e-07 4.6175918661241164e-07 7.614967975091959e-08 5.453156631030706e-07 0.0 1.3689473159082348e-06 2.9918055498698805e-07 7.04882703921102e-07 2.909032111606648e-06 3.1825903548845265e-07 0.0 3.087758796411496e-07 0.00011780367830946176 0.0 0.0 0.0 0.0 1.6253205997720658e-07 1.9106841563518437e-07 0.0 0.0 1.3385913712564728e-06 0.0 0.0 1.2088595618313856e-06 1.0418011069100453e-06 9.640545522971317e-08 3.8227115583058256e-07 0.0 0.0 0.0 0.0 0.0 0.0 0.0 0.0 0.0 0.0 0.0 0.0 7.544697735139332e-08 0.0 0.0 0.0 0.0 0.0 8.5469251224849e-08 0.0 0.0 0.0 0.0 0.0 7.703241515459719e-07 3.1489701663768714e-07 5.643124177365545e-07 2.7382031888815194e-07 1.4197621092225627e-07 0.0 0.0 0.0 0.0 0.0 0.0 0.0 0.0 0.0 0.0 0.0 0.0 4.5628507082970453e-07 0.0 0.0 0.0 0.0 0.0 0.0 0.0 0.0 2.486454462257939e-07 7.6606629430684e-07 0.0 0.0 0.0 0.0 0.0 0.0 0.0 0.0 0.0 1.5790501870349836e-06 8.070290459081917e-08 0.0 0.0 0.0 1.6162070301159725e-07 0.0 8.29800215634854e-07 0.0 0.0 0.0 1.0695233659641265e-07 0.0 0.0 0.0 0.0 0.0 0.0 0.0 0.0 0.0 4.867923441579408e-07 2.554535548247555e-07 1.2895675596988385e-07
0.0009846846779209906 0.0016059438871792227 0.00022098794377523926 0.0 0.0002277814146473192 0.00019324226039706374 0.0005245532938089995 5.8174056572390955e-06 1.1632415177180492e-05 0.0016457569967619043 0.0001464500084846144 0.0013032283135581324 0.0007048433733418308 1.0065734415667543e-05 1.7629101784443081e-06 8.87636196898302e-08 7.884742391325878e-08 0.0 0.0 0.0 0.0 0.0 0.0 0.0 0.0 0.0 0.0 4.4897517898341274e-07 0.0 0.0 3.777952510152109e-05 4.2536881799879637e-07 1.4700000783471613e-06 0.0 0.0 0.0 2.2050428586004903e-06 2.002742584862864e-07 7.850105988019922e-08 0.0 0.0 0.0 7.402053625874548e-08 0.0 0.0 1.2970751555664514e-07 3.528099062326932e-06 4.526370910234542e-07 7.267707313125061e-08 0.0 3.110979893462764e-07 0.0 0.0 0.0 9.835003217098246e-07 3.091498264199274e-06 4.530536209373503e-05 0.00013253264345890992 4.801971743134806e-06 1.2746058415322172e-05 8.118524849899842e-08 1.4749043625845164e-07 0.0 2.1551348839300715e-05 1.7182628444164e-06 2.1193255223596208e-06 3.080759626272822e-07 1.3410830234075354e-06 0.0 0.0 4.853960462436189e-06 0.0 0.0 7.475828852422488e-05 2.7035320414706792e-05 1.5478081135839868e-05 6.980798742911511e-07 5.595869499530045e-08 0.0 0.0 2.325375874878012e-07 4.411576784546412e-07 8.869276213141579e-07 9.229853406031481e-08 2.444591914367836e-06 7.761787775371687e-07 6.441755152874711e-07 0.0 6.968888115504224e-07 1.0544247718240285e-07 3.0186351273060087e-07 0.0 0.0 2.446826170356532e-07 0.0 1.4594037741584293e-05 1.8923495276807064e-06 0.0 3.812310026321053e-07 0.00019909431218258382 0.0 2.7397511842043217e-06 1.567282967197906e-06 7.3129385170420465e-06 9.117507395590191e-08 5.693875060669117e-06 2.3252155003300173e-06 1.3123921345532014e-06 2.9056510640621595e-05 2.5612564026511896e-06 3.54511259584379e-07 1.2991724682018647e-05 9.583817985135011e-05 3.4997682755582774e-05 7.056590890559253e-07 0.0 0.0 0.0 0.0 0.0 0.0 0.0 0.0 0.0 0.0 0.0 0.0 0.0 0.0 0.0 0.0 0.0 0.0 0.0 0.0 0.0 0.0 0.0 0.0 6.303317877889282e-07 0.0 9.392129443969914e-08 0.0 0.0 0.0 0.0 0.0 0.0 0.0 0.0 0.0 0.0 0.0 0.0 0.0 0.0 0.0 0.0 0.0 0.0 0.0 6.972155081079818e-08 0.0 2.640082328692658e-07 0.0 0.0 0.0 0.0 0.0 0.0 0.0 0.0 0.0 0.0 0.0 0.0 4.097536807201237e-07 0.0 0.0 0.0 0.0 0.0 0.0 0.0 0.0 0.0 0.0 0.0 0.0 0.0 0.0 0.0 0.0 0.0 0.0 0.0 0.0 1.0127722738455865e-07 0.0 0.0
0.00019505642727954173 0.001977683644376414 0.0011438896924240419 0.0002277814146473192 0.0 4.118227479533071e-06 0.0013444701000015174 0.0007197632524426893 0.004826608335524824 0.0006108523904947575 0.0014346535936457412 0.00014126711363272542 0.000960048423220519 0.001879172354239215 1.9176381878569024e-05 1.9024957061192632e-06 3.5120969156065653e-07 6.846801584886244e-08 0.0 0.0 6.148542008123371e-08 6.078850597838152e-08 5.919210330557522e-08 1.760964000304197e-07 1.4688502605361697e-07 9.120310819937182e-08 0.0 6.42444798665444e-08 5.9484186804013234e-08 0.0 0.00017492929729915528 7.826002830954676e-06 1.752186571519971e-05 5.628563030020204e-08 0.0 2.5639933915710887e-07 3.304249485316011e-06 9.374687093699e-07 2.3235174443444015e-06 5.822623873009447e-07 0.0 1.1568448349861931e-07 0.0 3.3490662238469457e-07 1.473716461919698e-07 4.774918565548973e-07 4.005043663815705e-05 3.9933328238982114e-07 2.0795320066864256e-07 1.647738179379445e-07 7.635799052082987e-07 0.0 0.0 0.0 1.4218764291575348e-06 4.112145088577423e-06 2.0413949848004167e-05 0.00010030065997264182 4.0124913006758005e-06 2.8202526380321958e-05 3.788788532058341e-07 7.48380368691921e-07 0.0 8.829481366849863e-05 1.3492151345728554e-06 2.7934510057071976e-06 6.594776335785439e-07 6.061040629715223e-07 1.9006453611623085e-07 7.88843342523617e-08 5.749146301261813e-06 9.360400452742213e-08 0.0 7.658516347145507e-05 6.460162866351691e-05 7.712986545838981e-05 1.6229832526810104e-05 3.986190246189328e-07 0.0 9.94278791181749e-06 6.113652002085044e-08 1.008457860013837e-06 1.5340180877903983e-06 4.793678111434248e-07 2.7964607077578384e-06 1.1923864196598386e-06 4.775283424542808e-07 5.900868698631013e-08 1.0697424564418115e-06 0.0 8.753396264541156e-07 6.28452931093819e-08 0.0 6.017503672437375e-08 6.542355749069512e-08 1.6588499305911762e-05 5.035614375348691e-07 1.0384247738297419e-07 1.6211407492478723e-06 1.7218261612318106e-05 5.8239570381682495e-08 0.0 0.0 0.0 1.0714754278998488e-06 4.224227458286975e-06 0.0 2.1163948085407703e-07 3.873171700401571e-06 1.9800029191743776e-06 0.0 3.7525100245327875e-06 2.4062740854057377e-06 2.435038046863272e-06 0.0 0.0 0.0 0.0 0.0 0.0 0.0 0.0 0.0 0.0 0.0 0.0 0.0 0.0 0.0 0.0 0.0 0.0 0.0 0.0 0.0 0.0 0.0 0.0 0.0 2.678632915091408e-07 0.0 5.830517390691973e-07 9.393836752741413e-08 0.0 0.0 0.0 0.0 0.0 0.0 0.0 0.0 0.0 0.0 0.0 0.0 0.0 0.0 0.0 0.0 0.0 0.0 0.0 0.0 0.0 0.0 0.0 1.009706015202329e-06 0.0 0.0 0.0 0.0 0.0 0.0 0.0 0.0 0.0 1.2899310021251095e-06 0.0 0.0 0.0 0.0 0.0 0.0 3.329492337304936e-07 0.0 0.0 0.0 0.0 0.0 0.0 0.0 0.0 0.0 0.0 0.0 0.0 0.0 1.859950102083149e-06 1.490481512508298e-07 1.018424749809401e-06
7.15046290330313e-05 3.8306362293332096e-05 1.155894142008484e-05 0.00019324226039706374 4.118227479533071e-06 0.0 3.701293338267454e-05 9.081131107764271e-07 6.40611363386912e-06 0.0011546395195789318 6.9193066697376746e-06 6.494805704163794e-05 5.8243975912111015e-05 1.8169542258651563e-06 1.0669789559559366e-07 8.158857764790509e-08 0.0 6.759767037114528e-08 0.0 0.0 0.0 1.3421152130557764e-07 0.0 0.0 0.0 0.0 0.0 1.2160732756372494e-07 0.0 0.0 2.4888837095675992e-05 0.0 6.427430789837861e-07 0.0 0.0 0.0 1.4558051964827747e-05 1.301891060843224e-07 3.1235527582478253e-06 6.230698682419275e-08 1.51173755976843e-07 1.4495867455390097e-07 0.0 0.0 0.0 8.969771601340918e-08 9.499423560650417e-08 0.0 0.0 0.0 0.0 4.157662683195105e-06 2.6355526018967267e-07 3.405881088033334e-07 0.0 5.381114567469226e-07 0.00013707348964172358 0.00015377019443189247 2.6969215716354322e-06 1.7940224428431563e-07 0.0 4.3098150273891185e-07 0.0 0.0 6.295909600916022e-08 0.0 0.0 0.0 0.0 9.349388364221011e-08 3.946682121130744e-05 1.4425258066879645e-05 2.6673075423077774e-06 6.4075297027161244e-06 1.9276380826156005e-07 1.6638141520835137e-07 0.0 0.0 0.0 2.758745169368636e-07 0.0 0.0 0.0 6.591067634571824e-07 0.0 6.726172102770179e-08 0.0 2.6930438903585097e-06 7.580885996169538e-08 4.438544066144019e-06 8.94375132433986e-08 7.132337198717296e-07 0.0 0.0 2.695915198533126e-07 0.00010764840256259545 5.667699452525027e-05 1.2126503815197216e-06 1.1712292021272822e-05 0.00028094752076417606 0.0 0.0 0.0 0.0 0.0 0.0 0.0 0.0 3.1801391412277352e-06 0.0 0.0 9.872462568978284e-08 2.1768836123277498e-06 3.5305565417750817e-07 0.0 0.0 0.0 0.0 0.0 0.0 0.0 0.0 0.0 0.0 0.0 0.0 0.0 0.0 0.0 0.0 0.0 0.0 0.0 0.0 0.0 0.0 0.0 0.0 0.0 6.93204287484327e-08 0.0 0.0 0.0 0.0 0.0 0.0 0.0 0.0 0.0 0.0 0.0 0.0 0.0 0.0 0.0 0.0 0.0 0.0 0.0 0.0 0.0 0.0 0.0 0.0 0.0 0.0 0.0 0.0 0.0 0.0 0.0 0.0 0.0 0.0 0.0 0.0 0.0 0.0 0.0 0.0 0.0 0.0 0.0 0.0 0.0 0.0 0.0 0.0 0.0 0.0 0.0 0.0 0.0 0.0 0.0 0.0 0.0 0.0 0.0 0.0
0.00042209834368615157 0.002370353716656275 0.00010801541575778229 0.0005245532938089995 0.0013444701000015174 3.701293338267454e-05 0.0 4.863665495738485e-05 0.0012591373407542263 0.0020090962337046205 0.00013528033411700744 0.0006439357135415169 0.0022179497969335702 0.0018061959355308143 2.420878241758401e-05 2.3414552430998363e-06 6.463774501915315e-07 8.708744357175275e-08 0.0 6.540412876253716e-08 5.6418718679733e-08 0.0 0.0 0.0 7.69255343360935e-08 0.0 0.0 0.0 0.0 5.979614469231463e-08 0.0001515213060854766 4.071149962836471e-06 5.920975707988138e-06 2.0447002019446267e-07 0.0 3.818887250323625e-07 5.227487321777595e-06 9.932766645988363e-07 2.0713428296008257e-06 1.7677180034499213e-07 0.0 2.0352075015091325e-07 7.077396501167115e-08 1.8216224314250556e-07 6.84193909735026e-08 5.13492881308362e-07 5.218053122399183e-05 9.991660522030567e-07 5.453881627126497e-07 1.0906469880317892e-07 3.5406586315377806e-07 0.0 7.663729201711652e-08 8.416960088739475e-08 2.2581795918440573e-06 6.27437251620115e-06 3.9294687942880464e-05 0.00016593274575860345 7.224387737955031e-06 3.895341323916495e-05 5.155579556248846e-07 1.7469995515384488e-06 0.0 0.00010826251339437768 2.3341305913623005e-06 5.287939077282563e-06 2.3813105571961846e-07 1.3394498695605209e-06 1.5965572219191462e-07 0.0 1.0406634880271412e-05 1.014192979696525e-07 0.0 0.00013257679938193624 8.863350167209342e-05 9.235014508132087e-05 2.2276287789588497e-05 4.2415203421106877e-07 0.0 6.121379935222017e-07 2.9874106887948055e-07 3.959983215711708e-07 2.684041301078061e-06 1.345942704335873e-07 4.568126430343888e-06 1.973764435206404e-06 1.173324014812749e-06 1.1149251522043555e-07 9.313880480061087e-07 0.0 1.0243958314486224e-06 2.548560445041991e-07 1.9138895251131523e-07 3.51051131492462e-07 5.8343558112948456e-08 6.278198866268951e-05 3.5550937468139263e-06 0.0 3.0376950544862365e-06 6.142876038159777e-05 8.136086573841857e-08 6.76246435153165e-07 9.759518363807393e-06 6.284917333729714e-06 3.6177450338330437e-06 4.1218595216278565e-05 2.152070516165764e-06 4.427189758243614e-05 2.4668287845202614e-05 1.0432613599318443e-05 3.929502820028706e-07 6.672597971131976e-05 2.0169482984288905e-05 1.2308596879970943e-05 1.2987796630358024e-06 8.918881278978517e-08 0.0 0.0 0.0 0.0 0.0 0.0 0.0 0.0 0.0 0.0 0.0 7.8095507728262e-08 0.0 0.0 0.0 0.0 0.0 0.0 7.326031378843897e-07 8.480519512287822e-07 0.0 0.0 0.0 5.711443161817915e-07 5.132504201186245e-07 1.1903091480068787e-07 4.542468104924583e-07 7.807577446460534e-07 0.0 0.0 0.0 0.0 0.0 0.0 0.0 0.0 1.846645115920507e-07 0.0 0.0 0.0 0.0 0.0 0.0 0.0 5.4867163368783395e-08 8.055700237615787e-07 2.9294333903267664e-07 2.2286412878678494e-07 0.0 0.0 1.7170750339450213e-06 0.0 0.0 0.0 0.0 0.0 0.0 0.0 0.0 0.0 5.983132352958204e-06 0.0 0.0 0.0 0.0 1.3480711846409853e-06 0.0 3.325201676180986e-07 5.894555157804151e-07 7.2117009004943e-08 2.668406782820699e-07 0.0 0.0 0.0 0.0 0.0 0.0 0.0 8.459995092994099e-08 0.0 0.0 5.125598620005711e-06 7.439264680518701e-07 2.8092958656785277e-06
0.00010371550257480175 0.000713524966321986 0.0023485043057773687 5.8174056572390955e-06 0.0007197632524426893 9.081131107764271e-07 4.863665495738485e-05 0.0 0.0005173524337196831 5.684233233338193e-06 0.0014120248258536507 0.00013666976101545857 0.00048222977008353647 0.0008642967929892555 4.993323610756183e-05 1.9536487587902075e-05 3.7601561681358233e-06 7.005234899464147e-06 2.665196692167511e-07 7.482736385495179e-06 2.7008823051544578e-05 2.5783025808879696e-07 2.1526190355317026e-05 8.093053394678024e-06 8.264395369525031e-06 6.293116787562021e-07 8.028209913646407e-06 1.581044586832721e-07 1.5306293504592934e-06 9.328934773305465e-07 0.0015915894885913473 0.0006142195224487968 0.0005225056698009925 5.943648869278083e-06 7.458413411099231e-06 7.209250604688404e-06 0.00013764557404944005 3.5748086173753494e-05 6.075001173635552e-06 2.2051147586889654e-06 2.570423600265836e-06 1.5148175118981368e-06 9.430263013038807e-06 2.1541878236258117e-05 2.9788983114738343e-06 1.0528432982878038e-05 6.84331691038425e-05 1.0174019031404842e-06 1.8082501609558883e-06 8.65091065196982e-06 8.748522423242677e-07 9.433235741084385e-07 8.506544935620486e-07 1.7066497333359589e-06 7.315791399227336e-07 3.2404190463957933e-06 1.9601982753678936e-05 0.00015588602086259395 3.41479835431918e-06 2.2482865073407594e-05 3.296875855357049e-05 0.00017089060205580087 3.0900545590210385e-06 0.0003071579708836444 1.6876189068039955e-06 3.0975263799257978e-06 6.240622454444839e-07 9.368588871141811e-06 3.180196149848654e-05 1.6628007720119907e-05 8.556535735457755e-05 5.268620639785706e-07 0.0 6.982225335741359e-05 0.00010434121044731547 0.00012935735526045785 8.459941738799168e-05 3.047489089083854e-05 0.0003391265459923933 0.0006626046778946448 0.0001062622367140914 0.00047581705346217383 1.2267656337177912e-06 0.0 1.9538177632587986e-06 9.281213954548075e-07 3.732980672328342e-06 0.0 5.781021458917901e-07 0.0 1.1973879058984458e-06 6.535611932477054e-07 9.75360769585674e-06 4.070756146442776e-07 2.1168339657074958e-06 1.309781273201434e-06 1.926508245304403e-06 0.0 2.07317107185939e-06 3.272246587751405e-05 3.6710563815771935e-07 1.2896167947062947e-07 0.0 3.4843243392237435e-07 0.0 2.92676196673253e-07 0.0 0.0 0.0 1.1542720936267286e-07 0.0 2.6379772986820453e-06 1.8126310261312144e-06 2.4614698181723425e-07 7.82251316185829e-07 2.2390735917322824e-07 0.0 0.0 0.0 0.0 0.0 0.0 0.0 1.2755836503719532e-07 0.0 2.3763060945740457e-07 0.0 1.49734618831087e-07 0.0 7.183002939413139e-08 0.0 3.5044105245071334e-07 7.743596023721112e-08 0.0 1.4948223636290727e-07 5.001556058940632e-07 0.0 1.7379005826087045e-07 0.0 1.3256949985172453e-06 3.244716551610218e-07 2.152328591431681e-06 1.4622898231245018e-06 3.7737265458440455e-07 0.0 0.0 0.0 0.0 0.0 0.0 0.0 0.0 0.0 0.0 0.0 0.0 3.729387238331537e-07 8.806670028148152e-08 0.0 0.0 0.0 0.0 7.174354661799498e-07 0.0 0.0 1.2339908922840247e-07 1.6735355353343535e-06 0.0 0.0 0.0 0.0 0.0 0.0 0.0 0.0 1.3774235044376254e-07 2.2326870897176464e-06 2.527715945144834e-07 0.0 0.0 0.0 5.612434108461134e-07 0.0 2.0633457008772847e-06 0.0 0.0 1.6305298545588414e-07 0.0 0.0 0.0 0.0 0.0 0.0 0.0 0.0 0.0 0.0 5.061927887140929e-07 1.6142884776961016e-06 1.7486773935824247e-06
1.4559692870005138e-05 0.0013250393299224302 0.0008475914796649468 1.1632415177180492e-05 0.004826608335524824 6.40611363386912e-06 0.0012591373407542263 0.0005173524337196831 0.0 0.00028091148589035503 0.0011945190459876302 9.91128651365615e-05 0.0010771923591998767 0.0013615935571080885 2.967786469007565e-05 3.951173327369387e-06 8.057652819490169e-07 0.0 0.0 0.0 0.0 0.0 0.0 0.0 0.0 1.0697131966286517e-07 0.0 0.0 5.945546496819785e-07 0.0 5.441766321622748e-05 7.08455880471196e-06 5.158619256637759e-05 8.633989381036979e-08 0.0 5.330716754346282e-07 9.295557454510783e-06 2.3387005391271465e-06 6.894664909279439e-07 3.3910012925686137e-07 2.2731649083285306e-07 0.0 0.0 4.1679148017876375e-07 2.4430594270112823e-07 4.959448561582937e-07 4.73444092891662e-05 5.838439505000597e-07 4.988580512277236e-07 0.0 6.875577430655922e-07 0.0 0.0 0.0 1.461575915516382e-06 1.2498298366267645e-06 4.941029416352663e-06 2.5310953134996818e-05 1.988541691340401e-06 1.957174861261567e-05 3.6287156015386937e-07 1.5408519333528483e-06 1.7993128186713117e-07 3.58987499760184e-05 5.642308457279722e-07 1.120157141043604e-06 2.1157417019224624e-07 7.996520819752328e-07 0.0 0.0 6.752723040835983e-06 0.0 0.0 3.399490638729307e-05 4.037552683462673e-05 7.392748683246098e-05 2.7831242387790057e-05 1.0122104482944433e-06 7.281524417642203e-08 1.3699213435206204e-05 1.622464491844902e-07 5.10088954340797e-07 1.297787540497078e-06 3.5656272530239674e-07 1.7008083657804983e-06 4.81434105724141e-07 3.9592267049667483e-07 1.141285723750488e-07 1.5465573210331887e-07 0.0 2.0700702372954866e-07 0.0 7.293176349040481e-08 3.3201730735498024e-07 0.0 1.616666425099071e-05 2.7762694099779257e-06 0.0 7.136883266442426e-07 5.013831237622958e-06 0.0 2.273133181459501e-07 4.0249102901460695e-07 7.821119514039466e-07 1.3674197785799098e-07 1.031476795365631e-05 9.798108794484808e-07 1.963779220225953e-06 6.409082218321939e-06 6.12915042905186e-06 1.0116311252158654e-06 1.2733679158715137e-05 1.3204864074480811e-05 8.035134939471584e-06 1.112410346866597e-06 0.0 0.0 0.0 0.0 0.0 0.0 0.0 0.0 0.0 0.0 0.0 0.0 7.466193364629324e-08 0.0 0.0 0.0 0.0 0.0 0.0 3.14285027617201e-07 3.61748105354953e-07 0.0 0.0 0.0 1.4400228135075985e-06 8.4841866714639e-07 4.729665492375448e-07 0.0 8.924486005473892e-08 0.0 0.0 0.0 0.0 0.0 0.0 0.0 0.0 0.0 0.0 0.0 0.0 0.0 0.0 0.0 0.0 0.0 7.681236703479508e-07 0.0 0.0 0.0 0.0 3.952390307460485e-07 5.131421031022201e-07 0.0 0.0 0.0 0.0 0.0 0.0 0.0 0.0 2.8853749186601303e-06 0.0 0.0 0.0 0.0 5.288557740617637e-07 0.0 8.3792000213182e-07 2.4067294031147807e-07 0.0 5.135474854782696e-07 0.0 0.0 0.0 1.3439545862459836e-06 0.0 0.0 0.0 0.0 0.0 0.0 6.176773159790084e-06 1.7628693102048208e-06 6.79713587722439e-07
0.0011559696263153084 0.0008376691224349115 0.00016195489288262774 0.0016457569967619043 0.0006108523904947575 0.0011546395195789318 0.0020090962337046205 5.684233233338193e-06 0.00028091148589035503 0.0 2.7554191101120023e-05 0.0015612098735253415 0.005646581632044307 9.71775501649907e-05 1.7845335613040373e-05 2.0762198754191847e-06 6.454026872373324e-07 0.0 0.0 0.0 1.0767115709428509e-07 0.0 0.0 5.663081120754362e-08 4.1617036039881285e-07 0.0 0.0 8.6200847358277e-08 2.2134919731812766e-07 0.0 0.00010660571159659164 2.003648339224177e-06 7.601733504283206e-06 2.2998211551942262e-07 0.0 1.405750505203983e-07 1.694129720845864e-05 1.887390549080003e-06 3.2595150085082025e-06 2.637716554751393e-07 0.0 6.009117486350495e-07 0.0 8.122852012839664e-08 0.0 3.082738470354842e-07 4.30998847945542e-05 1.4286100857242083e-06 7.800157921834702e-08 0.0 6.866564081828585e-07 2.168153110129456e-07 0.0 0.0 2.035925250296714e-06 5.080101356050592e-06 0.00010730265062466631 0.00025632781911726386 1.0043493960060584e-05 4.133534512305546e-05 2.416624419349352e-07 1.2592693972093836e-06 5.726488594883153e-07 8.209112180423679e-05 2.5756618124524703e-06 3.8091785100709293e-06 6.781619369125525e-07 1.7205116268544944e-06 6.827520880080445e-08 0.0 0.00012191098724698784 1.750634209243005e-06 4.1355414580108405e-07 0.00014141265360930814 7.856528140848795e-05 8.09975907854498e-05 1.2824723616652876e-05 2.3127765409709478e-07 0.0 7.342958247075538e-07 2.2543621226468367e-07 2.230782809083342e-06 2.573333378595524e-06 1.3679021012661035e-07 3.6076620809961953e-06 1.8132937993641332e-06 1.2211418551845091e-06 1.505818270385975e-07 6.691095184090397e-07 2.5536834855107533e-07 1.2610174415829572e-06 4.3231576613548757e-07 2.429222373827328e-07 2.2434703627860953e-07 3.0845467427246064e-07 0.00029788008622895024 6.518188622571952e-05 1.0785955527475727e-07 9.872834261451603e-06 0.0005019373518424609 6.069648744720412e-07 3.2828891107728376e-06 6.021395471640465e-06 8.003015861614222e-06 1.2239283284701997e-06 3.335428559179449e-05 4.879732320174951e-06 6.7358645445376485e-06 4.960700378625108e-05 3.8992862247728867e-05 2.0726886165357846e-06 6.627190952611105e-05 6.642933327898325e-05 3.2185808498191015e-05 5.418242299290957e-06 8.253454767263575e-08 0.0 0.0 0.0 0.0 0.0 0.0 0.0 0.0 0.0 1.0530794040232924e-07 0.0 0.0 1.026719469136739e-07 0.0 0.0 0.0 0.0 1.7378189840726402e-07 1.9573300390757473e-06 1.5224152746786506e-06 0.0 0.0 0.0 4.154471846188691e-06 0.0 3.4602021088986075e-06 8.722752777895956e-07 0.0 0.0 0.0 0.0 0.0 0.0 0.0 0.0 0.0 1.5822636307619545e-07 0.0 0.0 0.0 0.0 0.0 6.606073700853082e-08 0.0 0.0 6.552012813786365e-08 8.671825051783276e-07 1.5704196403906208e-06 0.0 0.0 3.6410220508173505e-06 0.0 0.0 0.0 0.0 7.963367727155932e-08 0.0 0.0 0.0 0.0 1.766780682445574e-05 1.103185255674218e-07 0.0 0.0 0.0 1.5857137632984785e-06 0.0 1.1549478441040697e-06 2.3555466417856735e-07 0.0 0.0 8.630773189062821e-08 0.0 0.0 0.0 0.0 0.0 0.0 0.0 0.0 0.0 2.1087665996380806e-05 7.196642437129678e-06 2.0476566208939875e-06
7.952391758985404e-05 0.0007820443753746958 0.000771862994001306 0.0001464500084846144 0.0014346535936457412 6.9193066697376746e-06 0.00013528033411700744 0.0014120248258536507 0.0011945190459876302 2.7554191101120023e-05 0.0 0.00017452745945634144 0.0008045825092428618 0.0021517042158436138 5.315822261064626e-05 3.53032858209891e-05 1.0687840360084604e-05 6.8793713752816924e-06 4.6781043430364484e-07 1.5215285086892873e-06 1.2788554901071753e-05 2.6712252005007755e-06 1.1670641534077557e-05 8.860391862155978e-06 3.258841882129427e-05 2.119494921557151e-06 1.5120747967558722e-05 1.8325119629772694e-06 4.387596831720733e-06 4.257303265715956e-06 0.00028996767063849637 0.0001695171647884039 0.0013032614513284549 3.71661938593936e-06 9.291232572934449e-06 3.9955389427168063e-05 0.0007468940990061642 0.00022665724345782227 3.4311025196107174e-05 1.1679880944804971e-05 1.027004289941028e-05 1.5487351848996591e-06 4.927062532364024e-06 1.3919889969845944e-06 4.089126406828362e-06 5.209685073152064e-06 5.4669383335613965e-05 7.799594425052164e-07 1.904535966628687e-06 7.84657102589997e-06 1.5119264672765654e-06 5.547545371544432e-06 6.289183860150116e-06 5.036008075021463e-06 2.8166506314141585e-07 1.3174049427213242e-06 9.51450166496306e-06 4.9935681044816274e-05 2.2811623447708674e-06 1.5190985021630785e-05 4.132919810584702e-06 0.0004609743166676272 1.1280376926232502e-05 7.312217334537132e-05 5.250935669160156e-07 2.178078431359996e-06 1.627532307400667e-06 7.446614554586569e-06 1.4131329115152441e-05 1.807448466480594e-05 0.00037975867843857534 3.8132027716049634e-06 9.184652698108346e-08 3.816524070770144e-05 4.6314763801575004e-05 9.314047550145653e-05 5.368773780486716e-05 8.242504508998499e-06 6.267906113409327e-05 0.00043943358416394777 6.637408440636377e-07 0.00015049183414067571 7.461102846854061e-07 7.624958224988577e-08 9.394719322083051e-07 1.6281884646794583e-06 1.4691012529642682e-06 1.2580415567669643e-07 3.9182181881526466e-07 1.385429286425946e-07 9.820675829928395e-07 1.025058302268241e-06 1.569240361688153e-05 7.111879098129734e-07 8.00479473092242e-06 6.1249507041378035e-06 4.383525414933867e-06 9.352035806971095e-08 2.8327066925898883e-06 1.2605232552760557e-05 3.334261341992709e-07 4.1684353240485816e-07 1.676812777656655e-06 7.17698279254235e-07 6.828630259397165e-08 4.684283193223838e-06 0.0 7.567164708919063e-07 5.605110178271121e-06 3.6094769056541283e-06 4.958480096253075e-07 9.033155179513506e-06 1.0184902249416226e-05 6.736124943611029e-06 4.249135055952497e-06 1.629303701264307e-07 3.71219307918657e-07 3.3646130263307867e-07 1.6665160822825869e-07 0.0 0.0 0.0 0.0 0.0 0.0 7.01001298185642e-07 9.279347321716892e-08 9.476659319902176e-07 0.0 5.411983060220703e-07 1.4717571420647735e-07 1.5359621596484017e-06 9.033320732226074e-07 7.364272018137514e-07 1.3170525516442488e-06 9.824831413111631e-07 6.027201907807015e-07 1.1425753520050668e-06 2.8965444584007635e-07 2.1598631233049895e-06 2.3158191424053422e-06 5.19629231285544e-06 6.577376249099585e-06 1.2914588736997132e-06 2.3591660514933085e-07 0.0 0.0 0.0 0.0 0.0 0.0 0.0 5.956990452755535e-07 0.0 0.0 1.6014775924218687e-07 2.789509966191154e-06 1.0094840332290551e-07 0.0 0.0 0.0 7.780386989152942e-08 1.4508830905521492e-06 1.1223206959860329e-07 1.2669009931410347e-07 9.555673071130494e-07 5.218478052877062e-06 1.7029214230073052e-06 0.0 9.937486733998471e-08 0.0 0.0 0.0 0.0 0.0 1.6193474596002053e-07 1.7309698374583034e-05 1.8354290522811253e-06 5.833666839520243e-07 3.274049898951399e-07 4.184877588230538e-07 5.526595615902347e-06 0.0 9.163094492211937e-06 5.823618759711845e-07 7.516888763050567e-07 0.0 3.521402756455571e-07 4.893468558314543e-07 0.0 0.0 0.0 0.0 0.0 3.2656049279633746e-07 0.0 0.0 5.7864592214386375e-06 6.06180221251483e-06 7.958908340632505e-06
0.00016074610489724957 0.0002219736305451089 0.00014319538171652212 0.0013032283135581324 0.00014126711363272542 6.494805704163794e-05 0.0006439357135415169 0.00013666976101545857 9.91128651365615e-05 0.0015612098735253415 0.00017452745945634144 0.0 0.0016261676835816002 0.0002155413832663896 4.521589749593204e-05 1.859886908314419e-05 4.337182995998379e-06 4.0532640836697177e-07 2.2837194508321658e-07 1.8387619439561435e-07 1.7911023294062986e-06 2.0463268141144654e-06 5.891346764909841e-07 5.524542298566053e-07 8.233528707169845e-06 1.0165785431397104e-07 1.334848614060869e-06 3.345141641981024e-07 4.320418348627512e-06 4.280236035560305e-07 6.0758705980790785e-05 1.927652306121149e-05 0.00010608142902256402 1.6763581549676521e-06 1.0772191053483798e-06 7.674910747790856e-06 0.0004170618241188242 2.5927661516640075e-05 3.320690996648015e-05 2.5893341140538232e-06 2.466148204980012e-06 7.859168731019615e-07 7.626069726503897e-08 1.1677828322488719e-06 1.773758703814126e-06 1.9742828777127227e-06 5.730804075119697e-05 8.515347390962221e-07 2.0398772085245396e-06 1.7788030425479082e-06 2.743113797270694e-07 2.288128318417983e-06 4.669984927924237e-06 1.1423032755339041e-06 4.561640471491991e-07 2.079786840293985e-06 1.1101380552429908e-05 4.2410821367500336e-05 2.263343558912767e-06 2.0009953400276117e-05 1.364356109018941e-06 1.2882095993021759e-05 1.760217113729876e-06 4.92493939522443e-05 6.494533383109243e-07 1.1225308679241126e-06 9.26227635620049e-08 1.5041266499676057e-06 1.0880146447247207e-06 1.8297675463622796e-06 0.0004261745523974503 2.5542366577971155e-06 0.0 4.500656891957449e-05 4.655004900489218e-05 8.932298838226848e-05 3.557034455517704e-05 3.1584913891615126e-06 1.4930703719661081e-06 2.4435500952434603e-06 6.432719786236928e-08 8.240673560936724e-07 6.554661954295329e-07 0.0 1.5578432580613855e-06 4.6977928813576755e-07 6.563625166180806e-07 0.0 1.6128758149778466e-07 7.282214662735963e-08 9.355927866143515e-07 3.190015503336636e-07 1.2793636680694287e-06 7.408016791713002e-07 2.2862501779649e-06 0.000449427447984395 2.645476941610415e-05 2.1810645663952138e-07 1.1591832394626993e-05 3.224417435000023e-05 1.143356480253755e-06 6.174369239329033e-06 1.4146275908426878e-05 4.3950002859976815e-06 9.449334861669654e-06 4.1668042605671854e-05 4.628901550554617e-06 1.1668915003492258e-05 5.336962486683564e-05 4.278410055565445e-05 2.3571052693234482e-06 0.00011989330750893762 0.00011643054178413354 7.161646181096378e-05 1.5815610376556563e-05 6.273972964565746e-07 0.0 2.0505864911388954e-07 3.459969139242097e-07 0.0 0.0 7.517476824281867e-08 8.137890760979322e-07 0.0 0.0 4.083838227475754e-07 0.0 7.630108800984142e-08 0.0 7.653941091231422e-07 3.075126250096384e-07 1.9659501285865214e-06 1.2396418827088207e-07 6.035271780192972e-07 4.709185326227972e-06 2.442543265868456e-06 0.0 1.871479126349669e-06 9.926941741388525e-07 1.5326221792995193e-05 2.716753597109317e-06 1.4705380466722237e-05 1.0554806229255295e-05 2.7236739222646054e-06 0.0 1.6261555788101595e-07 0.0 2.987298000049291e-07 0.0 0.0 0.0 1.0381723383065969e-07 8.1454849425497e-07 8.18817328566347e-08 0.0 1.155048393873608e-07 1.6690280226522385e-06 5.750894727631134e-07 5.7547282671772324e-08 7.490768424385646e-08 0.0 1.586606699580264e-06 2.1477220622685145e-06 1.934071952102928e-07 6.746202792560251e-07 1.4581805038706889e-06 2.0978092245800104e-05 1.23350533324497e-06 1.758054678247207e-07 0.0 0.0 0.0 0.0 0.0 0.0 1.938881809113698e-07 7.99058230749498e-05 1.3439045978580251e-06 0.0 0.0 1.1680674456082474e-07 1.7643207815688242e-05 0.0 1.3325249456008722e-05 1.0234911594085945e-06 3.2105189234752407e-06 9.372140402327317e-07 8.316059625882879e-08 3.9114221124197314e-07 9.195556554501093e-08 0.0 0.0 0.0 0.0 0.0 0.0 0.0 5.0667264498107655e-05 1.1438098386429428e-05 1.3374865790720207e-05
0.00014921202594627708 0.00048095110901706217 0.0003733657843935973 0.0007048433733418308 0.000960048423220519 5.8243975912111015e-05 0.0022179497969335702 0.00048222977008353647 0.0010771923591998767 0.005646581632044307 0.0008045825092428618 0.0016261676835816002 0.0 0.004085501012000744 8.589016928836718e-05 2.9502568608274732e-05 4.133983323884239e-06 6.771377055090513e-07 8.343348447095457e-08 1.803400544554398e-07 7.497637344585408e-07 1.1245569733688937e-06 3.3873644277775157e-07 5.665004840727818e-07 3.376657272667254e-06 3.6679528783485535e-07 3.864050130056767e-07 5.84566394652037e-08 1.435784262970205e-06 2.2808826549122374e-07 0.0001281420458542892 3.604802332967888e-05 0.0003585892453929501 1.138722102539496e-06 5.03984402326297e-07 4.1977981487282776e-06 0.0010061149776717632 1.7450677040749155e-05 1.3908714551615195e-05 1.5346456272211058e-06 1.7277687449271687e-06 6.577377278365905e-07 7.175778285673507e-07 1.1419418014468318e-06 7.302928382144563e-07 1.3178968683561703e-06 0.0001275083025632837 5.476487286584559e-07 2.2791435184672755e-06 2.755800300485143e-07 4.2914850144999305e-07 4.826235768159218e-07 1.0701918054673002e-06 9.73932834995763e-07 1.373079761821262e-06 4.171806123496043e-06 1.5193037251340293e-05 6.773539398788092e-05 3.967053495419879e-06 4.345814539545533e-05 1.3464238598128378e-06 1.4353545193459076e-05 7.463280859274436e-07 8.977219740100984e-05 1.8896699336218698e-06 2.975148322886511e-06 4.66707092641934e-07 1.3617810491575092e-06 1.5895134484714542e-06 7.00001328817604e-07 0.00041685945492138165 3.61325246673455e-07 0.0 8.17698346778469e-05 9.630752856661247e-05 0.00019411667541872752 7.686929168031491e-05 4.157913601346253e-06 3.6618832789449505e-06 1.0235910863128447e-05 1.6474229267778217e-07 4.190613349878302e-06 1.65432940989276e-06 1.8678977146079186e-07 2.250564294397633e-06 1.3883722665526887e-06 1.0307960746991756e-06 6.361207529555254e-08 9.105924860086046e-07 2.196239984124533e-07 1.2837269349128868e-06 2.873201971589731e-07 6.063030827559737e-07 2.5050495377519253e-07 7.491489812743819e-07 0.0004985573712598453 2.0460006051320338e-05 9.223087836903408e-08 9.560720566634692e-06 3.506724870148692e-05 1.9529440753182907e-06 4.912482884752412e-06 1.1795504425704912e-05 6.5234465351281646e-06 1.0860995016168966e-05 5.48118718558886e-05 9.5670942452643e-06 1.2176206671945513e-05 6.715837727229467e-05 6.284678517416068e-05 5.18626590069472e-06 0.00016165924822352805 0.00016417614652659818 8.830564313652501e-05 2.000452164357741e-05 2.2935609876620855e-07 0.0 9.281034151271922e-07 0.0 0.0 0.0 1.76050411986817e-07 0.0 0.0 0.0 6.600125920954459e-07 0.0 0.0 0.0 2.1000732974589987e-07 0.0 4.88947489888428e-07 1.2778060167430083e-07 1.6607713437347564e-07 5.1828641755081996e-06 4.808446671859493e-06 0.0 3.294682550373584e-07 3.667661712701009e-07 1.5961864064443983e-05 9.725194825629637e-07 1.1671317348220851e-05 7.48896378628098e-06 1.184928960734086e-06 0.0 1.8286647883051838e-07 0.0 0.0 1.3163181913471482e-07 5.634980983018052e-07 0.0 1.7777553131004385e-07 1.0853499485000376e-06 0.0 0.0 0.0 2.456606147510642e-06 1.0584620424354644e-07 0.0 1.5994630954034154e-07 0.0 4.455393023159659e-07 5.515133329476214e-06 2.087572147070036e-06 0.0 7.016835107577116e-07 1.780680577113291e-05 2.7094677709951183e-06 0.0 0.0 0.0 9.265301550300892e-08 8.030462521347472e-07 0.0 0.0 0.0 7.084588651843581e-05 1.221873456623433e-07 0.0 0.0 0.0 1.3086340386366857e-05 2.1762448411609664e-07 1.6698453152872226e-05 1.224130340554673e-06 2.8310817622624383e-06 1.1989715435466898e-06 0.0 0.0 0.0 0.0 0.0 0.0 0.0 0.0 0.0 0.0 6.291682928324176e-05 2.8182266827329666e-05 1.4311373027404626e-05
