0.0 0.0013297179514255872 0.00044150801585598825 0.0005540860054115907 1.9214404117890934e-05 9.01881442013026e-05 0.00032148304580586486 4.7042034725127106e-05 7.080710718487177e-07 0.0004352113746025891 6.993006611142658e-05 3.5800629565158235e-05 0.00010468744736757192 0.00010259425817177037 1.0648508799758857e-06 3.9984385183420046e-07 1.408427125625726e-07 0.0 0.0 2.0729515606897253e-07 2.591319446114238e-07 7.210743043994511e-07 0.0 0.0 8.007758420779601e-07 9.704152811008872e-07 1.3429375857334323e-07 5.652329464623622e-07 4.626832374204538e-07 0.0 0.0003294030362882003 4.61697862449667e-06 4.532055866593134e-06 0.0 0.0 2.3736385843265617e-07 2.654391007604712e-06 9.92424754357713e-07 3.166135577753019e-07 4.6055366930591405e-07 2.2229735820507786e-06 6.680771986320713e-07 2.0106321799379067e-07 0.0 0.0 7.813320786307617e-08 2.7033721402192547e-05 1.585599903872091e-06 2.849555872113742e-07 4.7571461813665785e-07 6.239840528489854e-07 2.091731395306938e-06 4.209138091857622e-07 9.704861494802479e-07 6.409305798654144e-06 8.446483404580476e-06 0.00019975023231959857 8.753857764249077e-05 8.549094724128732e-05 2.5666050737766644e-05 7.236528326558567e-08 5.410375801687237e-07 9.030463948934231e-07 1.3903195951924221e-05 8.002788556476743e-06 5.113781079097273e-06 6.222419782796618e-07 2.676059148020388e-07 8.767920095947417e-07 7.507470787752434e-07 3.6696425851319345e-06 7.309551539239827e-07 2.210164408394684e-07 5.547564629814937e-05 1.5117196445975217e-05 5.854283888703557e-06 1.275852468487165e-06 4.094035015798997e-07 6.388879608478919e-07 3.0674987567727e-05 8.825514902191128e-08 5.81493832391967e-07 2.333670312740829e-05 7.142595796919541e-08 7.738771435085185e-06 6.214324585795233e-06 9.175662307764024e-07 1.2693062211439468e-06 1.3651019191699554e-06 1.027614006869611e-06 2.760324043221355e-07 1.263592076840261e-06 2.4362321416479917e-06 8.62980790792261e-07 1.9998903263033195e-06 7.008022033910268e-06 1.1571598842347796e-07 0.0 0.0 0.0006137294328604968 3.9014953691900635e-06 1.1972601019544186e-05 1.2946178082525535e-05 6.321695631940141e-06 0.0 1.1664564851569325e-05 7.680836182331583e-06 8.579261622466042e-06 1.7458873176775223e-05 6.339160417813719e-06 2.3787315962577018e-06 2.9355251961548924e-05 1.0906204163408571e-05 1.9142502667024613e-05 5.238961627264423e-06 0.0 7.002070834115184e-08 0.0 0.0 0.0 0.0 0.0 0.0 0.0 0.0 1.984927143709814e-07 0.0 3.96798145992795e-07 0.0 0.0 1.3792207473385506e-07 2.835563655889715e-07 1.992796240464838e-07 0.0 2.5784590558536946e-06 2.763636825451815e-07 0.0 0.0 2.8716042677026433e-07 6.778367113126235e-07 8.259096806932775e-08 7.268046838139817e-07 7.576107470763661e-07 8.825739820662475e-08 1.221749511980608e-07 0.0 0.0 0.0 0.0 0.0 0.0 3.78471674582437e-07 0.0 0.0 9.493434128953635e-08 3.5095413857129326e-07 1.0233028010613716e-07 7.844181983186811e-07 0.0 0.0 1.3485735089204425e-07 2.46638905303335e-07 1.522526121788234e-07 5.10122143628338e-06 0.0 0.0 2.16940222892864e-06 5.850649325337199e-08 9.23282891117225e-08 0.0 0.0 0.0 0.0 0.0 0.0 0.0 3.894107321580847e-06 0.0 1.1532674604184258e-07 3.5750324028239996e-07 9.603467866703275e-08 1.450644155914056e-06 9.89126039062156e-07 8.023166384415405e-07 0.0 0.0 1.3789992121747212e-07 0.0 0.0 0.0 6.962021527072749e-08 0.0 0.0 0.0 0.0 0.0 0.0 3.8803584175845065e-06 5.028210632239818e-07 1.0891513241765495e-06
0.0013297179514255872 0.0 0.00040855480858251246 0.0007063107645208368 0.00047711024373204333 0.00010244169062131421 0.0009497749823362594 0.00023595080500569252 0.00026007373386107617 0.001577956784549367 0.0017948617559225648 4.501730675210303e-05 0.00021637137667404648 0.002144447342225269 9.321055750011149e-06 1.492614376301862e-06 5.9599725685089287e-08 5.475428466040278e-07 0.0 2.420171976393174e-07 4.677914027570786e-07 5.1011807698801074e-06 2.4128752304346123e-07 2.574577506273604e-07 3.032988140948029e-06 1.6117064862846363e-06 3.364457344555336e-07 8.489907951616161e-07 0.0 0.0 0.0005592876314541782 1.5028476806953425e-05 1.989442519260416e-05 0.0 8.642563263163123e-07 1.0705088899661731e-06 1.2100251506092214e-05 2.935324804756936e-06 1.0340194943245879e-06 2.1960364214696926e-06 5.9515250786561365e-06 4.3951950258262696e-06 2.901877722118799e-07 9.17429673813833e-08 3.000534206787083e-07 8.021152077486989e-07 0.00010095627106287556 2.842366415125146e-06 8.168437365226202e-07 1.7863946587972684e-07 6.948808519925713e-07 5.856297247352829e-06 1.6454511379664488e-06 1.6694145999735117e-06 6.780035998653161e-06 1.0678656881188124e-05 6.28585839503057e-05 5.3256132410118704e-05 5.759185116762759e-05 3.876775415824659e-05 5.3692289687482e-07 1.6831206646254168e-06 0.0 4.0886084116530806e-05 1.143128626071609e-05 6.257191606639635e-06 1.5600740733421301e-06 8.609482140032662e-07 8.898717430170621e-07 2.240205624958735e-06 1.0825434629913262e-05 2.039355369494664e-06 5.914850206284465e-07 4.305827293759751e-05 2.6123809394787484e-05 2.579284699635009e-05 1.0888744109400294e-05 1.5976925740055232e-06 1.6703964882314705e-06 8.31847779845144e-05 4.7426054404553414e-07 2.781858757425217e-06 2.3662808521057137e-05 2.944567343284151e-07 8.575038916358012e-06 8.609344229747085e-06 1.2798880252722414e-06 3.3368957350072973e-06 3.2752267927424043e-06 4.805153146812126e-06 1.7343517601141182e-06 4.088224966640349e-06 5.939998235730453e-06 2.7788124511658583e-06 6.3078259486307775e-06 3.5461721835946645e-05 1.5275261928324019e-06 1.970565813401248e-07 2.0684740629345686e-07 0.0005741062973490736 3.1277066319834037e-06 4.999832497162476e-06 4.207727929285851e-06 3.373882400609868e-06 2.987204261095837e-07 1.0173198362974337e-05 2.3799217294757486e-06 1.1236482271223015e-05 2.8774132656533517e-05 5.125470039635532e-06 2.683388268896201e-06 2.8191768108509365e-05 1.3589851479295005e-05 2.5872835266957788e-05 1.4883374043239176e-05 1.8396215197361697e-07 5.65982744590093e-07 0.0 0.0 0.0 0.0 0.0 2.5487341833074113e-07 7.771894806672575e-08 1.8851492117312363e-07 8.882796013880425e-07 4.205302564790163e-07 1.0966087629463527e-06 2.2492981733629835e-07 2.8901866315263724e-07 1.0270981001259677e-06 3.4422887613881764e-07 4.904273787914757e-07 2.4436972571901966e-07 4.6074477376300605e-07 1.3003321374468479e-06 0.0 8.326225440184984e-08 1.0075794750434985e-07 4.039119684271369e-06 0.0 2.314002476172644e-06 1.0136463934859978e-06 7.966957733555783e-08 1.7485568912156468e-07 0.0 0.0 0.0 0.0 0.0 1.244260420002317e-07 1.0046664949262943e-07 5.6694288914074795e-08 0.0 0.0 0.0 9.336698024370569e-07 1.8535469180194092e-06 9.856605028800566e-08 0.0 0.0 6.138680682174634e-07 2.619097449151729e-07 2.3547184139258513e-06 0.0 0.0 4.590417940267883e-06 0.0 0.0 0.0 0.0 0.0 0.0 0.0 0.0 2.087050136665455e-07 1.4325869738617795e-05 7.848458960406496e-07 0.0 2.242499774305546e-07 2.4184964767383234e-07 3.2419971519425266e-06 6.219191487949568e-07 1.3114530215926446e-06 0.0 1.795433808125461e-07 0.0 3.564651224066054e-07 0.0 0.0 1.5946986470647455e-07 0.0 0.0 1.551648727475278e-07 8.285374146305112e-08 2.6419814740443314e-07 0.0 1.1991099043706387e-05 3.2322999969551096e-06 3.576474115929643e-06
0.00044150801585598825 0.00040855480858251246 0.0 3.1088135938028654e-05 0.00011292444526756417 7.79034757075764e-06 8.675081153272617e-05 0.0016832509643227573 9.101448463422506e-05 3.5558556957519235e-05 0.0034078201830259384 1.2144418641474977e-05 8.544205282951562e-05 0.0016440669054637424 6.294777417881134e-06 2.476240767991488e-06 4.685480580390522e-07 3.0937005840569826e-07 1.6516876506546073e-07 1.6073323843131917e-06 4.276669996304591e-06 2.3864384467391595e-06 1.1627803776334373e-06 2.4216371391555433e-07 3.609454821540051e-06 1.9271648399180554e-06 8.790640149556138e-08 2.275469801053787e-06 4.6030037870367316e-07 0.0 0.002227583644255968 0.00037257894563198356 1.6713980601913272e-05 7.777220609221558e-07 3.6617304679540453e-07 3.1674156021160533e-06 8.65661902838575e-06 4.466445871422903e-06 1.7832263771542032e-06 3.508892519749217e-06 9.310662091137176e-06 3.3171544358729756e-06 9.489755758902805e-07 9.479348180815809e-07 4.698431166770251e-07 2.3318356136952643e-06 4.3335547944995486e-05 2.825533226051297e-06 5.065370785274299e-07 1.1632670402105843e-06 1.652859571194742e-06 1.0219896822325848e-05 9.806983630018182e-07 1.7548721396644412e-06 5.333920347428947e-06 7.766542862116525e-06 0.00012156426266217523 0.00022048083304851993 6.163130827725819e-05 3.1726014972749814e-05 4.299806187207078e-06 4.487838343754528e-06 3.822862947155486e-06 0.00010046357497625675 7.82149891723009e-06 5.346547122688269e-06 3.708183923424115e-06 2.305702889275648e-06 8.988472961709603e-06 8.645988599933698e-06 6.2516471280599355e-06 9.160231232802241e-07 5.626664265650201e-07 5.70529691927456e-05 3.873521096671517e-05 1.8912406429514563e-05 8.225804222317476e-06 1.8599732866765354e-06 8.654791265597114e-06 0.00031013951465085066 8.561374747536614e-07 7.64410986939004e-06 1.93678184673308e-05 1.4779201190034892e-07 6.956062088209087e-06 8.612587149059995e-06 1.7730365458796642e-06 3.9717465951382326e-06 3.885275840620899e-06 4.2464860136939e-06 3.9582907284595875e-06 4.5711431563527244e-06 2.6632090911434276e-05 4.85283427115276e-06 9.62864976258095e-06 1.2825204805912843e-05 6.072081846287765e-07 0.0 5.277626537289631e-07 0.0005257806497820061 4.025975687067172e-07 8.49509422846936e-07 1.1499936195809285e-06 7.332520099168053e-07 0.0 4.922583295135327e-07 2.2508957139883594e-07 1.7391477319412086e-06 1.0607320938259686e-06 7.83342945069006e-07 1.0072621493900304e-06 8.153123314582624e-06 6.229012924688067e-06 9.783229804415991e-06 8.715530308174435e-06 1.5371606422654883e-07 2.7151392565906503e-07 0.0 0.0 1.417216434372297e-07 0.0 0.0 1.9025505153193212e-07 0.0 0.0 1.7689067044150539e-06 1.0072184618361054e-07 6.877751056562214e-07 9.207515099658082e-08 2.53483612786715e-07 5.155625135471365e-07 3.475013588880879e-07 8.647980272058327e-07 1.960151706960316e-07 8.974836464531493e-07 0.0 1.126057471825513e-07 5.412978470557538e-07 1.0021262504622358e-07 2.093052848508741e-06 0.0 2.5281914834579406e-06 1.2039304652189994e-06 5.467748119722752e-07 5.907946638780788e-07 0.0 0.0 0.0 0.0 2.9441064986789905e-07 0.0 6.814278206209271e-08 7.772162612140575e-08 0.0 0.0 6.361256570456006e-07 1.099307127001854e-06 1.8403866475825934e-06 0.0 0.0 7.639701834273798e-08 5.6914628007219544e-08 0.0 4.094516779728082e-07 0.0 8.708997603591717e-08 3.7068688413239266e-06 0.0 0.0 0.0 0.0 0.0 0.0 0.0 0.0 2.677640677500347e-07 9.66616594440077e-06 1.959324035577104e-07 0.0 3.3791346090725894e-07 1.0367144560116879e-06 2.5476131553366396e-06 0.0 2.712576653705669e-06 8.522997652145955e-08 0.0 1.520086947679624e-07 0.0 0.0 8.614618572665303e-08 6.526073776514227e-08 0.0 0.0 7.380774927628158e-08 1.9803982768631099e-07 1.8650786691235992e-07 0.0 6.299654446131901e-06 2.7325232576581963e-06 3.575380802489155e-06
0.0005540860054115907 0.0007063107645208368 3.1088135938028654e-05 0.0 1.5597840209594015e-05 0.00037895538126387853 0.00041235812249770484 2.8341674649484093e-06 1.0818282217759332e-05 0.0014124041254967364 1.8868077233701894e-06 0.0005422920341797607 0.001011935508208608 4.112930484242679e-05 2.507380063217877e-07 9.653831496441086e-08 1.6990013001470185e-07 0.0 1.364303982771091e-07 0.0 0.0 0.0 0.0 0.0 0.0 0.0 0.0 0.0 0.0 0.0 2.3274664627893226e-05 3.3772685481959376e-07 0.0 0.0 0.0 0.0 2.2720194659293914e-07 0.0 0.0 0.0 0.0 3.6976881649067745e-07 0.0 0.0 0.0 0.0 1.5617859835806186e-05 4.644108495414611e-07 1.7333716540491317e-07 0.0 0.0 0.0 0.0 0.0 2.1762539412881398e-06 2.056076356654821e-06 2.6981957402413857e-05 7.82969311648064e-06 1.9593620391744064e-05 7.942386052927384e-06 0.0 0.0 0.0 3.0283866997725413e-06 2.4380279822154545e-06 1.2199525468207887e-06 2.7304693088492016e-07 1.1357959651124829e-07 0.0 3.249381811479007e-07 0.0 0.0 0.0 1.226421417921165e-05 3.5882638561448183e-06 1.8793588381736076e-06 7.963594439973707e-07 2.2248773167713791e-07 3.9161272687953004e-07 8.071191243269003e-07 8.964160938019843e-08 9.722909105430143e-08 7.276085314705514e-06 0.0 1.912205245536604e-06 1.6372466363062574e-06 2.1318843935768388e-07 0.0 2.3528727005465012e-07 0.0 0.0 0.0 4.7545150641218306e-07 1.2237219326089625e-07 8.958439812666143e-08 1.2717496791870002e-05 9.667093108850996e-08 0.0 0.0 0.0002037311720188525 3.0593108166410493e-06 7.240791294026008e-06 7.091683413763865e-06 5.439395659660741e-06 3.0847967670293444e-07 6.888467749825434e-06 2.9678034704192863e-06 3.6431062750129125e-06 9.548648668761252e-06 7.311134450634119e-06 1.131672618645255e-06 2.6407211862771572e-05 1.1541782630029082e-05 1.1974249076286402e-05 2.647463823661544e-06 0.0 0.0 0.0 0.0 0.0 0.0 0.0 0.0 0.0 0.0 2.899228830596549e-07 0.0 0.0 0.0 0.0 0.0 3.198370016265087e-07 0.0 0.0 7.505066399763333e-07 8.057970135244825e-08 0.0 0.0 0.0 0.0 0.0 1.0722808948939394e-07 0.0 0.0 0.0 0.0 0.0 0.0 0.0 0.0 0.0 0.0 0.0 0.0 0.0 0.0 0.0 0.0 0.0 0.0 0.0 8.007909573616696e-08 1.2673691727573887e-07 2.417905360498214e-06 0.0 0.0 0.0 0.0 0.0 0.0 0.0 0.0 0.0 0.0 0.0 0.0 2.5810954815555835e-06 0.0 0.0 6.978723629658713e-08 0.0 1.3756358900013154e-06 3.5326160194795545e-07 6.605545192099128e-07 8.805178841421984e-08 0.0 9.649078664167408e-08 0.0 6.797521780094208e-08 0.0 0.0 0.0 0.0 0.0 0.0 0.0 0.0 3.117193127779892e-06 0.0 0.0
1.9214404117890934e-05 0.00047711024373204333 0.00011292444526756417 1.5597840209594015e-05 0.0 7.052157709298368e-06 0.0024223338347565035 0.0001014215078492595 0.0011369829260175091 0.0003312109977835619 0.0009745072555775755 4.276499063031592e-05 0.0003101245543559816 0.0004261808276196641 1.4331818641575946e-05 1.505887787401074e-06 1.5247064013937065e-07 2.1908538233677634e-07 0.0 0.0 0.0 0.0 0.0 1.8182079946544093e-07 0.0 1.1596336062018053e-07 0.0 1.5191085999815004e-07 0.0 0.0 5.6100614145345054e-05 1.0024348395579629e-05 1.3578009035726167e-06 0.0 0.0 0.0 7.734795219607817e-07 9.223358509266587e-08 0.0 0.0 0.0 0.0 0.0 0.0 9.718616593587221e-08 4.7425514028395563e-07 8.160182099657637e-05 1.5762592113051997e-06 6.738367412043268e-07 1.592975256930298e-07 3.3674021563545007e-07 0.0 0.0 0.0 3.7107857869719225e-06 6.227419382083823e-06 2.2913828772527022e-05 1.2795171442434404e-05 2.2098576953668e-05 3.206113138185704e-05 0.0 3.385663439529944e-07 1.0395422959100889e-07 2.166182251299807e-05 6.175696163073735e-06 4.326109859195358e-06 9.553194585571743e-07 7.182451778911501e-07 8.31615423910841e-07 1.9204056586364477e-07 3.81351564999111e-06 0.0 0.0 1.971012672080278e-05 1.8668162048191104e-05 3.549347718381909e-05 1.518777581463045e-05 6.841919161466341e-07 6.422413046467428e-07 3.572150496718483e-06 3.2064718464552884e-07 9.98299057767794e-07 1.2326520727221026e-05 3.254183630233308e-07 7.021871841479293e-06 5.2893767452243345e-06 8.056891050756778e-07 6.148418222417233e-07 1.4925270011940113e-06 0.0 7.317645697422843e-07 1.3159575667470237e-07 6.538447723397826e-07 1.4588027160703872e-07 6.35177230175476e-07 2.0995543113439647e-05 9.971180022973721e-08 0.0 2.916229998505849e-07 1.513370457544053e-05 7.080768854193753e-07 4.2741264066547935e-06 4.1348377711290985e-06 1.948385978698046e-06 4.661708079883896e-07 7.796246033842501e-06 1.3659497093198197e-06 1.1363912919026195e-05 1.0902767847566857e-05 9.65827763903647e-06 2.0216616290068357e-06 4.596685367809318e-05 1.8582131080763573e-05 3.173288437361282e-05 2.1085578668475448e-05 3.8575499214582337e-07 0.0 3.5749834163433766e-07 0.0 0.0 0.0 0.0 1.1444473206864823e-07 0.0 0.0 0.0 0.0 0.0 0.0 0.0 0.0 1.077668359413665e-07 0.0 0.0 8.81879784547068e-07 1.271599374559392e-06 0.0 0.0 0.0 2.3884969653959087e-06 8.549867022680997e-07 2.5853080710976275e-06 4.2216926406493567e-07 3.627933036675016e-07 0.0 0.0 0.0 0.0 0.0 1.4738247920407422e-07 0.0 2.736370559588847e-07 7.295742879361477e-08 0.0 0.0 0.0 1.1636768016375081e-07 2.9046670923812013e-07 0.0 0.0 0.0 5.510522466532607e-07 5.5404572089796293e-08 2.4393740668490028e-06 0.0 0.0 7.43786724122774e-06 0.0 0.0 7.843831072249739e-08 0.0 0.0 1.612216555631512e-07 0.0 0.0 0.0 1.3684041102183306e-05 1.6417862820847877e-07 0.0 1.8421358413933616e-07 1.3514497015249603e-07 3.936843184459036e-06 0.0 2.249153196253404e-06 0.0 0.0 8.188719245422903e-08 1.717940626739568e-07 0.0 0.0 0.0 0.0 0.0 0.0 0.0 0.0 0.0 1.7760393799731247e-05 1.9912564543282893e-06 1.5249639425738384e-06
9.01881442013026e-05 0.00010244169062131421 7.79034757075764e-06 0.00037895538126387853 7.052157709298368e-06 0.0 4.067606150472693e-05 1.5856387023083974e-06 4.159044097432994e-06 0.0005308586928742345 3.875829484024695e-06 9.343032824524615e-05 0.00012614109949620375 3.858752509060109e-05 5.640323821736845e-07 2.0223608204785142e-07 0.0 0.0 0.0 0.0 0.0 2.909200152623134e-07 0.0 0.0 2.2911676521956478e-07 0.0 0.0 0.0 1.751810108172976e-07 0.0 6.6670718114830125e-06 0.0 1.5125136635075028e-05 0.0 0.0 0.0 4.6874135182967114e-05 2.7992330326749665e-06 8.375352390017716e-06 0.0 0.0 0.0 0.0 1.724884698628974e-07 0.0 0.0 1.4671210779414743e-07 1.0581183696409753e-07 0.0 0.0 0.0 4.053059826151014e-07 0.0 9.84320522495699e-08 0.0 3.910801370941883e-07 4.967032671749157e-05 7.4119723490306794e-06 5.400578958258708e-06 3.802725901111704e-07 0.0 3.1225499805144503e-06 0.0 4.599264708059527e-07 5.726706858050355e-08 2.861388537447347e-07 0.0 0.0 0.0 0.0 0.00014419836867579625 0.00013772978223071218 6.075192249546235e-06 3.3646352445826798e-06 2.543225396239372e-07 7.505707608015533e-08 0.0 0.0 0.0 4.346638711310132e-06 0.0 7.812147588688029e-07 2.6325174575359495e-07 2.1212770097376501e-07 7.149375278046236e-08 2.66929391490703e-07 0.0 2.413871076027371e-06 1.7378644005142093e-07 1.6206062338128141e-06 7.540887811371137e-08 0.0 2.938920841304633e-07 0.0 9.47134446654351e-08 0.00017077886275143443 0.00011350006048878551 3.3545269271931152e-06 2.87043632516971e-05 0.00011934171566754969 0.0 2.473583013156596e-07 7.85046778732979e-07 2.2330049744640108e-07 0.0 7.911949918602479e-07 0.0 1.2285156409556733e-06 1.4059396798197712e-06 8.534949876895791e-07 4.3058496035754105e-07 1.9690883754273914e-06 1.7392277495465217e-06 1.1935656359372232e-06 1.9764028480112367e-06 0.0 0.0 0.0 0.0 0.0 0.0 0.0 0.0 0.0 0.0 1.0605123217942242e-07 1.2752035786973403e-07 0.0 0.0 8.24599244684393e-08 0.0 2.006554103078258e-07 1.0827266424079591e-07 0.0 1.3025027722432947e-07 7.409553531949814e-08 0.0 2.711166109916149e-07 0.0 9.622620246364754e-08 1.8159062018917496e-07 7.836769537641722e-07 1.090184919856808e-06 4.7302070003314285e-07 1.60866322500204e-07 0.0 0.0 0.0 0.0 0.0 0.0 0.0 0.0 0.0 0.0 0.0 3.303192030876845e-07 0.0 0.0 0.0 0.0 0.0 6.980589690535367e-08 1.0480780472019957e-07 0.0 9.077621823324348e-08 8.740055508828899e-07 0.0 0.0 0.0 0.0 0.0 0.0 0.0 0.0 0.0 8.115546023557791e-07 4.0483578864467e-06 6.922923548920551e-07 0.0 0.0 0.0 0.0 4.2339626103921803e-07 0.0 0.0 0.0 0.0 0.0 0.0 0.0 0.0 0.0 0.0 0.0 0.0 0.0 7.993990360591421e-08 2.8751727803289316e-06 2.4679324988602798e-06
0.00032148304580586486 0.0009497749823362594 8.675081153272617e-05 0.00041235812249770484 0.0024223338347565035 4.067606150472693e-05 0.0 4.260586177441551e-05 0.0005082552704910308 0.0022450427395492643 0.000634399332954529 0.0002223793963216385 0.0011972284828394737 0.0007882462083439748 9.294807001969913e-06 1.0706612674652858e-06 1.783833161443757e-07 9.22179837563274e-08 0.0 0.0 3.269597693353084e-07 2.2100673884778084e-07 0.0 9.565281284882196e-08 0.0 3.3517370613476405e-07 0.0 0.0 4.486494398705591e-07 0.0 2.705015577078884e-05 3.4197748989289203e-06 8.264932392915318e-07 0.0 0.0 8.434925868860849e-08 1.4397940745608003e-06 0.0 0.0 0.0 9.205074353026265e-08 4.4633545767040545e-07 0.0 0.0 2.1135989983788315e-07 1.3737538942227957e-07 6.853539763467587e-05 2.2432663793707437e-06 3.3985986342430957e-07 0.0 6.860710813833744e-07 2.3381927675050116e-07 0.0 1.568589805937043e-07 3.501716657938559e-06 4.363684281556635e-06 2.2710608953315136e-05 1.0375729783942036e-05 2.4198126986795785e-05 2.8156981250391413e-05 1.8397711000500563e-07 0.0 2.3024945845342595e-07 1.991524290293706e-05 5.493500774812796e-06 3.6930177995624417e-06 7.998157642404109e-07 6.050374402322267e-07 5.023873946790343e-07 4.841161664855891e-07 9.57516233454604e-06 2.861633708111555e-07 0.0 1.9407713276350397e-05 1.1012839144795125e-05 2.3757614620696233e-05 8.447679551508498e-06 1.1758505234293951e-06 1.320126687935348e-06 5.803231231712269e-06 2.046069324055688e-07 8.72788903970467e-07 1.1942647811862493e-05 0.0 4.245279955104429e-06 4.740796038066492e-06 6.896805510914672e-07 6.649843742770083e-08 6.551391209596998e-07 3.606084303881651e-07 3.077382939569916e-07 3.2087363751830777e-07 5.909357049144095e-07 4.52069563488423e-07 3.759708432683038e-07 8.734740030609581e-05 0.0 0.0 0.0 2.919311863327178e-05 3.552652319202974e-06 1.0602193168800367e-05 1.4905918036196198e-05 1.1780869497378436e-05 3.7716470146027136e-06 1.3967559946415426e-05 7.079053765075769e-06 2.5058614189411125e-05 3.6453046376822634e-05 2.166685102288624e-05 8.062320315802577e-06 9.934596487515345e-05 4.645656086031506e-05 6.987328167881077e-05 3.3924799826460985e-05 1.2392881683233118e-06 2.7330006900006186e-07 0.0 0.0 0.0 0.0 0.0 1.2200301246325145e-07 1.4311452731457128e-07 0.0 0.0 0.0 1.0299764752020934e-06 0.0 1.7890323997003888e-07 0.0 4.581927782618642e-07 0.0 0.0 1.8736212156218646e-06 2.151617930164765e-06 0.0 8.050820205771476e-07 0.0 6.189356953352839e-06 0.0 4.093411295910987e-06 2.13463338334928e-06 1.5350385460188101e-07 0.0 0.0 0.0 0.0 0.0 0.0 3.2096994265190615e-07 3.3135673007596956e-07 1.683288791182746e-07 0.0 0.0 3.27527359675142e-07 7.666727313476657e-08 2.865066335671555e-07 1.5485375617813122e-07 0.0 0.0 8.562661119175154e-07 1.4918895098148527e-07 3.5357959092030477e-06 0.0 0.0 9.605766228506197e-06 2.1587217418210434e-07 3.433710647274019e-07 9.196936307149998e-08 0.0 8.617029774921654e-08 1.1096579608270554e-07 0.0 0.0 3.709078665304872e-07 3.2404352399278815e-05 4.888293235221395e-07 0.0 1.7721008040301058e-07 3.5802074337536304e-07 8.246446419999185e-06 0.0 5.632355389167127e-06 8.684744339852593e-07 3.6335011031028755e-07 3.819897044484411e-07 4.043730284203253e-07 0.0 0.0 0.0 9.090595616334492e-08 0.0 0.0 8.875835644932292e-08 0.0 0.0 3.3612055447749856e-05 1.787322924013744e-06 1.7583091083415467e-06
4.7042034725127106e-05 0.00023595080500569252 0.0016832509643227573 2.8341674649484093e-06 0.0001014215078492595 1.5856387023083974e-06 4.260586177441551e-05 0.0 0.00017524466345947097 3.174624458322804e-06 0.0017742805431021677 1.8655897734766618e-05 0.0001482194084507663 0.001599254553805449 4.215151311015088e-05 9.767657011756377e-06 8.912138058033682e-07 7.9298830686013e-07 0.0 7.165494746486981e-06 3.2108462252861224e-05 1.3116832990324807e-05 5.17240114664823e-06 3.958941271781394e-06 8.777882001895621e-06 1.3699362195824777e-05 1.9459204481473807e-06 5.729173441715049e-06 1.015052295949435e-07 7.874555507261825e-07 0.0012393861001225718 0.0013670077017875347 6.529191523932608e-05 2.058813747877278e-06 4.215837822231423e-06 6.961268059724195e-06 1.5592089816247714e-05 1.3303978834668953e-05 3.4759254998559635e-06 5.330218051199207e-06 4.215839552006954e-05 1.4335909984813225e-05 4.124440519277851e-06 4.594964667166083e-06 3.3936517621356662e-06 1.2609093265106745e-05 9.622970729861425e-05 1.6844780333043067e-06 1.2472661694585067e-06 3.879390729687661e-06 7.248179718087756e-06 1.9575897578637726e-05 2.056107626040604e-06 7.607658871906124e-06 2.3532748185575767e-06 3.433167078417534e-06 3.211118153624064e-05 4.893702181837745e-05 1.9375818012033978e-05 3.4717586164158214e-05 2.8672907946018468e-05 8.723261117714833e-05 6.742900929746499e-06 0.00013518139406922422 3.6817380524505934e-06 6.2494703747186324e-06 1.1343424838149574e-05 9.877766669020531e-06 3.6971401520043914e-05 6.3696217039326e-05 8.240015886538156e-06 2.499049616744177e-06 9.694838327162161e-07 1.755900047575899e-05 3.68787254983981e-05 4.9027028810673475e-05 4.672910419302438e-05 9.23934924809818e-05 0.00024681774199221667 0.0014960092100391553 2.1359845443736646e-05 0.0001697183415996841 1.1469279779573893e-05 3.284688197909212e-07 3.835846013287348e-06 1.3363527296097372e-05 3.892013035168889e-06 1.1266843038799138e-05 8.598712843485435e-06 1.1054503614253335e-05 9.060268033763334e-06 1.4188944867564929e-05 0.0001356660063238958 2.5014467406290892e-05 1.956410835783173e-05 2.8674611093490497e-05 5.788387127247587e-07 5.642321688649881e-07 4.121855524615395e-07 7.543167562600123e-05 8.146492708516983e-08 3.7530672859466677e-07 4.1772106289371616e-07 2.2388971712821398e-07 9.854182961838402e-07 9.285305059060829e-07 3.875072595246851e-07 2.0824154628327826e-06 2.487596882548712e-06 2.1799491373373236e-06 1.3850280374337476e-06 1.4510671284420376e-05 5.71109459029293e-06 7.23036899616872e-06 1.4523638210745834e-05 3.0870544338376686e-07 1.6177548870750246e-07 0.0 1.7579669654126817e-07 0.0 0.0 0.0 0.0 5.407398395770615e-07 0.0 2.7621615794800094e-06 1.391927878533938e-07 7.074080865326593e-07 1.1191673422474545e-07 7.681787797135128e-07 2.33790203178947e-06 1.558339070362033e-06 2.6901452105235385e-06 6.921527624831664e-08 2.9490435067771893e-07 9.628715346329282e-07 1.844216146644411e-07 7.992962788151582e-07 0.0 7.787493488782509e-06 4.499408245224853e-07 5.438332471952792e-06 2.888611025217174e-06 1.0780974676413015e-06 3.917523764710805e-07 0.0 0.0 0.0 0.0 4.567721179063561e-07 0.0 0.0 3.255219970681352e-07 0.0 0.0 3.652631133873881e-06 2.1939728707386696e-06 4.242935313466889e-06 0.0 0.0 2.1712830095755874e-07 0.0 9.499689912198956e-08 3.043095738789094e-07 1.1199583690746351e-07 6.031127528311486e-07 9.910084217766897e-06 0.0 1.252226822587527e-07 0.0 6.325947801414876e-08 0.0 1.0350675619836061e-07 5.360643945062359e-07 2.9271742835298666e-07 4.080529424030342e-07 2.19859438922338e-05 2.0019027414386643e-06 1.3485482341837476e-06 7.860343757267146e-07 3.1463273320169202e-06 3.830665897866003e-06 2.7231108056154593e-07 4.9969131793002105e-06 1.607475874673554e-07 0.0 0.0 0.0 1.7507037189637292e-07 0.0 0.0 1.6871559593232922e-07 0.0 5.16974363007443e-07 7.18896293039579e-07 1.283131821385972e-06 0.0 7.588017084899708e-06 4.224525836657117e-06 7.407692798591189e-06
7.080710718487177e-07 0.00026007373386107617 9.101448463422506e-05 1.0818282217759332e-05 0.0011369829260175091 4.159044097432994e-06 0.0005082552704910308 0.00017524466345947097 0.0 7.044762199351734e-05 0.0008583605986879925 1.4608287530689142e-05 0.00019722373506788254 0.00030869286793471206 4.242225443133043e-06 4.444249896913293e-07 0.0 9.481547759569775e-08 0.0 0.0 0.0 0.0 0.0 0.0 0.0 0.0 0.0 0.0 0.0 0.0 2.4690642390497706e-06 5.475101905386864e-07 1.1768655823966551e-06 0.0 0.0 0.0 6.632346038743961e-07 4.019467299411556e-07 0.0 1.0963080965084739e-07 0.0 1.7275151010904438e-07 0.0 1.2159570036035907e-07 0.0 0.0 1.3049399544891709e-05 0.0 0.0 0.0 8.142838736402029e-08 0.0 0.0 9.601057617491292e-08 3.168503893012712e-07 3.7383272158054244e-07 1.976062082231486e-06 9.215156609417528e-08 1.2816846663969753e-06 2.936314717648491e-06 0.0 0.0 0.0 3.4875457077733635e-06 3.652719957609174e-07 6.080653479700206e-07 5.992779691382989e-08 9.764028204778013e-08 4.775752990778401e-07 0.0 2.145769287474349e-06 0.0 0.0 1.1379515989905446e-06 1.957956245358028e-06 5.585087314256494e-06 2.5829431391454484e-06 1.6911149532888964e-07 4.889484635988454e-07 8.562555083458538e-06 7.098446492996947e-08 0.0 1.168803708591671e-06 0.0 2.1636445495581278e-07 4.930798489953351e-07 1.0249811121971133e-07 0.0 7.509685615216319e-08 0.0 2.5980617585104946e-07 1.066147673154612e-07 7.657663003777099e-07 0.0 1.2210211954729792e-07 9.04564667006361e-06 1.4106293729039292e-07 0.0 4.583497637305067e-07 1.3464530805014122e-06 1.7500878235699972e-06 2.1378869338721376e-06 2.782963116649955e-06 7.696129590034108e-07 7.374359032928657e-07 2.7664524806779445e-06 6.898978595035153e-07 4.3724716175013596e-06 4.025751869362076e-06 2.728285541101335e-06 3.090261442438713e-06 1.5215162793093336e-05 1.0180815355667361e-05 1.853784230832786e-05 8.636072421054364e-06 0.0 7.21641337208328e-08 0.0 0.0 0.0 0.0 0.0 0.0 0.0 1.5103454523028885e-07 0.0 0.0 0.0 0.0 0.0 0.0 0.0 0.0 0.0 0.0 1.1214168509959705e-06 0.0 7.67782532455757e-07 0.0 3.247695713970761e-06 0.0 1.0666309238329137e-06 0.0 1.4184615868418298e-07 0.0 0.0 0.0 0.0 0.0 0.0 0.0 0.0 0.0 0.0 0.0 0.0 8.296754449128448e-08 1.2587436446858194e-07 0.0 0.0 0.0 0.0 0.0 1.0498188780484161e-07 0.0 0.0 4.3146039451240424e-06 0.0 0.0 0.0 0.0 0.0 0.0 0.0 0.0 0.0 7.2319430299547055e-06 4.62432558159787e-07 1.1437247224450743e-07 0.0 0.0 1.2722240189004413e-06 0.0 1.1529409474172306e-06 0.0 1.6533324146285222e-07 0.0 1.4628292332296133e-07 7.557304477168255e-08 0.0 0.0 0.0 0.0 0.0 0.0 0.0 0.0 1.025194868612794e-05 7.368475222900983e-07 1.6682580234477362e-06
0.0004352113746025891 0.001577956784549367 3.5558556957519235e-05 0.0014124041254967364 0.0003312109977835619 0.0005308586928742345 0.0022450427395492643 3.174624458322804e-06 7.044762199351734e-05 0.0 5.822751497937144e-05 0.0012409477646315931 0.004275666191013914 0.0002775096361906167 4.167607058141666e-06 4.818003925620196e-07 0.0 0.0 6.68854239533121e-07 1.589364934247493e-07 8.112381249118008e-07 3.860394711250757e-06 3.098536521799732e-07 0.0 2.488385507704081e-07 6.340430358967318e-07 0.0 2.411901600306121e-07 0.0 0.0 5.535429528240059e-06 1.6936602774794473e-06 1.5304743412399068e-05 0.0 0.0 0.0 1.3890050696701451e-05 4.993419175682777e-07 7.021998420067304e-07 9.816883759630323e-07 8.082488345318831e-07 1.907050809895811e-06 0.0 0.0 7.982483779389046e-08 0.0 1.6284373836766754e-05 0.0 0.0 1.8571740238135713e-07 2.1688593700902107e-07 3.0600127814718457e-06 0.0 2.4267147689505505e-07 3.966180968503961e-07 5.900555255516276e-07 1.705309167743688e-05 2.825274970087888e-06 8.133046491412587e-06 5.015747042002765e-06 2.1549236217451113e-07 4.962837125499584e-07 0.0 3.4314683816627153e-06 7.270345390551618e-07 5.308204346425377e-07 5.376194770049244e-07 2.2496710996250024e-07 0.0 4.5454281846370744e-07 0.00010074982115232797 2.8352909422432117e-06 6.917939126864936e-07 5.150949113808695e-06 2.1494880618412487e-06 4.363117649026393e-06 1.8013820725438832e-06 1.187033536537679e-07 1.1441890456621859e-07 1.714772599559349e-05 0.0 1.819883017787075e-07 1.2851204485338396e-06 2.824184401415185e-07 1.4659938313561886e-06 7.350716337065241e-07 0.0 1.956521446589289e-06 4.710206411180557e-07 3.7863093115581346e-06 1.5142513140448597e-07 1.5685002864793602e-06 1.2875751906222346e-06 1.07827249423987e-06 2.1233540651073974e-06 0.00026955343170434096 3.988253800150511e-06 0.0 2.171837147694137e-06 8.031997534192435e-05 8.351741840340898e-06 2.331217430518522e-05 2.3457950146955406e-05 1.7314684639933878e-05 3.2992797170244876e-06 5.093235691186156e-05 2.1192583045094626e-05 4.3483158282812784e-05 8.471577985392096e-05 4.684097911242739e-05 9.840232284053243e-06 0.00019618813711288086 0.00011809268183904571 0.00012302275142160395 4.8707739380689805e-05 5.077184818590469e-07 3.4975498002306146e-07 0.0 0.0 0.0 0.0 0.0 0.0 0.0 0.0 9.622588795900541e-08 2.7484636919487995e-07 3.054176023244725e-07 1.0409499424447231e-07 1.1094356060450684e-06 9.685896674273025e-08 2.5964231893249847e-07 1.3270813862694806e-06 2.722754652934353e-07 3.5579178798173203e-06 5.186271544740871e-06 0.0 0.0 1.3821106637819975e-07 1.0568094527848173e-05 0.0 7.71556221239262e-06 2.0467198912036048e-06 2.0883684829426114e-07 1.0276221887555281e-07 8.053247800390986e-07 1.044144642477728e-07 0.0 1.2851007538719317e-07 0.0 0.0 7.697230451586007e-08 4.737174135894591e-07 0.0 9.359430372251665e-08 0.0 1.0605118786285924e-06 1.0073408708550009e-06 0.0 0.0 0.0 1.0203957679410369e-06 7.581069210363264e-07 1.6242230634060557e-05 0.0 0.0 1.3045030217672561e-05 1.7290035657876624e-07 1.5770899133695079e-07 6.732182964169046e-08 0.0 1.8817733379634758e-07 0.0 2.108681765951312e-07 0.0 1.9464223403735614e-07 4.525449132382878e-05 1.1092456928934388e-06 2.6976046697474063e-07 0.0 1.1367843674287112e-07 1.076370388272097e-05 4.460365162428369e-07 6.79424860638777e-06 7.985645504086846e-08 3.8089443726699365e-07 6.723337759370168e-07 3.951179097074252e-07 1.4989627668686257e-07 0.0 0.0 0.0 0.0 0.0 0.0 0.0 0.0 4.954372329314075e-05 5.925185019433805e-06 6.418353229937912e-06
6.993006611142658e-05 0.0017948617559225648 0.0034078201830259384 1.8868077233701894e-06 0.0009745072555775755 3.875829484024695e-06 0.000634399332954529 0.0017742805431021677 0.0008583605986879925 5.822751497937144e-05 0.0 8.133384461436677e-05 0.001203577904638368 0.002361178527644468 7.416069015020763e-06 2.0968277238324867e-06 3.1472088789983734e-07 3.667687662398215e-07 0.0 8.539286895910793e-07 2.68074560551891e-06 8.789233718153075e-06 2.660364460985836e-07 8.523977762976161e-07 1.1065387218942306e-05 2.4002490603584648e-06 1.1148541207503714e-06 6.890788465284063e-06 4.74514215865523e-07 0.0 0.0002209284522617221 3.710981665704786e-05 0.0001541658145184409 0.0 7.016661657508067e-07 3.942512149694358e-06 8.100644392858404e-05 2.1932825664057425e-05 4.41872542447156e-06 9.750569788705672e-06 1.2994153306828337e-05 9.472662383950698e-06 3.203227111592853e-07 9.473994882936752e-08 3.0530731602996477e-07 0.0 3.156407827658711e-05 7.406698878148062e-07 3.1577815720224894e-07 1.0272437348361623e-06 8.874389924275073e-07 1.8048690183912342e-05 4.742481897313645e-06 3.4886472126302134e-06 1.3317380754271024e-06 1.8339470506696114e-06 1.219912348362302e-05 1.1365370519381488e-05 7.563387363869174e-06 1.0214076637540326e-05 0.0 5.923311037805394e-05 9.488566740746673e-07 1.7041165713824663e-05 2.5747322377923113e-06 9.27276042193054e-07 8.322742539534455e-07 0.0 2.6468272567354245e-06 5.895926795532896e-06 5.901133414165129e-05 3.081960059053079e-06 2.7894304852758823e-06 7.674802815816134e-06 7.295405797098215e-06 1.3848144473243102e-05 8.880912131074052e-06 1.5256127704157788e-06 8.017040396282849e-06 0.0005831992984493983 6.284236384990992e-08 5.669142224238353e-05 4.310806463587838e-06 3.3855528863830125e-07 1.3749656043653818e-06 2.205308432894053e-06 6.043479793435668e-07 5.208594398047473e-06 3.6308444156776783e-06 7.442740762275223e-06 1.571677507678617e-06 7.62410868935166e-06 1.1485770249127034e-05 5.214472875791894e-06 1.9783719334608176e-05 7.597005660928401e-05 1.762730386009311e-06 3.250150441763491e-07 1.3387570756648864e-06 4.3504699997127546e-05 1.1026473664406164e-07 4.275141084404305e-07 1.3800463887372533e-06 0.0 1.3687732843446645e-07 4.043619902604308e-06 2.6560104777810446e-07 6.090111825594585e-06 4.28444385533571e-06 5.261083116591289e-07 1.1958198050727093e-06 1.3908806071434911e-05 1.1753023670938344e-05 2.355580216687089e-05 3.0269923386764262e-05 8.648313456370109e-08 3.6580646304366825e-07 0.0 0.0 0.0 0.0 0.0 0.0 0.0 2.9964540332298204e-07 1.877447031167192e-06 0.0 2.658169790410375e-07 4.296806927983049e-07 3.610960841314567e-07 1.3706711578423903e-06 1.1117142398295351e-06 1.5572105943495097e-06 2.1066168047146213e-07 1.3144212830485355e-06 1.759724779509777e-06 0.0 2.589639038280881e-07 5.559393152264665e-07 9.036220622842933e-06 1.3300967424129206e-07 3.835333446964222e-06 3.1103209297316566e-06 1.0443174961351327e-06 1.3275259290506906e-06 0.0 0.0 0.0 9.952966392016785e-08 2.681980650952898e-07 0.0 0.0 3.0915648116235927e-07 0.0 0.0 1.053291876567933e-06 1.0385018001885913e-06 2.3650128084634554e-06 9.932768522681303e-08 0.0 0.0 6.006647440012282e-08 0.0 0.0 0.0 0.0 6.967185969679425e-06 6.213896135168212e-07 0.0 0.0 0.0 0.0 1.1066401458291406e-07 0.0 0.0 0.0 2.5100031910916696e-05 2.612424079985205e-06 5.79449719000872e-07 4.5533040480071255e-07 4.4152218808799814e-07 4.309776622902398e-06 9.036745940899733e-07 5.345287493474755e-06 1.2240406782985416e-07 0.0 8.019259664933502e-07 2.4998644506197226e-07 1.5572379991403718e-07 0.0 1.2511746616029396e-07 0.0 0.0 1.150693382879229e-07 0.0 0.0 0.0 1.8645039814623415e-05 6.637564199696561e-06 7.700739980296232e-06
3.5800629565158235e-05 4.501730675210303e-05 1.2144418641474977e-05 0.0005422920341797607 4.276499063031592e-05 9.343032824524615e-05 0.0002223793963216385 1.8655897734766618e-05 1.4608287530689142e-05 0.0012409477646315931 8.133384461436677e-05 0.0 0.0008935563459399504 0.00023777470298497587 1.679982556367109e-06 9.500346273856642e-07 2.3074192507078658e-07 3.014973591429561e-07 0.0 1.0340611471287832e-07 4.574433422909941e-07 8.877363413179329e-06 0.0 0.0 8.75117848967231e-06 3.6535616387446263e-06 7.819209266252703e-07 3.850059078483258e-06 1.1605357770634271e-06 0.0 3.431483916285948e-06 2.281268809193409e-06 2.2454439937876353e-05 3.373434450695034e-07 0.0 2.4368379967192854e-06 0.00013834546888390098 1.8136829275956085e-05 1.261765184657654e-05 1.2039086033341935e-05 2.9865165919305926e-06 4.494068861793598e-06 1.0928820926068467e-07 0.0 1.7537198184817777e-07 6.149015971846159e-07 3.473503175571817e-06 0.0 2.220369607509691e-07 1.7474253416350303e-07 2.574354303282127e-07 1.3832109916290507e-05 3.5847888419364585e-06 8.495633680174164e-06 0.0 0.0 1.8417844110471098e-06 3.31369114887559e-07 3.5183091556567394e-07 5.130211540211649e-07 0.0 8.26290641119337e-07 4.78975025813759e-07 1.5993179101699538e-06 0.0 1.5827284097763172e-07 1.0374903913812687e-07 0.0 2.41521790880075e-07 9.719928840380409e-07 5.879718551009074e-05 1.0036411306902605e-05 3.932958537484743e-06 4.172869130613618e-07 1.1300282263586444e-06 1.405012548726096e-06 6.069543460260228e-07 3.472990895162002e-07 0.0 1.7884082900172302e-05 0.0 6.068179129592214e-07 1.061741653727213e-07 1.1625541630217511e-06 6.466501355550337e-08 1.4054785397708554e-06 8.767956740503446e-08 4.4993924151578655e-06 1.7997848940753679e-06 5.491094275830415e-06 8.424654909684305e-07 5.745632527517081e-06 1.5520962961723632e-06 1.938336330719904e-06 8.973402061276164e-06 0.0005864088323368755 2.301129482853351e-05 2.477477857705649e-06 1.1407310175636343e-05 1.7089733474403693e-05 2.9724063411613286e-06 8.305422740300904e-06 6.483848807366291e-06 4.493915817163426e-06 1.6102466129185204e-06 7.507228933682632e-06 5.481529770323651e-06 2.6792505204989737e-05 2.301006011666505e-05 1.1767498160970199e-05 9.402509826686167e-06 9.043950401189321e-05 4.329863858082177e-05 7.408841420055607e-05 4.58707847708376e-05 1.4841207352754478e-06 4.111733430969461e-07 0.0 3.994584359257111e-07 0.0 2.717477455648248e-07 1.2579753956190828e-07 1.3782371102441727e-07 0.0 1.0354082753459159e-07 1.8848485643542454e-06 1.0089384210108203e-07 1.229017571303629e-06 4.907815014880729e-07 2.400299381101206e-06 1.732894907898656e-06 1.7965122731346637e-06 2.3378479560519106e-06 1.3519640119192837e-06 2.1201954378038007e-06 1.5682731092928596e-06 4.479238871916037e-07 1.3148950175788017e-07 2.1928600770712562e-07 1.690988846457845e-05 7.715916125419452e-07 7.877467705882644e-06 7.371262572709326e-06 2.859484440569885e-06 7.424062488831307e-07 2.964667287310606e-07 6.372688432979765e-08 0.0 2.0921731313724788e-07 1.0782338482906626e-06 1.2468423125053487e-07 1.7938732456216447e-07 2.373329035515154e-07 0.0 0.0 5.841362575081655e-07 4.37175035352207e-06 3.1553392957544552e-06 0.0 1.4721568690886337e-07 0.0 1.117991237842535e-07 2.737295536802246e-07 1.9353803158841686e-06 1.1363007927153236e-07 5.006205886083067e-07 1.4304579156259777e-05 6.119392303081536e-07 0.0 0.0 0.0 0.0 0.0 0.0 4.368146301871221e-07 6.388481331236656e-07 5.420008039580863e-05 8.530967123534038e-06 9.466463926324239e-08 5.009186818263859e-07 2.983588887277871e-07 1.1978189585956447e-05 2.640017344901997e-07 6.3153298864353975e-06 3.847351584262691e-07 5.615581026757022e-07 6.807854973068121e-07 2.5935110669477146e-07 3.5282312529416084e-07 0.0 0.0 0.0 0.0 3.4437195669010046e-07 0.0 2.320804472972578e-07 0.0 5.482928039378206e-05 1.33017675048779e-05 1.3686764307340317e-05
