0.0 0.0015299832975608908 0.0005212807065050704 0.0012769448901080605 1.840920384244769e-05 3.532253484210615e-05 9.206112862193588e-05 0.0001111307562904004 2.5826219056162493e-06 0.0009892136410305874 9.404240875661499e-05 4.920512346492275e-05 0.00010178503087936291 4.2802454667504324e-05 1.6144520836428677e-05 1.2640598403767242e-06 3.609863186613203e-07 4.4736282978122187e-07 6.648410748711198e-08 3.206548034727485e-07 1.0916107071215812e-06 0.0 0.0 1.8167813237770284e-07 3.3932824494978984e-07 6.47923553428294e-07 4.45019261714573e-07 0.0 0.0 3.07798273830956e-07 0.0005308215136992305 5.2831004503366406e-05 2.185218289873868e-05 1.9592427262895768e-07 8.230257468611091e-08 6.502786199970651e-07 2.440270912910232e-06 8.477259402789572e-07 2.606335646467277e-07 4.583199348574916e-07 1.152193246185295e-06 8.80499362037463e-08 1.104572416313462e-07 4.906883443013226e-07 0.0 1.0742629139464037e-06 7.906603875436096e-05 2.411801594140488e-06 3.856715116230694e-07 7.454397297604833e-07 2.1276880226558569e-07 0.0 0.0 0.0 1.211749557035429e-05 1.8824506822721308e-05 0.00015403552139489038 0.0007987610578355552 4.89284660976432e-05 9.13855457441345e-05 6.281404913801029e-07 1.701274355209264e-06 2.044712322027583e-07 0.0001793816849107344 6.352647471312997e-06 2.773329662562624e-06 1.623216577039532e-06 8.408780179214675e-07 7.27335595146846e-07 6.888698404165753e-07 3.061873996916757e-06 2.0309291753635368e-06 0.0 0.00010952068336291849 7.324530884198621e-05 5.347332298042296e-05 8.834583226818502e-06 1.6549994648172287e-07 1.1531031999531595e-06 7.972927328391103e-05 5.399926062794437e-07 3.6469549106501203e-06 1.863632471025446e-05 6.294899832017047e-07 3.0361733028059186e-06 6.4678006014431915e-06 1.8208431268220766e-06 1.645764484659603e-07 2.91595136386922e-06 6.192196339748023e-08 8.433613618202248e-07 3.876689153182012e-07 7.07817850201744e-07 2.034608454181102e-07 3.921231135660425e-07 5.418596808522733e-06 5.527760806263762e-06 0.0 2.2838607087135783e-07 0.0005785090132619566 0.0 0.0 3.082502324840504e-06 1.8456813365291142e-05 0.0 2.3780719978604077e-06 4.341820292787456e-07 2.727119399597503e-07 3.5271172544760667e-07 1.1620050057210697e-06 0.0 2.0184758289582986e-06 2.4882100930730763e-06 5.566934399110219e-07 0.0 0.0 0.0 0.0 0.0 0.0 0.0 0.0 0.0 0.0 0.0 1.406338259495508e-07 0.0 0.0 0.0 0.0 0.0 0.0 2.3772589801941335e-07 0.0 0.0 0.0 0.0 4.847244259807898e-07 0.0 3.2484651137459545e-07 3.5485288561318077e-07 0.0 0.0 0.0 0.0 0.0 0.0 0.0 0.0 0.0 0.0 0.0 0.0 0.0 0.0 0.0 0.0 0.0 0.0 0.0 1.0027923313621116e-07 0.0 0.0 0.0 2.6894597392460765e-07 5.572597587762844e-07 1.2391647468440249e-06 0.0 0.0 0.0 0.0 0.0 0.0 0.0 0.0 1.1390035270374389e-07 9.42092786725312e-07 8.021118761605125e-08 0.0 0.0 0.0 2.8792054313338997e-07 8.847148076446111e-08 1.2677563165596456e-06 8.834783911455889e-08 1.3026717550767845e-07 0.0 0.0 0.0 0.0 0.0 0.0 0.0 0.0 0.0 0.0 0.0 1.8654078946758596e-07 2.47582623652006e-07 1.648034758593092e-07
0.0015299832975608908 0.0 0.001973268798426938 0.002280047338430561 0.00168480721700885 4.236528182340471e-05 0.002719844382943878 0.00044603226316387466 0.000493111343264815 0.0009315756825552817 0.0019822004980329143 0.00013934699644976611 0.0014023200473828588 0.0013035334115027728 0.00011363116907059452 1.6878151886681397e-05 7.92185776567701e-07 4.690239217235898e-07 1.9726290587384023e-07 6.769294622453686e-07 1.5929463872551018e-06 0.0 2.0964496358143295e-07 4.306160928392431e-07 1.364485137745854e-06 1.3687865701797848e-06 2.7885548080598685e-07 2.0812900549575813e-07 2.0493873550048342e-07 8.69888391100014e-08 0.0008830391799022583 4.468169776954709e-05 0.00010086559010150827 1.325231241819502e-07 4.1581705703983955e-07 9.171035133051598e-07 1.9788714811602295e-05 3.2333165224742767e-06 8.051910661911572e-07 3.840573073523024e-07 1.828422836629927e-06 7.752765388836352e-07 5.36386546013298e-07 1.7554144377206064e-06 3.286097715834281e-07 1.973039140068474e-06 0.0002712829381828045 4.192788856783345e-06 2.1526327532369376e-06 7.102982413738388e-07 3.2523835231129146e-07 0.0 0.0 1.978219134654045e-07 1.9529988758767325e-05 3.054597045390729e-05 6.44945834353282e-05 0.000387393920235257 4.653443063657281e-05 0.00014287099708613368 1.5061304993225085e-06 4.414798121402134e-06 3.4907975576081554e-07 0.0001259037091586762 7.984525942559723e-06 5.359874124463996e-06 2.8906828259954636e-06 1.472692414257385e-06 1.0750727974898377e-06 1.6994115777103218e-06 9.548254252974591e-06 2.8567760963483336e-07 0.0 0.00012296784205153273 0.0001970717803967692 0.0002342412962699444 5.093230143609976e-05 1.1315514244014765e-06 3.910498417655369e-06 0.00024998546376103623 1.1615833402295698e-06 1.099608716514088e-05 3.0051794239026842e-05 1.3246749299766826e-06 5.447707518981193e-06 1.0584299751115504e-05 3.2618656202905156e-06 1.7693992818173663e-07 5.633572587533525e-06 5.78911035169952e-08 1.364347271612389e-06 1.06470720015355e-06 3.225202691622619e-06 1.9185093581030834e-07 2.6477834636528587e-07 1.8340647429760604e-05 6.557321952893541e-07 0.0 6.622657782268626e-07 0.00036658852573352474 3.961988488452572e-07 1.1343307715899682e-06 2.4931831937293343e-05 4.782658695099336e-06 6.981156136467454e-07 2.4153572615408473e-05 4.892674690529609e-06 1.7315807169030653e-05 1.4679112171519065e-05 2.14213733871867e-05 1.4828398197057897e-06 1.9136099652640446e-05 5.78523396880355e-05 2.3880994782650292e-05 8.7672361824449e-06 0.0 6.77865270007268e-08 0.0 0.0 0.0 0.0 0.0 4.178489058535113e-07 0.0 4.157586273156458e-07 2.9048696144252907e-07 4.420253984301769e-07 2.736457473249179e-07 0.0 0.0 3.718292398828164e-07 0.0 0.0 5.171455864407113e-07 3.6231641116952563e-07 1.296606280090925e-06 0.0 1.3673692815369495e-06 0.0 4.702664673978889e-06 5.425094278504628e-07 7.961538280218259e-07 1.6688478586784632e-06 4.325027541681857e-07 0.0 0.0 0.0 0.0 0.0 8.86757711547528e-07 0.0 5.215897121619345e-07 0.0 0.0 0.0 0.0 3.5466280257459113e-07 3.097140391687761e-07 0.0 2.9271101966108997e-07 0.0 1.160008589627347e-06 5.773843545546907e-07 0.0 2.6995741683810978e-06 6.752570993369168e-06 5.156703628821431e-06 0.0 0.0 1.1862730529794008e-07 0.0 0.0 0.0 0.0 0.0 0.0 1.1730494913514165e-05 9.248238202666993e-08 0.0 0.0 0.0 8.057129354348284e-06 1.7714240057923e-06 1.009420828841591e-05 3.1284353640590137e-07 1.0520401841679022e-07 0.0 0.0 8.053571545465277e-08 0.0 0.0 0.0 0.0 0.0 0.0 0.0 0.0 9.697755076781154e-06 1.1529383511383333e-06 4.09428469105561e-06
0.0005212807065050704 0.001973268798426938 0.0 0.0003463090103588916 0.0006161858293886275 2.784999170892206e-06 0.00014468746766818156 0.0029096721085505066 0.00027662918330200603 4.747530292935243e-05 0.0019895291751726753 4.969909452072677e-05 0.0005184643778663006 0.001199855460163946 4.655663746395311e-05 1.0459367333884646e-05 1.152450178753971e-06 6.160308252265107e-07 8.274582632269905e-08 2.219636087126194e-06 9.307176969883054e-06 4.828794857726064e-07 1.0049138906629817e-06 2.8102174368309604e-06 3.102692303863231e-06 6.889260485414766e-06 1.2089366258563606e-06 1.5162520684126166e-06 7.945685665188903e-08 1.1214316591955752e-06 0.001892986023436878 0.0005850206489550531 6.197420185347801e-05 4.3999090929437013e-07 1.1712688681811342e-06 3.590662995831445e-06 8.243284545930941e-06 5.307013046243061e-06 2.925058374062604e-06 1.5908527528879582e-06 1.0359889534253277e-05 2.882258535586504e-06 5.334396945714965e-07 9.154766264183356e-07 6.4278617182802e-07 1.3082771035427924e-06 0.00010563273699980138 1.758027963609211e-06 1.6258595394966726e-06 1.7722534146186982e-06 2.5966114005094426e-07 1.3176129550912972e-07 0.0 3.4219858247628586e-07 7.543952953087807e-06 1.1090900195795351e-05 3.1444756278910406e-05 0.00027467993962176647 1.9321787789377037e-05 5.4874468809617195e-05 4.8685040983674856e-06 1.3775208888262474e-05 6.936465409123725e-07 0.00021231151485792403 3.882742333538083e-06 3.3484678965887e-06 1.58038424849258e-06 1.950587785602507e-06 4.405620059333891e-06 6.356366536358765e-06 7.394986915444359e-06 3.7287161286004666e-07 0.0 5.736615072474649e-05 0.00015549428446976182 0.00011332197899932235 3.433981597295561e-05 1.9244064520874433e-06 2.9092796220449706e-05 0.0005961583818798345 1.0817828184423834e-06 9.013005954368597e-05 1.277058658691558e-05 1.6534751322747063e-07 3.0054029382567343e-06 4.9128800932661815e-06 3.408962632344468e-06 6.663340661852462e-08 1.8850195826856281e-06 1.0820872516155758e-07 9.398680835425657e-07 4.3169189310090773e-07 9.180062122336918e-06 9.919494101406156e-07 4.033969111738146e-07 2.2666840930642983e-06 1.1554788549880442e-06 0.0 6.468367182325155e-07 0.00013173884539924302 0.0 0.0 3.3924885388956246e-07 0.0 0.0 8.152972619552465e-08 0.0 1.361281001020588e-06 5.817953855511377e-07 1.1719864311479313e-06 2.1005753910894105e-07 1.104847458267163e-06 2.981286916111256e-06 1.9531092882026545e-06 6.527805670815527e-07 0.0 0.0 0.0 0.0 0.0 0.0 8.329457495268527e-08 2.8175150604668946e-07 0.0 8.918373285429244e-08 7.783365613848872e-07 0.0 0.0 2.611849586376316e-07 0.0 8.194033760553618e-07 0.0 9.496132001383446e-07 1.511831322643123e-07 6.964804984277714e-08 7.477568643730857e-08 0.0 0.0 0.0 6.797586480335504e-07 0.0 2.282830126487867e-07 1.9582299309667983e-07 3.922722262624952e-07 1.693242011551437e-07 1.5215164676472023e-07 2.0428440421779312e-07 0.0 0.0 0.0 2.3761270680483174e-07 0.0 0.0 0.0 0.0 0.0 8.244796775317418e-07 2.0700197089159592e-07 0.0 0.0 0.0 1.1695875271696668e-07 0.0 0.0 7.811923620232926e-08 4.814055914449146e-07 4.010011413183897e-07 0.0 0.0 0.0 0.0 0.0 6.702246110838734e-08 0.0 0.0 0.0 1.867447508253673e-06 1.891355257355013e-07 5.771061935944983e-07 0.0 9.590723255056143e-08 7.791282045349462e-07 7.63756158366854e-08 1.1154206131404455e-06 0.0 0.0 6.820380875127708e-08 0.0 0.0 0.0 0.0 0.0 0.0 0.0 0.0 0.0 1.3428237989031338e-07 6.732831521830118e-07 1.7109899143057221e-07 8.14265258792814e-07
0.0012769448901080605 0.002280047338430561 0.0003463090103588916 0.0 2.78337596030124e-05 0.0002603073641741312 0.0008255217999202306 1.0012470465533644e-05 1.4159982085705713e-05 0.003744564248687981 2.0172656020362395e-05 0.00017462415188386414 0.0007031407427425381 5.3518667640985545e-05 1.4435937893192324e-05 1.0229726056893574e-06 1.1652278716016334e-07 0.0 0.0 0.0 3.051276484567901e-07 0.0 1.3427265503970165e-07 0.0 0.0 0.0 0.0 0.0 0.0 0.0 5.5101237290155806e-05 6.392192578646736e-07 6.494022446771166e-07 7.368065818085922e-08 0.0 0.0 0.0 1.4012623913544405e-07 0.0 0.0 2.073248611258198e-07 6.512380747661777e-08 0.0 4.788202172352566e-07 1.8700219583824362e-07 3.419872156195698e-07 6.421109367521945e-05 8.488867800762565e-07 0.0 1.3281645187807084e-07 7.903707062633656e-08 0.0 0.0 6.939095603305504e-08 7.792929409849176e-06 1.0824726323289712e-05 6.357454696250515e-05 0.00023316678021259392 1.9735722100222095e-05 5.141679129666828e-05 2.204428733570664e-07 0.0 7.038014969766533e-08 1.065559728426612e-05 3.2899524249103424e-06 1.7418463059919507e-06 7.718939990180786e-07 4.0689675390063605e-07 3.708209492317716e-07 4.992668617711758e-07 8.141819777923418e-08 0.0 0.0 4.884417567279396e-05 4.012211452029204e-05 4.187541322354457e-05 6.740300972994918e-06 3.743017957478126e-07 4.63110270299276e-07 8.998821532654999e-07 2.510614193834879e-07 2.1896670149959396e-07 1.0370362447583523e-05 2.157464658636e-07 1.3209373977923182e-06 3.7115557882193086e-06 1.034627612402328e-06 0.0 2.6233647215203065e-06 0.0 2.9524184400923346e-07 2.3739172091194063e-07 1.1626179837141376e-07 0.0 1.597873072156759e-07 4.6229488944391577e-07 0.0 0.0 0.0 0.0007218267227617226 2.2077023299154553e-07 2.0118057806689156e-06 2.5994141941615964e-05 3.2958122752362506e-05 1.4573133062353388e-06 6.327937766688923e-05 4.544447461530221e-06 7.617324864897485e-06 4.5908734892015976e-05 5.4200346856316826e-06 1.7009560250733841e-06 1.4951476682372841e-05 1.5267914916589895e-05 3.0782227254520142e-06 5.436210437795619e-07 0.0 2.4064225474831204e-07 0.0 0.0 0.0 0.0 0.0 0.0 0.0 0.0 0.0 0.0 0.0 0.0 0.0 0.0 0.0 0.0 0.0 0.0 0.0 0.0 2.833083992030222e-07 2.414026776007591e-07 1.1978134878513298e-06 2.4467018709604816e-07 1.1299285786183782e-06 1.056020741880689e-06 2.529445132542786e-07 0.0 0.0 0.0 0.0 1.993165272675604e-07 4.890416146882246e-07 0.0 0.0 1.0394613670346417e-07 0.0 0.0 0.0 1.6694675231361746e-07 0.0 0.0 0.0 0.0 1.5774599052931007e-07 2.7842563233138176e-07 0.0 2.13127295530614e-06 2.0249789877258617e-06 1.6573692345539195e-06 0.0 2.290992400196406e-07 0.0 0.0 0.0 0.0 0.0 0.0 0.0 3.3270787301129332e-06 0.0 0.0 0.0 0.0 3.426416446546445e-06 8.989152662919045e-07 1.7372617242029537e-06 2.459454072606463e-07 1.3257711473858488e-07 2.488266084026443e-07 0.0 0.0 0.0 5.660954960254272e-08 0.0 0.0 0.0 8.716912675502144e-08 0.0 0.0 1.2242829792714633e-06 7.51609134678321e-07 1.3805516390232798e-06
1.840920384244769e-05 0.00168480721700885 0.0006161858293886275 2.78337596030124e-05 0.0 2.4038864172967937e-06 0.0015043654835045074 0.00017832735066957873 0.0027561872361725756 0.000307896598374158 0.0011272273555738626 4.9981711558633034e-05 0.0007207559323752624 0.0017093721657552039 1.9123625682497617e-05 5.484893468254608e-06 0.0 0.0 0.0 0.0 1.2487566794069287e-07 0.0 0.0 0.0 1.0662755515017434e-07 1.5179446761422016e-07 5.8802392562274716e-08 0.0 0.0 0.0 1.200937166302193e-05 3.50213847684028e-06 1.6967129870921686e-06 0.0 0.0 0.0 2.3977449574678123e-07 2.1646965211189119e-07 9.815645444992815e-08 0.0 3.081724236015909e-07 0.0 0.0 8.760979299220599e-07 0.0 1.893583306289473e-07 3.5574312096153976e-05 4.625925504931588e-07 3.3983225422817936e-07 7.85458850499196e-08 0.0 0.0 0.0 1.124540205174232e-07 6.697932308193274e-07 2.8463889380608706e-06 5.536975167722578e-06 2.1251346341349023e-05 4.707844446858021e-06 1.3508040390284475e-05 2.8935711519762005e-07 1.8552507971289315e-06 0.0 1.0869727958642405e-05 9.158236977707393e-07 3.539934960297153e-07 3.341264576290395e-07 1.683628719588666e-07 5.0221652989250685e-08 2.5730778666829124e-07 1.4517164481181812e-06 2.4027001971510326e-07 0.0 9.009290868449524e-06 1.973408823966001e-05 3.6622251562758034e-05 5.495100137345743e-06 3.515533798477442e-07 4.0194436112964157e-07 1.2314312176128007e-05 8.196221499226473e-08 4.2910864021876664e-07 2.420042865884204e-06 6.61583149140527e-08 4.5904972191112027e-07 5.524562519565211e-07 4.1367701548402497e-07 0.0 4.207540412133362e-07 0.0 1.9399148124439296e-07 1.714140564352624e-07 1.1483383758681872e-07 0.0 0.0 1.6248131868888653e-05 6.97840445723477e-07 0.0 0.0 1.3634851762026134e-06 7.261190717619244e-08 1.4850124017202829e-06 7.793132014262775e-06 8.998755373438147e-07 1.0190146821884604e-06 7.251296825925453e-06 5.404575317359392e-06 1.7126515395682392e-05 1.030423006728403e-05 2.28204256072077e-05 1.3974761190250153e-06 1.974207153076825e-05 5.504936500753565e-05 2.1960979337436843e-05 9.414228301774678e-06 0.0 0.0 0.0 0.0 0.0 0.0 0.0 0.0 0.0 0.0 0.0 0.0 0.0 0.0 0.0 0.0 0.0 0.0 0.0 0.0 1.3253589346506953e-06 0.0 8.586352172298347e-07 0.0 4.2499773272466835e-06 6.518534310646804e-07 3.298520728767662e-06 8.95817190903699e-07 7.881466883550664e-08 0.0 2.079642272238899e-07 0.0 0.0 7.185495806053907e-07 8.246720884879389e-07 0.0 3.014455176882165e-07 0.0 6.793627962258248e-08 0.0 0.0 1.954573235973296e-07 0.0 0.0 4.587088684165695e-07 0.0 0.0 6.744889127280849e-07 0.0 6.794734781266215e-07 8.282840965331845e-06 4.242000566400824e-06 1.8806464332575226e-07 0.0 0.0 0.0 0.0 0.0 0.0 0.0 0.0 1.3794269625694212e-05 3.1869771507800245e-07 0.0 0.0 0.0 1.1249608810488094e-05 2.0700054088506555e-06 6.534332184340907e-06 0.0 0.0 5.377232645207543e-07 1.3011264611982285e-07 0.0 0.0 0.0 0.0 0.0 0.0 0.0 0.0 0.0 9.106552334316212e-06 1.6094986926890201e-06 3.4443818433172095e-06
3.532253484210615e-05 4.236528182340471e-05 2.784999170892206e-06 0.0002603073641741312 2.4038864172967937e-06 0.0 3.2731610705553086e-05 6.548385722162222e-07 2.2001527520281535e-06 0.00037493548395406217 1.3731027511306796e-06 9.632162103712399e-05 2.724748195823257e-05 3.0369014018673427e-06 0.0 0.0 0.0 0.0 0.0 0.0 0.0 0.0 0.0 0.0 1.6743801347177497e-07 0.0 1.1927422453127813e-07 0.0 0.0 0.0 5.56445204281287e-07 0.0 4.468596770958914e-06 0.0 0.0 0.0 5.692054518554838e-06 2.628243119767346e-06 1.8037526894733212e-06 0.0 0.0 0.0 0.0 0.0 0.0 0.0 2.081856414133106e-07 0.0 0.0 0.0 0.0 1.899194293153322e-07 1.0175059799498746e-07 0.0 6.187198875065775e-08 0.0 5.453031690271684e-05 5.553013985927848e-06 0.0 3.5227243429422103e-07 1.4797759979623808e-07 3.3661272200625033e-06 0.0 1.17714680975245e-07 0.0 0.0 1.33106761343354e-07 0.0 0.0 0.0 4.577535923603382e-05 5.297296950012366e-05 3.5640408494506206e-07 3.363175319760436e-07 2.2469040593245103e-07 1.6832590744897654e-07 0.0 0.0 0.0 3.1730208715423924e-06 0.0 4.6090366138520655e-07 0.0 6.603706517429833e-07 0.0 6.733972604560449e-07 7.001301391254929e-08 6.188258732618975e-07 9.40101404375507e-07 2.7617278150071426e-06 1.9188131966999167e-07 1.7628093098626584e-07 0.0 0.0 0.0 7.69639301372776e-05 7.297649900085381e-05 9.00225087777306e-07 4.573650966210891e-06 0.00022245975910240674 0.0 0.0 1.4434759624245669e-06 4.555280360612926e-06 0.0 2.204874968166611e-07 0.0 0.0 0.0 2.132885275072177e-07 0.0 0.0 1.2877272294656901e-07 7.080572528454051e-08 0.0 0.0 0.0 0.0 0.0 0.0 0.0 0.0 0.0 0.0 0.0 0.0 0.0 0.0 7.465835838212991e-08 0.0 9.593488539002116e-08 0.0 0.0 0.0 0.0 0.0 0.0 1.7118257475800636e-07 0.0 1.9068438707220965e-07 7.894694192017468e-08 2.432490840947083e-07 5.271655635940139e-07 0.0 0.0 0.0 0.0 0.0 0.0 0.0 0.0 0.0 0.0 0.0 0.0 0.0 6.849341782576484e-08 0.0 0.0 0.0 0.0 0.0 0.0 0.0 0.0 6.056570549846827e-07 1.8943065731582875e-07 0.0 0.0 0.0 0.0 0.0 0.0 0.0 0.0 0.0 1.717722332647371e-07 1.2013552381338708e-07 0.0 0.0 0.0 0.0 3.9337192043172513e-07 1.0263346326705407e-07 0.0 0.0 0.0 0.0 0.0 0.0 0.0 0.0 0.0 0.0 0.0 0.0 0.0 8.243974546756366e-08 7.745835198273713e-07 5.189790281467724e-07
9.206112862193588e-05 0.002719844382943878 0.00014468746766818156 0.0008255217999202306 0.0015043654835045074 3.2731610705553086e-05 0.0 3.44858424553146e-05 0.0008236477336836898 0.0016968976559839399 0.00038820062436727257 0.00020002020876088821 0.0032651201522044477 0.0008081453896539028 3.0914700958321364e-05 5.161065854168641e-06 0.0 7.923111918691142e-08 0.0 1.7521503697139014e-07 6.938140199717685e-07 0.0 0.0 6.323493412206966e-08 0.0 0.0 0.0 1.0987827542150565e-07 0.0 0.0 1.1649970212838497e-05 2.4371886139506617e-06 4.960578374266903e-07 0.0 0.0 0.0 1.2818037473763275e-06 2.7266076608264525e-07 0.0 1.2071191016648498e-07 1.793967882386211e-07 8.61945657153731e-08 0.0 1.7538430983742716e-07 6.29634041999109e-08 1.7143559219252384e-07 5.7212183634807515e-05 4.61919726877958e-07 5.248168811629241e-07 7.399200456391653e-08 0.0 0.0 0.0 0.0 2.8935263068101665e-06 5.185693196866208e-06 1.187209854389249e-05 3.6830604521989695e-05 7.1165566726268104e-06 2.524478131836865e-05 3.5477592324621494e-07 1.912164124862915e-06 0.0 1.2173948978158511e-05 1.044859425019138e-06 1.4953497163692736e-06 5.165917184075014e-07 2.410531573999637e-07 2.491458757521066e-07 3.43436011770631e-07 3.3645749222759936e-06 1.2138401323575957e-07 0.0 2.14087387453799e-05 2.892601502741928e-05 4.9032218679586796e-05 1.0157391086253381e-05 9.265188667671112e-08 2.0423905517348963e-07 3.018908563885991e-06 1.1896666731281159e-07 8.190800524858255e-07 4.228524674628282e-06 7.65256707855031e-08 5.525165762630102e-07 2.338630281308898e-06 4.3097981736847096e-07 1.8398598555257125e-07 9.406300079522574e-07 0.0 3.207414755739779e-07 5.3087455611316324e-08 4.606365857469549e-07 0.0 2.2291801915637067e-07 6.431591839422968e-05 3.25540653071645e-06 0.0 3.3475705120642824e-07 1.3559925244667468e-05 9.881509086855763e-07 4.2376323348246345e-06 0.00010785162665677464 6.060987653584185e-05 2.3899291101474906e-06 7.065971840808499e-05 2.3053647261789492e-05 4.266139160277288e-05 5.9505205288844504e-05 6.993830706596127e-05 5.170498848408828e-06 5.5461984392608426e-05 0.00016600491179354803 5.469784733250212e-05 1.9044967860890004e-05 1.9655196890629372e-07 0.0 0.0 0.0 0.0 0.0 0.0 0.0 0.0 0.0 0.0 0.0 0.0 0.0 0.0 0.0 8.206288281632285e-07 0.0 0.0 2.0305940560036984e-07 5.04967975325674e-06 1.103138076429968e-07 1.2371076789229371e-06 0.0 8.664352105242678e-06 1.697230177826102e-06 5.265643224374898e-06 2.2660574398149813e-06 9.390368254829162e-07 1.8559981191463576e-07 0.0 0.0 6.711401175902732e-07 8.956159116899487e-07 1.383884053078533e-06 0.0 6.147845780624399e-07 7.453467541420952e-07 0.0 0.0 0.0 0.0 0.0 1.4941818777028034e-07 4.3958757489433447e-07 8.950464284691507e-08 2.051350877925089e-06 1.2867672859346552e-06 6.807332947325044e-08 8.457752340063795e-06 7.470361471283179e-06 1.275465869751146e-05 1.8539080320822348e-07 7.737002968017329e-08 5.6277549249196545e-08 0.0 0.0 6.070861948444297e-08 0.0 2.662367413973913e-07 0.0 2.6384901741979457e-05 4.678760870244403e-07 0.0 0.0 0.0 1.9942104457043804e-05 5.927811618048509e-06 1.0979758692512075e-05 1.8225808215792644e-06 2.211072932904794e-06 1.225992522349704e-06 3.262085296099905e-07 0.0 1.7912481490358473e-07 0.0 0.0 0.0 0.0 0.0 0.0 0.0 1.9824606922409033e-05 3.6047702571539116e-06 4.645312196177435e-06
0.0001111307562904004 0.00044603226316387466 0.0029096721085505066 1.0012470465533644e-05 0.00017832735066957873 6.548385722162222e-07 3.44858424553146e-05 0.0 0.00013392686471717962 2.722744844349025e-06 0.0017963300959240541 2.026335046089079e-05 0.0002144905387444713 0.0008425927536063673 7.930939314397534e-05 2.8154326923139905e-05 1.6578455053335436e-06 1.2758649473875563e-06 5.464304271517311e-07 1.2806984122898649e-05 3.1075412821697165e-05 0.0 6.842206392627156e-06 6.786559653623003e-06 4.482820468472022e-06 1.0215474489873353e-05 1.1101410874801932e-06 2.293526217581474e-06 8.749351048443768e-07 2.2422469946463686e-06 0.0009944235979111261 0.0022876588664430173 7.51774050357793e-05 3.965118796933712e-06 1.5077765990877693e-06 3.2183906353203906e-06 2.9832013320630692e-05 1.1477931946963521e-05 3.924487282700725e-06 2.2329716639168783e-06 2.3545618646446163e-05 6.28408780861107e-06 1.8415673075091335e-06 7.299523110383904e-05 1.4881651781334842e-06 6.980386255819875e-06 0.00011145727508305514 2.1071751987479504e-06 2.642503937992607e-06 5.145054285700216e-06 4.6025109871524406e-07 1.6150364257299718e-07 3.0740037123867137e-07 8.527088076077238e-07 2.3421130828726267e-06 4.000517112074595e-06 1.1015439622897058e-05 8.115618077648678e-05 4.81587581694609e-06 2.0276676000426335e-05 0.00016265562277441114 4.810249785284854e-05 3.892231988889735e-06 0.0003227407119801924 1.6895811998724691e-06 2.3539148390929637e-06 6.153104556577491e-07 5.1495406112265555e-06 1.452555518810407e-05 2.796244432865789e-05 2.4653527996602964e-05 1.1274511099402487e-07 9.306121722816023e-08 1.9800156783621473e-05 0.00013778288160425274 0.00015827261794587293 0.00013515701792868483 0.00046976274074985987 0.0011291604600129578 0.0008972974159327814 0.00020006878703001608 0.00045649291193578174 4.879268389384942e-06 1.1506919912675404e-07 2.0027719033676453e-06 2.120432533320863e-06 8.105657039136624e-06 0.0 5.59072470930316e-07 1.1763443332195854e-07 8.275329682193065e-07 2.0347024778662907e-07 2.3713960516758735e-05 1.4048945071659293e-06 6.806973480567201e-07 7.09116289077025e-06 1.3923856132202023e-06 0.0 2.010693580241023e-06 5.981929269914782e-05 0.0 0.0 0.0 0.0 0.0 0.0 0.0 1.099290663511256e-06 0.0 4.751996855851953e-07 0.0 1.617783086335086e-06 2.453215223185448e-06 7.914187327547861e-07 1.3792895549651814e-06 1.6299472418848007e-07 0.0 0.0 0.0 0.0 0.0 8.007840057554783e-08 1.5256505873015666e-07 0.0 0.0 1.987683651518804e-06 0.0 9.539413330818048e-08 0.0 8.050359321493776e-08 5.310531608047614e-07 9.805302839621986e-08 2.6917510752912535e-07 1.1744624486566429e-07 0.0 0.0 0.0 5.0065613982098e-07 0.0 7.480088186244534e-07 4.360655262521524e-07 7.577303386008467e-07 3.8504099362742114e-07 4.120128869542625e-07 4.844725070009009e-07 0.0 0.0 0.0 7.259249274644787e-07 3.288248822556905e-07 0.0 0.0 0.0 0.0 0.0 0.0 7.646027746361739e-08 1.0992084305775856e-07 0.0 0.0 0.0 1.4186364164323563e-07 0.0 0.0 3.625242105680898e-07 1.2163977781460536e-06 6.393697461488036e-07 0.0 0.0 0.0 0.0 0.0 0.0 0.0 0.0 0.0 1.1655012961060872e-06 2.0525809858681697e-07 3.6209631714117247e-07 0.0 0.0 9.522585308233545e-07 0.0 6.381869523752788e-07 0.0 0.0 0.0 0.0 0.0 0.0 0.0 0.0 0.0 5.332139117574746e-08 8.065296792809089e-08 0.0 0.0 1.2254041890428239e-06 4.952063688096298e-07 7.914576371960158e-07
2.5826219056162493e-06 0.000493111343264815 0.00027662918330200603 1.4159982085705713e-05 0.0027561872361725756 2.2001527520281535e-06 0.0008236477336836898 0.00013392686471717962 0.0 8.56948511829529e-05 0.0012055075131773459 6.0367202875692747e-05 0.0010316631012364697 0.001207446997284722 9.911532542567706e-06 5.347566041125228e-06 0.0 0.0 0.0 1.2786738470365862e-07 5.908280988936043e-07 0.0 0.0 8.800888020230352e-08 5.333218827931786e-07 1.8237287469765025e-07 0.0 0.0 1.6448935814576673e-07 0.0 3.0791357327221946e-06 9.129594874040064e-07 1.7702550787487667e-06 0.0 0.0 0.0 1.5343381541066213e-07 7.369641848538953e-07 4.0365461467624347e-07 0.0 5.357827940313542e-07 3.233433114867181e-07 1.0024986711063332e-07 0.0 0.0 0.0 1.5697582388042836e-05 1.9520163560798088e-07 4.968082532566943e-07 3.8180621102577116e-07 0.0 0.0 0.0 0.0 1.5323677885194598e-07 2.5252695940946243e-07 2.581444135509077e-06 4.000741353021111e-06 7.088936403858429e-07 2.908366967993458e-06 0.0 1.2089558891226243e-06 0.0 1.5738973952258345e-06 1.4399564130186037e-07 3.078442275291836e-07 8.658334811097003e-08 0.0 2.598229252858885e-07 1.2715049693374294e-07 2.5986332221455406e-06 0.0 0.0 1.7927742451523154e-06 6.5376214865713755e-06 1.799060712077605e-05 3.213331485860323e-06 3.6282010804338766e-07 1.5889698454521265e-07 0.00011541549441592312 0.0 4.981757587264501e-07 5.019840203035799e-07 0.0 1.4555059956563617e-07 1.9918860769114553e-07 0.0 0.0 0.0 0.0 2.1709475341613654e-07 0.0 1.8047455362553897e-07 0.0 0.0 3.49912399284156e-05 1.6546543384349486e-06 0.0 0.0 1.7734427033831238e-06 1.2234745670525779e-06 3.670445932267007e-07 1.1709765039002652e-05 7.730313379328631e-07 1.0390543644008e-06 5.949481200339728e-06 6.125545801268318e-06 1.675530873267369e-05 1.344200612012294e-05 3.1179684504073344e-05 1.4160714744865486e-06 1.9631150600197686e-05 7.030456180984453e-05 2.56251828780186e-05 8.778197908084907e-06 0.0 0.0 0.0 8.51057976425507e-07 0.0 0.0 0.0 0.0 0.0 0.0 0.0 0.0 0.0 0.0 0.0 0.0 3.680645436209142e-07 0.0 0.0 8.637145722085308e-08 1.7167841314636887e-06 0.0 7.914370840013809e-07 0.0 5.32447516939771e-06 5.200463733310658e-07 2.931265015584597e-06 1.8317800566124138e-06 7.261134182477345e-07 0.0 0.0 0.0 0.0 4.4429998556165736e-07 7.844219597175438e-07 0.0 2.9261814481835636e-07 5.537852157774016e-07 0.0 0.0 0.0 0.0 0.0 0.0 2.416879533221245e-07 0.0 1.072899847644207e-06 1.5899497375238722e-07 0.0 2.1004154500489345e-06 7.6202157153083495e-06 6.7264641431399815e-06 2.047317271908032e-07 0.0 0.0 0.0 0.0 1.2619325922901856e-07 0.0 0.0 0.0 1.3025670708390363e-05 2.727806488006529e-07 0.0 0.0 0.0 1.2759988233090013e-05 4.1029131529395895e-06 7.001292573385206e-06 1.9731614363633944e-06 2.969436979050739e-07 7.960539643874872e-07 0.0 0.0 0.0 0.0 0.0 0.0 1.468238495661984e-07 0.0 0.0 0.0 1.0046354626473054e-05 1.6091179572293958e-06 2.3478097945465577e-06
0.0009892136410305874 0.0009315756825552817 4.747530292935243e-05 0.003744564248687981 0.000307896598374158 0.00037493548395406217 0.0016968976559839399 2.722744844349025e-06 8.56948511829529e-05 0.0 1.509666822836081e-05 0.002329599551185953 0.0024721623175548084 0.00010733521964502457 8.486947772614578e-06 1.9469285057134795e-06 3.7239093314556e-07 0.0 0.0 0.0 9.62546364626227e-08 0.0 0.0 0.0 1.7991231617426373e-07 2.1930051077592965e-07 0.0 9.422310005347839e-08 4.216817163799574e-07 0.0 9.696123025142062e-06 4.845538531088161e-07 1.564262548358428e-05 0.0 0.0 0.0 2.0173665595903027e-05 3.309016503055014e-06 7.671658723875129e-07 1.2219061149287307e-07 8.452166567268575e-07 0.0 0.0 9.50930055764396e-08 9.510482656065472e-08 4.3542995939623835e-07 3.359924963289215e-05 5.253844798789926e-07 3.772354203850255e-07 6.420511142076868e-08 1.3842482361369863e-07 0.0 0.0 0.0 3.845176661600366e-06 5.094783449153026e-06 5.635849797351402e-05 9.534551065745457e-05 1.1792928424208955e-05 2.2695236783960954e-05 0.0 7.10158227711187e-06 2.0628125364682796e-07 3.841271730977129e-06 1.3652448753238539e-06 1.3165498324069067e-06 2.0196712348049227e-07 1.532031197835073e-07 2.510860590308928e-07 0.0 3.804527989304527e-05 1.631131023259735e-06 0.0 2.5369176744968945e-05 1.6861287846878155e-05 1.9273830504867954e-05 2.7803453108798615e-06 2.2903813974061566e-07 7.16229251404556e-08 4.849549780026376e-06 1.1582609483131083e-07 2.2493279254322733e-06 3.805613152632206e-06 3.3639177340035127e-07 1.1138576835224376e-06 2.6910551438185883e-06 4.782325893579541e-07 0.0 7.03625870205631e-07 0.0 2.8734213622842917e-07 0.0 1.0004926309376524e-07 0.0 0.0 0.0005401535291468838 1.3611845043008495e-05 0.0 6.548379423683846e-07 0.0007364467799515418 2.206330768225626e-06 3.7849226007808913e-06 8.508143456888948e-05 7.216856515392025e-05 7.53444565191914e-06 5.7704837270641824e-05 5.528276199160028e-05 8.677310267131537e-05 6.130411368255211e-05 0.00017046235829769587 6.292743827597638e-06 9.193631163565849e-05 0.0002706635230843712 8.529389746161853e-05 2.1235802155247542e-05 0.0 7.018961820741537e-08 0.0 6.269882679012214e-07 0.0 0.0 1.9448251061854624e-07 0.0 0.0 0.0 0.0 3.44927612380732e-07 3.0389550484549766e-07 0.0 0.0 0.0 6.721162910403856e-07 0.0 0.0 1.6331153009259323e-06 2.5806344031291237e-06 4.204417928881756e-07 1.5148052827358527e-06 0.0 8.483490175041915e-06 2.5350087296553385e-06 5.130230061026093e-06 5.020099619724347e-06 1.4019718368423078e-06 2.513330299261698e-07 0.0 0.0 2.8710457777923643e-07 3.111700619419862e-06 2.1627215097741e-06 0.0 1.6815150006336785e-07 2.4796514284070627e-07 0.0 0.0 0.0 9.859144349064415e-07 2.48133342446028e-07 2.8251797543837706e-07 6.906587896713916e-07 0.0 1.0394094323013483e-06 1.2536574498491574e-06 3.097209826113372e-07 1.082313398733587e-05 1.3615439105933029e-05 1.111704677682613e-05 5.908054243714525e-07 0.0 1.1183689056740991e-07 0.0 0.0 3.342579849738678e-07 0.0 1.268231977646563e-07 0.0 3.189959032343037e-05 1.406877510020104e-07 0.0 8.701243069060465e-08 0.0 2.214237553480611e-05 7.775193857151287e-06 1.9502127132307598e-05 1.5797786120059062e-06 2.2214685210757153e-06 9.457598414560461e-07 0.0 0.0 2.6459102457961604e-07 0.0 0.0 1.9558508697148076e-07 0.0 0.0 0.0 0.0 2.1888331584360522e-05 3.240634391939101e-06 4.822533434558551e-06
9.404240875661499e-05 0.0019822004980329143 0.0019895291751726753 2.0172656020362395e-05 0.0011272273555738626 1.3731027511306796e-06 0.00038820062436727257 0.0017963300959240541 0.0012055075131773459 1.509666822836081e-05 0.0 9.30898560566188e-05 0.0014307392310658998 0.002796851156107038 5.014829446044786e-05 2.7171286937406647e-05 2.207731171907633e-06 7.67648335831076e-07 0.0 1.896220202052242e-06 5.282310545062735e-06 1.6670032157584585e-06 9.51895859399711e-07 2.120209642768111e-06 3.692347374144184e-06 4.89910290748207e-06 1.1627772596352973e-06 3.5264071791403624e-06 6.395556469977518e-07 1.185663793607966e-06 0.0002701598193174544 8.102787446342208e-05 0.00037406120010180424 1.3706265925360529e-07 8.952247207562217e-07 4.846419088597752e-06 0.00010576226211881948 2.106719223681165e-05 6.511470698157042e-06 2.2747762470727793e-06 8.731666573886121e-06 2.821096239224066e-06 8.375640206169844e-07 3.923875740760726e-07 0.0 3.200012935116383e-07 7.633857861212212e-05 9.164660669832982e-07 2.154957440984808e-06 7.395761890301247e-07 5.788046765447121e-07 3.118823886058015e-07 7.464687298084265e-07 4.455208775711798e-07 1.6333374356612787e-06 2.6493084310820017e-06 6.652716448994076e-06 3.249708244926803e-05 4.0307259597184305e-06 1.6691372566279555e-05 2.0751941860344734e-07 1.5536837107460154e-05 5.566534722866423e-08 2.4616681631050854e-05 8.015356963975059e-07 8.400245690628055e-07 7.74204326235253e-08 2.0739420888436875e-06 2.9263479648354635e-06 6.64671986928408e-06 8.579008868066205e-05 6.815412030731202e-07 0.0 1.0858277062939062e-05 4.51782292878191e-05 9.246902743855211e-05 2.3446111223811305e-05 2.3557985275401125e-06 0.00011907816485648048 0.0010925030910824659 9.410196771736094e-08 5.844022418550214e-05 2.1654436818952914e-06 1.073880485455792e-07 1.2042261551203775e-06 7.27806696135419e-07 1.502450439493625e-06 2.306727712364501e-07 4.385680074476062e-07 0.0 2.6408529203754304e-07 1.3352053610114477e-07 5.940492077506402e-06 9.393174252139362e-07 2.132033771183637e-07 2.524994450357513e-05 3.3636867158942646e-06 1.9834545306554068e-07 3.3300637956827337e-06 2.72429537251505e-05 3.659828108585086e-07 0.0 2.1569113297525388e-06 2.902809155403446e-07 8.118455849522582e-07 2.005443002387385e-06 1.1186507449456628e-06 4.477923456961687e-06 1.4221318300691841e-06 3.6978306580992744e-06 0.0 8.047422300717027e-06 1.4416705131719189e-05 7.235212799761794e-06 4.415296658562511e-06 0.0 0.0 0.0 0.0 0.0 8.034934096013066e-08 9.253045201363172e-08 0.0 0.0 0.0 4.4167993948823796e-07 0.0 2.1924385470324635e-07 2.6066616557079923e-07 2.856243648180383e-07 5.867747106156658e-07 0.0 6.414775193402049e-07 0.0 0.0 2.564074166651235e-07 0.0 8.243644909592107e-07 0.0 1.8529176744588204e-06 5.331692782203145e-07 1.5234100220308786e-06 8.709607549118773e-07 1.2476223486454167e-07 5.204002369625489e-07 1.338941719159443e-07 0.0 0.0 1.7556406841026364e-07 8.198836274733193e-07 0.0 0.0 2.947256358379264e-07 0.0 0.0 0.0 8.348647245692535e-07 0.0 1.0795434725571095e-07 0.0 0.0 0.0 0.0 0.0 5.026948917669513e-07 1.1639034174912694e-06 2.3496579494981036e-06 0.0 0.0 0.0 0.0 0.0 1.0063867973892642e-07 0.0 0.0 0.0 6.715154242654161e-06 1.0403534331239188e-07 6.639988927305762e-07 0.0 0.0 3.0263713739351927e-06 7.388189909986059e-07 4.609510219115641e-06 2.2881194878519504e-07 3.74046525977428e-07 7.224284657608487e-08 0.0 0.0 0.0 0.0 0.0 0.0 0.0 0.0 0.0 1.1289755432584261e-07 2.897089673470492e-06 2.4649520294967764e-06 2.4042445336608757e-06
4.920512346492275e-05 0.00013934699644976611 4.969909452072677e-05 0.00017462415188386414 4.9981711558633034e-05 9.632162103712399e-05 0.00020002020876088821 2.026335046089079e-05 6.0367202875692747e-05 0.002329599551185953 9.30898560566188e-05 0.0 0.0012656162577208065 0.00017194618959363487 1.2162525453122797e-05 1.1939505111406129e-05 3.4987046975934428e-06 1.2223751953654408e-06 0.0 1.6168799550789987e-06 5.724448278114435e-06 1.1767337303466716e-06 5.69506399198804e-07 1.356473105421093e-06 1.8318070846428187e-06 3.2822017995932944e-06 7.726601811991525e-07 1.5219245183478453e-06 0.0 5.225937903906418e-07 3.0592777087037697e-06 2.7274517577044213e-07 0.000215042333711625 1.0419171689471591e-07 0.0 1.653521771247381e-06 0.0002925864644395739 8.181002371547409e-05 1.7643926999616988e-05 7.726567054468457e-06 8.864838063432038e-06 2.2308653519724606e-06 8.22241203355875e-07 3.87268281705693e-07 7.847971071671535e-08 0.0 2.9404478599615002e-05 6.62427880905117e-07 1.7547804782363735e-06 1.1123248052044547e-06 2.763984947795349e-07 1.711429069411975e-06 2.2209235313776235e-06 9.89382276324333e-07 3.264731916713286e-07 6.809373452767395e-07 7.2142505920187584e-06 7.966476478738389e-06 3.1697664779984722e-06 4.699459317868209e-06 0.0 6.498942624084966e-05 0.0 1.0608694818527536e-06 4.163669192408026e-07 6.81163289331808e-07 1.1606167303890229e-07 1.6932929737996694e-06 2.587757982171804e-06 3.752110723032816e-06 0.00045030462738947897 1.3278845116105348e-05 8.771290210648245e-08 4.459934569385973e-06 3.9696988639734095e-06 1.184709749987595e-05 1.4494603432416455e-06 6.454289982380278e-07 0.0 4.611863091294546e-05 0.0 6.50241108779252e-06 1.2698094945404884e-06 0.0 8.654066307108015e-07 4.6413969864374895e-07 1.7274634333333375e-06 9.430199731300113e-08 4.3735173600182004e-07 6.354912187469167e-07 1.4370939813421652e-07 2.6300627703251555e-07 4.847296179424843e-06 1.0155517989327467e-06 1.4827421983297524e-06 0.0014714228576845425 8.862425778966316e-05 2.1818526994655592e-06 2.2334788803804572e-05 7.694537025988506e-05 8.590563435715853e-07 2.38029533049426e-06 3.775249542304876e-05 2.1976457359282693e-06 6.978507777474042e-06 2.648052229802706e-05 3.2055512995168064e-05 6.385784491127286e-05 4.331301095718721e-05 0.0001071642684511682 6.137478303822164e-06 8.835752440064888e-05 0.00025314810547587805 9.545451219476379e-05 3.7453539638435766e-05 7.451036933421941e-08 2.5253912303090125e-07 6.482704333069544e-08 0.0 0.0 0.0 0.0 3.965980212107823e-07 0.0 3.5555815395018934e-07 1.0401927161109076e-06 0.0 1.3606191669904565e-07 1.654443989412338e-07 6.397771619628265e-08 3.107444299207448e-07 2.4934720535368344e-07 1.4657548494362646e-06 1.871938912872974e-07 1.2256094892051687e-06 3.633187515220795e-06 9.798751414354936e-08 3.820711376232009e-06 6.994579151254339e-08 1.796503791369978e-05 1.2050432290067247e-06 6.728428018775025e-06 5.458127681295344e-06 2.188172129099518e-06 1.0338898439169014e-06 0.0 0.0 0.0 3.1887695062519466e-06 9.425592016459743e-07 0.0 7.580324237013002e-07 5.071020781721979e-07 6.057240103292056e-08 7.52942981079638e-08 1.291487672994993e-07 2.31319216320336e-06 1.2031760929607461e-06 6.57252003005012e-07 8.578801405258327e-07 0.0 2.312111742377959e-06 1.446626607432685e-06 2.5373694749322123e-07 6.821595055478674e-06 1.184945097418939e-05 1.5245208272198416e-05 1.9659818462122172e-07 2.392916040066891e-07 2.130190735635315e-07 0.0 0.0 1.7918686751254008e-07 0.0 0.0 3.069347675620243e-07 5.126101363101914e-05 1.0115402980553966e-06 1.0772119270259834e-07 0.0 3.207213305207417e-07 3.25673251812839e-05 8.672916332724794e-06 2.6592833035719614e-05 2.525449559257552e-06 2.571263925065902e-06 1.7764809533043276e-06 0.0 2.844617160977497e-07 8.820194620025174e-08 0.0 0.0 8.92401873756677e-08 0.0 0.0 0.0 4.2479389028215875e-07 4.819618704852587e-05 8.71739104241537e-06 1.1303143503413117e-05
