0.0 0.001999340294611745 0.0005968483636868363 0.0011449378604484657 0.0001678176059121304 4.215765626170438e-05 0.0004634576982505892 6.366363136438054e-05 1.5509443149691286e-05 0.0014449506324717674 0.00011694452756975586 3.667918492882985e-05 0.0001020078324351932 0.0001453520687705496 1.1394600475687715e-06 0.0 2.7239730342176575e-07 0.0 0.0 0.0 0.0 0.0 0.0 0.0 0.0 0.0 0.0 0.0 0.0 0.0 0.0005727079474350338 2.5864788090544825e-07 2.050118693704781e-05 0.0 0.0 0.0 2.3907019584074634e-06 1.899675542323197e-07 2.2903047909437114e-07 9.151414273998911e-08 0.0 0.0 0.0 1.0462899269421964e-07 0.0 0.0 3.955119810223128e-06 7.278401475671892e-07 1.8601233840737512e-07 0.0 5.893498544824357e-07 1.9069976526482011e-06 0.0 0.0 4.794480524519383e-06 4.153007960335229e-06 0.0002540370561479572 0.0001647766851229317 3.722177251417416e-05 7.958308299116837e-06 1.1030514967089041e-07 0.0 0.0 4.602743190276781e-07 2.5967043103620653e-06 2.178537595296116e-06 2.4933970134570433e-07 6.622094224610945e-07 9.552179614624659e-08 0.0 4.3496047343962575e-06 1.6798122187551927e-05 8.640398037274921e-07 1.4911304702034544e-05 1.2725396244030645e-06 3.5069454082045566e-06 9.168089464768332e-08 7.913039227191407e-08 0.0 1.921514667428942e-07 0.0 0.0 7.339964686177484e-06 2.2147175773710674e-07 2.765314755474572e-06 1.9626726077019024e-06 3.257157735721476e-07 2.559024745170825e-07 1.0709350846085883e-06 1.6415404827365559e-06 3.9686660013574495e-07 3.639164085410089e-07 9.999003950146905e-08 1.0497427717134914e-07 0.0 7.691568042190029e-05 1.1585625209608648e-05 4.4478127209789673e-07 6.075009539609528e-07 0.0006264532842094198 1.5981850599078763e-07 4.68331344416238e-06 1.308449988306535e-06 2.970722646324061e-06 1.8401649874013152e-06 2.061717420387206e-06 1.3487683618599403e-05 1.1833296221128415e-07 6.60484604533726e-06 1.548114844146684e-05 0.0 8.839983487391472e-06 1.9495905626666112e-05 6.748945463366856e-06 2.928175818582487e-06 0.0 0.0 0.0 0.0 0.0 0.0 0.0 0.0 0.0 0.0 0.0 0.0 0.0 0.0 0.0 0.0 1.4756919874939236e-07 0.0 0.0 7.531589515433058e-07 0.0 0.0 0.0 0.0 1.0662709270525757e-06 0.0 2.632835413666563e-07 0.0 0.0 0.0 0.0 0.0 0.0 0.0 0.0 0.0 0.0 0.0 0.0 0.0 0.0 0.0 0.0 0.0 0.0 1.2516571941320277e-07 0.0 1.1051335008412324e-07 7.157753131159716e-07 1.5089203716661157e-07 0.0 6.217319068684494e-07 0.0 0.0 0.0 0.0 0.0 0.0 0.0 0.0 0.0 1.3749818176261242e-06 8.269929285871744e-07 0.0 0.0 0.0 9.750835097573847e-07 0.0 9.273414234919435e-07 0.0 0.0 1.317690497244092e-07 0.0 0.0 0.0 0.0 0.0 0.0 1.0290230422925548e-07 0.0 0.0 0.0 8.773841138323494e-07 3.4543793837535025e-07 7.977774595397244e-07
0.001999340294611745 0.0 0.0008770950422893918 0.00014130189175862287 0.0014254677034668513 0.00015345977368785805 0.003377226798753989 0.0003704151311990822 0.0003856425359739592 0.00037859277417338536 0.0005786469079193762 4.656567952824739e-05 0.0016292320747755588 0.000884844407667639 6.315208086034482e-06 2.202034155072706e-06 4.81682369032649e-07 0.0 0.0 0.0 2.6210675237326374e-07 0.0 6.08141945686552e-07 0.0 3.3933038035074217e-07 1.1337875159227886e-07 3.6021799916845153e-07 7.711073052345798e-08 9.288228866067742e-07 0.0 0.0010649867352893931 1.5205268399262569e-05 9.777863087982681e-05 1.3522156189655877e-07 1.1397395771947937e-07 0.0 1.2953455014764866e-05 2.1519325505997364e-06 2.6636360635464424e-06 3.749117305272918e-07 0.0 3.1627828611653373e-07 0.0 9.088476537655822e-08 7.32381123703596e-08 0.0 4.63793377104743e-05 5.753144372779017e-06 3.3688125993335984e-07 2.839568266428859e-07 5.31110413671671e-07 9.980995702001464e-08 2.980423206399967e-07 1.813662609409234e-07 2.3846830294076092e-05 2.2641044814913603e-05 0.0003572876503066985 0.00037198285724830075 0.00010753725348705834 5.2645128481518205e-05 5.849006224943821e-07 1.5469118084243068e-06 0.0 5.580449038086635e-06 1.678351418694889e-05 1.4049071663342334e-05 3.463749074199254e-06 4.085892279823274e-06 4.148333997756401e-07 1.1288047816010477e-07 1.523432325618255e-05 4.1199856013778564e-06 8.285932094208193e-08 6.894721969350818e-05 8.688457695856672e-06 2.2139229953511686e-05 6.317535781155748e-07 2.0176471289106815e-07 1.1704319594007607e-07 9.37438151057885e-06 1.5276139736112046e-07 1.3538644592745058e-06 4.364309457491666e-05 2.6243206094570176e-07 1.5004265890529758e-05 9.802599198876664e-06 2.5641102925404894e-06 1.1067219278413246e-07 1.8978035812033684e-06 4.4268265796423154e-07 2.634299215766756e-06 1.5586704853618971e-07 3.372151296078085e-07 9.598311581773728e-07 4.803193577775721e-07 2.230198149172091e-05 9.562292191870286e-06 0.0 5.9019359199527805e-06 0.0007074228272275963 1.5076702977769568e-06 2.1284104937726373e-06 2.2330549656310974e-06 1.2312039165387036e-06 2.580327194947033e-06 6.284519661758349e-06 1.897481013247891e-06 1.1880571464580952e-06 6.728487482821612e-06 1.9338098813348248e-05 1.3130802207496854e-06 1.1087408039905982e-05 1.4596726503103301e-05 1.1440204641252456e-05 5.517656787261859e-06 1.0284276898217299e-06 4.755427417984113e-07 0.0 1.457791900590675e-07 1.0408124846511228e-07 0.0 0.0 0.0 0.0 0.0 0.0 0.0 1.0298948245653642e-06 0.0 0.0 0.0 0.0 0.0 0.0 2.5719253347553893e-07 7.736691168945123e-07 0.0 0.0 0.0 1.5552619960126741e-06 4.575755304007738e-06 4.195551608428969e-06 3.4975592407971263e-06 1.820580545252369e-06 0.0 0.0 0.0 0.0 1.5993323007931637e-06 8.684872130722272e-07 1.7002477641576622e-07 0.0 1.0568701518906656e-06 0.0 0.0 9.977516714937318e-08 3.9484485631663663e-07 0.0 0.0 0.0 8.538037590269894e-08 7.986423237503024e-08 3.850573215641267e-07 9.86081618924509e-07 9.726020540510566e-08 9.838651782174839e-07 9.579442713382815e-06 3.9040528965975753e-07 8.148616541306093e-08 0.0 8.762393674406548e-08 8.048298652174713e-08 0.0 6.91110625227744e-08 0.0 1.0727915599121922e-07 4.182759133522712e-06 1.9404476742391137e-07 0.0 0.0 8.466156262898604e-08 8.087842548661379e-06 5.530140237649854e-06 1.1227364689452366e-05 3.7040265730094174e-07 2.9919674566683164e-07 5.72911228181395e-07 1.281888593922038e-07 5.977170312351652e-07 0.0 0.0 0.0 0.0 2.0216651926701998e-07 1.0520338476688148e-07 0.0 0.0 3.168346739322398e-06 3.787227612965787e-06 6.2801429629919925e-06
0.0005968483636868363 0.0008770950422893918 0.0 3.3414913755487387e-07 0.00022984992602684433 1.6863887103109354e-06 0.0001539121567462506 0.0020313070331651685 0.0001974823864449062 6.687654345570389e-05 0.0014250139519891413 1.7494758049567988e-05 0.00024043463321444007 0.0012994759796961977 8.013992473818858e-06 4.606442830266177e-06 2.353287288479834e-06 5.857284551160765e-07 2.8956925097125525e-07 9.58824174351832e-07 9.422470457841372e-06 4.417397460381208e-07 6.967246320628488e-06 4.937035498459918e-06 3.852622465409726e-06 2.727856335455316e-06 3.5178716293923267e-06 1.628469688865167e-06 7.7997884198385e-07 1.2089155431148627e-07 0.0025874503566362017 0.00022051667947393746 0.00021853810844746696 7.56773599147007e-07 9.436160158855083e-06 7.06930369663996e-06 3.056604748703264e-05 2.2050958319843237e-05 1.5165520120600863e-05 4.416255068791465e-06 3.7876431955983543e-06 1.800405832747545e-06 6.727329858190995e-07 9.91133307701139e-07 0.0 2.0237772571133177e-06 5.350807296973904e-05 4.548372622552733e-06 5.673011985668746e-07 8.809059995343115e-07 6.499431799363978e-06 5.085667112008475e-06 3.7810536748036775e-07 2.3943311339418497e-06 1.0519935206875952e-05 1.2020829608600946e-05 0.0001477258772799762 0.00035547122609332256 5.5275437658329454e-05 3.085470133202714e-05 9.815404731625383e-06 3.706689697695126e-05 1.2836682986908291e-06 0.0001087520321677376 1.014107315638314e-05 9.816442560695695e-06 4.7061258608002055e-06 1.2156007553445538e-05 7.3558138935764595e-06 8.196851506245565e-06 5.05174844425209e-05 1.631000733773724e-05 3.5156114851575544e-07 5.4450338908485045e-05 1.4634810043216919e-05 2.3365854345672994e-05 1.4892557265591726e-06 3.965618202477785e-06 4.001561105886078e-05 0.00023310861057890015 1.920711866218954e-06 0.00010927779606344588 2.0781981544052925e-05 3.133722010808746e-07 1.0342861443901659e-05 7.264609127909829e-06 3.233694203040056e-06 4.1315815774653467e-07 3.1748329016065534e-06 2.1046591830063813e-06 4.6020302839638955e-06 5.5123973237989025e-06 9.332885463318324e-06 7.489430591423146e-06 3.2029411813578427e-06 1.5522284529975933e-05 4.8452373765825354e-05 5.582257386293854e-07 2.6545619838954083e-05 0.00017899626827497562 3.2976072930299325e-06 3.334501398730642e-06 4.209823278123884e-06 3.9144957115349847e-07 2.460280462421604e-06 9.483239055727938e-06 0.0 1.1495792302334366e-06 5.49057603265935e-06 2.458408138103509e-05 2.9976457555834854e-06 1.889135962320731e-05 1.3717575183578054e-05 1.7555118308831387e-05 1.2956160023660997e-05 2.4380474467995755e-06 1.1457548123485347e-06 2.2968872606364979e-07 6.241765238933989e-07 0.0 0.0 0.0 1.44832533066576e-07 1.2221219908738224e-07 0.0 3.0062898410809684e-07 0.0 4.416983846735583e-06 0.0 1.4387608435523474e-07 0.0 1.134148259608211e-06 6.055643355671981e-07 3.345880486915213e-07 6.265968864582463e-06 7.599952409481519e-07 1.4943891149899557e-07 7.288588854465394e-07 1.297899052038838e-06 8.641226255711624e-06 7.417730836577482e-06 7.990427292186525e-06 1.1653049176268762e-05 5.837896861362456e-06 1.33364993465194e-07 0.0 0.0 0.0 1.4096798909033894e-06 4.382423595892318e-07 0.0 0.0 1.2224731290959157e-06 0.0 0.0 1.1620492635718925e-07 5.184487712957672e-06 8.802899128327433e-07 0.0 7.56148725176009e-08 0.0 1.6047327929458855e-06 2.5117967041890473e-06 2.1108006994037658e-07 1.5494863253716063e-06 4.689866917861644e-06 2.4399016810501357e-05 2.0463990611807355e-07 1.039530840451053e-06 0.0 8.161905872772164e-08 1.0964970318641857e-07 8.24402327145189e-08 0.0 9.506884932565003e-08 3.2584187521225294e-07 1.2797783501266443e-05 2.4495482928794085e-06 1.4087560103003966e-07 4.6752434846582417e-07 3.154281427441449e-07 1.3539825732135275e-05 7.3417364351747095e-06 3.2546393049681184e-05 6.342379141305052e-07 3.389446957205813e-06 9.166183272544422e-07 3.3290247613295003e-07 8.972507397485005e-07 8.872482661240657e-08 0.0 0.0 0.0 2.0549269032767934e-07 0.0 0.0 0.0 1.0040869042767526e-05 1.0570932088425388e-05 1.595975097567012e-05
0.0011449378604484657 0.00014130189175862287 3.3414913755487387e-07 0.0 2.625332554331416e-05 0.0004782629529500354 0.00048458974526475557 1.688403496155915e-06 3.0628379487159586e-06 0.0006659637225657273 0.0 1.788038923104614e-05 0.0003420306905987822 3.168921550469984e-06 3.6583263195514855e-07 0.0 0.0 0.0 0.0 0.0 0.0 0.0 0.0 0.0 0.0 7.376910690648891e-08 0.0 0.0 0.0 0.0 1.9022176015850643e-05 0.0 2.637017914443721e-07 0.0 0.0 0.0 2.894938640488882e-07 0.0 0.0 0.0 0.0 0.0 0.0 0.0 0.0 0.0 4.166353481100977e-06 4.912368582157414e-07 0.0 0.0 0.0 1.7775910346998364e-07 0.0 0.0 2.364944575893845e-06 2.355199374360601e-06 4.686306406755692e-05 3.030493264509164e-05 1.3073133360476503e-05 7.067534402224429e-06 0.0 0.0 0.0 6.607177152925759e-08 1.5960264515403077e-06 1.913589820932078e-06 4.912258890959158e-07 1.981569900015807e-07 0.0 0.0 2.626428223723566e-07 4.037877362478605e-06 3.145460898097165e-07 5.580692560529142e-06 6.635342047703632e-07 1.326071017874548e-06 0.0 0.0 1.2036237576669252e-07 0.0 0.0 7.137807825589655e-08 4.699637649705313e-06 0.0 1.5969754766387167e-06 1.3292095697571115e-06 1.896800422268003e-07 9.677492994754593e-08 3.383690025200615e-07 2.7030240774654956e-07 2.3272595494246323e-07 0.0 0.0 0.0 7.979515153246585e-08 3.3138453786760664e-05 3.111069215152931e-07 0.0 0.0 0.00020477523630019914 4.5496859767553556e-07 4.658477607405752e-06 2.067474512039995e-05 4.920472666333902e-06 0.0 3.0044672376743643e-06 3.532686127500975e-06 0.0 1.1519064025088458e-05 1.714765066304065e-05 0.0 1.4424340459008494e-05 8.4016891292518e-06 5.167357958935807e-06 1.0014548303820904e-07 0.0 0.0 0.0 0.0 0.0 0.0 0.0 0.0 0.0 0.0 0.0 0.0 0.0 0.0 0.0 0.0 0.0 0.0 0.0 1.38505073790789e-07 1.294402038100992e-07 0.0 0.0 0.0 0.0 0.0 0.0 0.0 0.0 0.0 0.0 0.0 0.0 0.0 0.0 0.0 1.3286782426218358e-07 0.0 0.0 2.0025604316611826e-07 0.0 0.0 0.0 0.0 1.403864807263555e-07 0.0 3.456641656622807e-07 1.0078803797979303e-07 1.076429589235837e-06 0.0 0.0 1.7607849861225277e-06 0.0 1.0544814447821098e-07 7.82408292487755e-08 0.0 7.903951953332262e-08 0.0 0.0 0.0 0.0 0.0 0.0 0.0 0.0 0.0 0.0 0.0 0.0 2.603828510891406e-07 2.384771662423554e-07 0.0 0.0 0.0 7.519038287991151e-08 0.0 0.0 0.0 0.0 0.0 0.0 0.0 8.819817715151684e-07 0.0 0.0
0.0001678176059121304 0.0014254677034668513 0.00022984992602684433 2.625332554331416e-05 0.0 1.0921902853501553e-06 0.0016518134816567288 0.00048207028352056637 0.0015052663510354137 0.0012310495415764988 0.001305468643022219 2.9699738053342744e-05 0.0029300191787833612 0.0016875663562061145 5.233110102686036e-06 8.783693855856581e-07 8.464887064558567e-08 0.0 0.0 0.0 0.0 0.0 0.0 0.0 0.0 0.0 0.0 0.0 0.0 0.0 0.0001276630388748169 1.55084314363059e-06 1.7485210511707041e-06 0.0 0.0 2.0599146931055493e-07 1.6026695540573585e-06 0.0 4.837447631193461e-07 0.0 0.0 0.0 0.0 7.129005256599241e-08 0.0 0.0 3.5401661133276735e-05 1.1384700994714743e-06 0.0 0.0 0.0 0.0 0.0 0.0 3.8342341362645375e-06 3.592109754310133e-06 4.6359134208187425e-05 6.891052169491576e-05 2.6575345042800262e-05 1.6819311214367468e-05 0.0 3.714539832445888e-07 0.0 4.834018806732469e-06 3.4664725756078833e-06 4.568122173569594e-06 1.349424081075711e-06 1.1115593762042358e-06 6.781486378408828e-08 0.0 4.707638721274391e-06 2.72709503596673e-06 0.0 2.7255577560632657e-05 8.755897301328619e-06 1.435582993750322e-05 4.5227923424322244e-07 1.8430301826980008e-07 1.038335751852664e-07 2.7553985979804327e-07 0.0 0.0 1.2819173783825049e-05 0.0 3.601091594240087e-06 1.6771737915516492e-06 5.884533733970663e-07 0.0 5.392925322597263e-07 0.0 5.309346616310939e-07 6.807399843049545e-08 0.0 2.4584983163750835e-07 3.2445799668677407e-07 4.340033641863811e-06 4.320907973672495e-06 0.0 2.1412752025613603e-06 1.7141070009339198e-05 1.7735357065320324e-06 1.8108142303253555e-07 4.837224058047713e-07 0.0 4.1842012900705023e-07 6.140253584948818e-07 0.0 9.657430880364556e-07 3.066086817083171e-06 6.80339851567904e-06 7.016812380609015e-07 4.856127224062532e-06 7.748618433737691e-06 6.093585401457034e-06 3.6175055283805505e-06 0.0 0.0 0.0 0.0 0.0 0.0 0.0 0.0 0.0 0.0 0.0 0.0 1.9784477918350082e-07 0.0 0.0 0.0 0.0 0.0 0.0 4.387855206021113e-07 0.0 0.0 0.0 0.0 1.8596480865905633e-06 1.4030234644645617e-06 1.4904244799572052e-06 1.4489779833174083e-06 3.051423811233411e-07 0.0 0.0 0.0 0.0 1.1777327767284572e-07 0.0 0.0 0.0 0.0 0.0 0.0 0.0 0.0 0.0 0.0 0.0 0.0 1.628731497608705e-07 0.0 0.0 8.914432061092736e-08 0.0 3.5021924666325876e-06 3.632854347016785e-07 0.0 0.0 0.0 0.0 0.0 7.775048498023513e-08 0.0 0.0 2.5109619934170204e-06 2.198842886225548e-07 0.0 0.0 0.0 3.2050220480010924e-06 1.987926734448144e-07 2.5515326035105502e-06 3.0770884917131374e-07 0.0 9.308632559780423e-08 1.4588144434042527e-07 0.0 0.0 0.0 0.0 0.0 0.0 1.0562326458041128e-07 0.0 0.0 2.160209772587517e-06 1.4940974787550301e-06 9.902602149876963e-07
4.215765626170438e-05 0.00015345977368785805 1.6863887103109354e-06 0.0004782629529500354 1.0921902853501553e-06 0.0 3.8694071804126304e-05 6.083220481239551e-07 2.2214477077805853e-06 0.0008406613469607167 2.8917792678997974e-06 0.00017986834324168466 0.00010587836942896106 8.490942376082947e-06 3.1234020579957624e-07 0.0 0.0 0.0 0.0 0.0 0.0 2.8495455556459805e-06 0.0 0.0 0.0 0.0 0.0 0.0 0.0 0.0 1.112292297668512e-05 0.0 1.09697022865117e-05 0.0 0.0 1.2175951834610227e-07 6.626250104152481e-06 1.3573694422878826e-07 7.768822242015783e-07 0.0 0.0 0.0 0.0 0.0 0.0 0.0 1.1445677194336082e-07 3.590611328638871e-07 0.0 0.0 3.660750634724581e-07 2.1824096719778057e-05 8.090528366586798e-07 0.0 1.6770984644971278e-07 2.278691599524439e-06 5.214609947056077e-05 1.7527285168397394e-07 1.2836076259546679e-06 7.75534532463153e-08 1.379754296071912e-07 2.770047195635199e-07 0.0 0.0 0.0 1.2977724648039794e-07 1.8075587698430744e-06 2.3926121551250825e-06 0.0 0.0 1.0996042874975345e-05 0.00021512491890024452 1.5057451972916186e-05 2.537632167678113e-07 0.0 0.0 0.0 0.0 0.0 8.193863728207737e-07 0.0 0.0 3.070689683268612e-07 3.128235049530122e-06 0.0 5.312673638825411e-06 0.0 7.214697430897078e-06 8.277059127282596e-06 1.881685871835646e-05 2.5809987724900722e-06 6.882314314982141e-06 0.0 0.0 1.2727385785600462e-06 0.00010808844148763229 0.0001949435973909676 1.589483555159075e-05 1.3172192441665159e-06 0.0002942377137837378 0.0 7.140877476233193e-06 0.0 6.598240453351862e-06 5.098998477354581e-07 2.3325599159305287e-06 8.310223499423204e-06 0.0 7.865265191452028e-06 2.493692095419118e-05 3.019786581374306e-07 8.027904231326215e-06 1.957919434640928e-05 7.3358231682670605e-06 7.247551308431199e-07 0.0 0.0 0.0 0.0 0.0 0.0 0.0 0.0 0.0 0.0 0.0 0.0 0.0 0.0 1.185482336823548e-07 0.0 0.0 2.34827396168867e-07 0.0 1.0344950964774685e-06 0.0 0.0 0.0 0.0 5.080134385087401e-07 2.557505432273213e-07 0.0 2.585707045996771e-07 0.0 0.0 0.0 0.0 0.0 0.0 1.0808344724538007e-07 0.0 0.0 9.636055797586909e-08 0.0 0.0 0.0 5.954671110981327e-07 0.0 2.6185265992990553e-07 0.0 2.6641734373341864e-07 0.0 0.0 0.0 0.0 0.0 7.718981594832539e-07 0.0 0.0 0.0 0.0 0.0 2.0647407732296603e-07 0.0 0.0 0.0 1.4599081757389777e-06 6.524996294329033e-07 0.0 0.0 0.0 0.0 0.0 1.3255572652781328e-07 0.0 0.0 1.2696275259748505e-07 0.0 0.0 0.0 0.0 0.0 0.0 0.0 0.0 0.0 0.0 2.484725661481593e-06 2.1037300406849025e-07 4.90222244565798e-07
0.0004634576982505892 0.003377226798753989 0.0001539121567462506 0.00048458974526475557 0.0016518134816567288 3.8694071804126304e-05 0.0 9.576559693432713e-05 0.0003886927204875157 0.002104850697598976 0.0002660158322531733 0.00019365085002696458 0.004298379245227634 0.0007931645999672678 5.413715190526049e-06 1.6586523163164502e-06 3.6591315420832535e-07 0.0 0.0 0.0 0.0 0.0 0.0 0.0 0.0 0.0 0.0 0.0 7.181182745380256e-08 0.0 0.00014573222578916425 1.240268613567838e-06 3.1543019421567567e-06 0.0 0.0 0.0 4.786542899563341e-06 8.922373863494048e-08 6.790595537291761e-07 0.0 0.0 1.3333037654610824e-07 0.0 0.0 7.31575834651998e-08 0.0 3.923078687261029e-05 2.638893001995519e-06 1.7412589683395174e-07 0.0 3.4227042375917854e-07 8.163331392710686e-08 0.0 0.0 1.0698305288324629e-05 1.0998847324364056e-05 0.00012827128043394764 0.00013055195916702404 5.5422194922696316e-05 2.8440302123518564e-05 2.1976565050727923e-07 1.5285413265492786e-07 0.0 2.711437425631633e-06 9.68670941021003e-06 9.041288009452555e-06 1.671300429889503e-06 2.364091731816393e-06 0.0 7.568516402105568e-08 8.109700325927215e-06 2.4479395108115993e-06 9.941236800123049e-08 3.98236847351316e-05 7.407307571817858e-06 1.6424152963179792e-05 2.6793253905360743e-07 2.625142594985731e-07 0.0 3.2595405425211863e-07 7.127082168338734e-08 3.890549703880811e-07 2.2846610337802208e-05 6.816079350356048e-08 9.144486167273901e-06 5.743129213823164e-06 1.528153509293395e-06 3.746698045606838e-07 1.2539391369148094e-06 0.0 1.1175169586220595e-06 5.608803654069204e-07 0.0 2.53438939252725e-07 4.007871591297062e-07 2.2661980168360703e-05 4.998048004604006e-06 0.0 2.4430615252648084e-06 0.00011727624445632208 1.0250377661568207e-06 3.907632707766755e-06 4.061252623346753e-06 9.29728906635642e-07 7.446118985205922e-07 4.098107535564131e-06 5.047871256851928e-06 2.839473216244997e-06 7.134727498513541e-06 1.725506765476983e-05 1.0343653828106408e-06 1.012974063873095e-05 1.593721685138949e-05 1.0662989651605591e-05 4.981973108728715e-06 2.8388312932417904e-07 0.0 0.0 0.0 0.0 0.0 0.0 0.0 0.0 0.0 0.0 0.0 0.0 0.0 0.0 0.0 3.005952053388583e-07 0.0 0.0 8.231769786765224e-07 0.0 0.0 0.0 0.0 6.321319562077027e-07 3.2937088518791614e-07 6.617088141829175e-07 7.136883266484405e-07 0.0 0.0 0.0 0.0 0.0 0.0 6.761634732758199e-07 0.0 0.0 3.6040005728883137e-07 0.0 0.0 0.0 5.745928494621151e-07 0.0 0.0 0.0 0.0 3.658846305055891e-07 4.1597250528582356e-07 3.119063302139949e-07 0.0 5.308421791126371e-07 1.8986728024627556e-06 0.0 0.0 0.0 0.0 0.0 1.5635998707806662e-07 0.0 0.0 0.0 4.673155460481376e-06 0.0 0.0 0.0 0.0 2.7105376052508404e-06 1.5037704197978763e-06 5.633767747708402e-06 1.2876094322679437e-07 1.0318914438450053e-07 2.569942910807286e-07 0.0 2.3157377828585334e-07 0.0 0.0 6.742088679202651e-08 0.0 9.722815615142483e-08 0.0 0.0 0.0 2.5271047993858816e-06 5.296932486236894e-07 1.7590461710927106e-06
6.366363136438054e-05 0.0003704151311990822 0.0020313070331651685 1.688403496155915e-06 0.00048207028352056637 6.083220481239551e-07 9.576559693432713e-05 0.0 0.0007736326583739568 2.9681819746658296e-05 0.0005198235283961065 2.2955553314367865e-05 0.0001429789223063745 0.0006738279119718946 2.4302509809121627e-05 1.2375851411315932e-05 6.235420590934351e-06 1.977288690464185e-06 1.179712287108043e-06 1.1403137690427701e-05 4.2280120590900155e-05 1.8069076138875827e-06 1.5174263886062316e-05 1.1868955439416955e-05 1.1575331399088517e-05 4.938423055531948e-06 8.958418298113156e-06 3.60254567114126e-06 2.4162396924452533e-06 7.480510934229474e-07 0.000950599077701286 0.001465343340760613 0.00012406318838094105 2.339709726594089e-06 2.9588864731203217e-05 1.4084729172071269e-05 5.5166661653186924e-05 6.626356322350458e-05 3.662420655612296e-05 8.390700306252823e-06 1.766903430117175e-05 3.897541277174807e-06 4.256252455869559e-06 1.8069338300174464e-05 0.0 2.2804582198428365e-06 0.00010059574550431637 4.3973215630825745e-06 1.4428577333094e-06 3.7705702960744578e-06 1.9531232392152566e-05 8.737644858890403e-06 6.802942216259054e-07 1.006503127977831e-05 7.594334982861998e-06 7.5834496979770824e-06 7.318470037998142e-05 0.0002036693133752856 5.360638050324605e-05 3.95077238151199e-05 0.00012320648744388351 0.00010899366583956438 3.4036165655268746e-06 0.00018412651008502113 6.852805872651199e-06 1.0903513280435562e-05 1.3643387946329546e-05 3.382471514305186e-05 3.346734046746027e-05 7.323889470341816e-05 3.8577609811889394e-05 1.2824861089525085e-05 2.3877641899771836e-07 6.767524036562598e-05 4.088555165037597e-05 4.872437176401674e-05 6.989927908061951e-05 0.0001655649978351898 0.0007000909214453274 0.000461914404455672 0.0001307556620748288 0.0009699797112557233 2.1447093812033994e-05 9.766474574603524e-08 7.735400810647436e-06 7.265744268838196e-06 1.1479810500959968e-05 7.943273154734925e-08 8.951015905006363e-06 2.766949300672208e-06 1.0052635954859965e-05 4.385353435158964e-06 4.2333815656411244e-05 2.1667270122706485e-05 4.898659636957129e-06 9.762630573280917e-06 2.5851406835326858e-05 1.5318369849643102e-07 2.169138982028653e-05 1.3844794336856965e-05 6.094513552633058e-07 3.5851798515497347e-07 1.766024886103734e-06 0.0 9.468652394686087e-07 1.7891570635602466e-06 0.0 2.5899769538294236e-07 2.57225021760092e-06 2.3826674406682918e-06 6.808497420230395e-07 3.654064626917732e-06 5.117257372216224e-06 5.362315192160031e-06 1.7548095032186812e-06 6.978893018085699e-07 7.612329754090048e-07 1.7113677509557413e-07 1.990034880873325e-07 0.0 0.0 0.0 1.9753801633942768e-07 1.0417984415586715e-06 0.0 1.397786803999035e-06 0.0 3.2817361939551865e-06 0.0 0.0 5.082904669891867e-07 6.346199707691846e-07 1.3855327671977878e-06 0.0 2.2285546530662455e-06 5.652935436475788e-07 6.182936765036168e-07 1.2083443107340853e-06 3.4278657772142615e-07 2.532377992541574e-06 4.1759212742498984e-06 2.4584930613085817e-06 6.671077264896971e-06 2.920805468077388e-06 2.0055059296956088e-07 1.7116021668336386e-07 0.0 0.0 1.201635899048782e-06 1.708575527911625e-06 0.0 0.0 1.274602224701232e-06 1.383872006535486e-07 0.0 6.175500579856167e-07 3.2615196803897286e-06 2.0800971884303835e-06 0.0 0.0 1.3199556304660499e-07 3.5988851980272624e-07 3.356054694782545e-07 0.0 9.327504767466759e-07 1.1540628928850543e-06 9.55266422488393e-06 4.374317422993195e-07 1.2709100282807166e-07 1.9777430142452443e-07 9.13738590723107e-08 0.0 1.0955228489663955e-07 7.512172776425363e-08 0.0 1.0773235558716645e-07 2.7894438855663912e-06 3.1896981543448377e-06 2.3125800865691425e-07 9.456978164671596e-07 5.07018202085026e-07 3.1418416273653393e-06 1.936000071986874e-06 8.792655739837792e-06 0.0 6.681843332944097e-07 1.9261978629600557e-07 2.2373662487974764e-07 2.2971567989841835e-07 0.0 0.0 0.0 0.0 1.0829604461931924e-07 2.4161873812516155e-07 0.0 0.0 1.575424927855757e-06 4.589385150479189e-06 1.0967092287887537e-05
1.5509443149691286e-05 0.0003856425359739592 0.0001974823864449062 3.0628379487159586e-06 0.0015052663510354137 2.2214477077805853e-06 0.0003886927204875157 0.0007736326583739568 0.0 0.00040328042301702923 0.0004747809948508905 0.00013164488148978995 0.0008045164537829952 0.0005209512319352841 5.042633844712332e-06 1.7433559593893515e-06 1.931706303491509e-07 0.0 0.0 1.2704691348531607e-07 0.0 0.0 0.0 0.0 0.0 0.0 0.0 0.0 1.188171600476118e-07 0.0 1.2406883610069082e-05 6.909208175472691e-07 3.170900768162321e-05 0.0 0.0 1.373418548425414e-07 1.5149882512778389e-05 7.024249563586453e-07 1.2124737619475021e-06 8.839526742288632e-08 0.0 0.0 0.0 0.0 0.0 0.0 9.012499956915268e-06 2.6322582211090943e-07 1.566375809770608e-07 8.415534672921228e-08 0.0 0.0 0.0 0.0 8.202898584441517e-07 1.0667544064747479e-06 4.1425665689221646e-06 1.0218894691192883e-05 6.172149004872757e-06 4.1666972821859165e-06 0.0 8.212461142479885e-07 0.0 2.049478037904319e-06 5.706490484398514e-07 7.878527010316766e-07 7.211894285297017e-08 0.0 0.0 0.0 2.0457500757672684e-05 2.3264642316954226e-06 0.0 5.926863241430428e-06 1.7574144197278988e-06 4.676192835703813e-06 1.4104891245808558e-06 9.187444805973723e-07 0.0 1.1197982362065496e-06 0.0 0.0 2.40667780625716e-06 0.0 8.127797032141443e-07 4.655400153986256e-07 1.9016352164897326e-07 0.0 7.435905131520421e-08 0.0 0.0 0.0 0.0 0.0 0.0 1.9689314218400056e-05 9.368768766955298e-06 0.0 2.4351905664815326e-06 3.3396731491468915e-06 1.0541645310121092e-06 2.373838503217604e-06 1.0594594162840844e-06 2.1693866553085e-06 3.064474416336656e-06 4.887520638791882e-06 2.4654732530598118e-06 1.129409094292857e-06 5.3049593674996805e-06 2.0757497983007472e-05 3.9966902732165144e-07 1.0341152117112099e-05 1.8091382891728465e-05 1.4978490241671058e-05 3.7489404223952456e-06 2.0688213656285723e-07 1.2468073664289128e-07 0.0 2.467613728121956e-07 0.0 0.0 0.0 1.943454237476693e-07 0.0 0.0 0.0 0.0 1.506774441977982e-07 0.0 0.0 0.0 0.0 0.0 0.0 1.1849951322909438e-06 3.598543419145129e-07 0.0 5.424979964384239e-07 0.0 2.4450072967870534e-06 1.3062098133244716e-06 1.3986448299711772e-06 1.0700464994269376e-06 6.656069360385091e-07 0.0 0.0 0.0 0.0 9.887021808975399e-08 1.085854324840204e-07 0.0 9.546632526072469e-08 3.9998524928542866e-07 0.0 0.0 0.0 9.106267265959957e-08 1.2932491164222956e-07 0.0 9.497050641024591e-08 0.0 5.99973756350719e-07 6.966051298549927e-07 5.045814277479324e-07 1.1621469146810737e-07 7.082910274475177e-07 6.287149609679272e-06 0.0 0.0 1.8131015811702463e-07 0.0 0.0 0.0 0.0 0.0 0.0 3.6893011848638885e-06 4.3680213876846944e-07 0.0 0.0 0.0 1.996691333920085e-06 1.4194538489587712e-06 5.98099257499409e-06 0.0 2.294943498013094e-06 4.5511289914089423e-07 0.0 3.167662223672592e-07 0.0 0.0 0.0 0.0 0.0 0.0 0.0 0.0 4.001631485860905e-06 1.5535824168907087e-06 2.5195878458293357e-06
0.0014449506324717674 0.00037859277417338536 6.687654345570389e-05 0.0006659637225657273 0.0012310495415764988 0.0008406613469607167 0.002104850697598976 2.9681819746658296e-05 0.00040328042301702923 0.0 0.00011271887666991758 0.0012587539274598184 0.005927614678462978 0.0005067454126405594 3.289902668742423e-05 1.552996328636488e-05 1.2154039205093276e-06 1.124477799754992e-07 0.0 1.9900168539996273e-07 0.0 2.2398762415105066e-07 0.0 0.0 1.1051722819016225e-07 0.0 0.0 5.286851406130362e-07 5.332686628321624e-07 0.0 0.00012131220972626793 4.150839001482246e-06 2.3594797284672207e-05 1.4128036088640538e-07 1.6613447729208185e-07 0.0 3.7102844046496444e-05 1.7412322539761332e-06 1.3948512373750997e-06 0.0 2.1911936380328032e-07 4.5163349300182244e-07 0.0 3.576509390939996e-07 0.0 1.7775870435100877e-07 0.00012798430332102638 6.955456731926296e-06 4.5601300555695186e-07 1.895906262724671e-07 6.732651178443072e-07 2.6758692663372027e-06 0.0 7.940803938677158e-08 2.186676798616401e-05 1.9551064680532922e-05 0.00022987403796156036 0.00017455298033255474 0.0001060926911099553 7.471702150956619e-05 3.1265518384254853e-07 1.6372510779419829e-06 0.0 1.1472017051081604e-05 1.855574577888257e-05 1.5805344596150167e-05 3.4822483052035887e-06 4.219980869337896e-06 2.1872337126039552e-07 2.4287637531889387e-07 0.00012002243143492675 4.923751384144047e-05 1.371399186016189e-06 9.207701641198813e-05 2.0156981717538193e-05 6.973686898204128e-05 5.666480184129816e-06 4.071873997461529e-06 4.6958736783891524e-07 1.0892094719384376e-06 0.0 7.416270074433481e-07 4.9839136611051656e-05 3.7469639918837494e-07 1.6841584999992774e-05 1.3059336655665633e-05 2.615627239418123e-06 5.798112369305766e-07 3.001130356921213e-06 2.1722436553622343e-06 3.3089851239897334e-06 1.2476033294004654e-06 0.0 9.727628191741275e-07 1.785900691756306e-07 0.0003565440651417407 0.00013672798502736301 8.610032600029189e-07 2.0717682891829373e-05 0.000603677939604534 2.969026267619245e-05 5.780048335636018e-05 3.0556069998256035e-05 3.4902294494274506e-05 4.05361070963037e-05 9.98817597675118e-05 7.985556605195387e-05 3.8349681466584167e-05 0.0001694052345944485 0.0004819374625329159 2.1516369690737443e-05 0.00028311800650863316 0.00039223078312011897 0.0002938961455565991 0.00010233665570919169 5.246889392605638e-06 4.198726646437817e-06 2.2113518070561197e-07 9.72008776998901e-07 0.0 0.0 0.0 0.0 0.0 0.0 0.0 0.0 4.088768869966692e-06 0.0 1.953856342278666e-07 0.0 1.6556027147494158e-07 0.0 0.0 3.935705856400679e-05 5.660130952913951e-06 0.0 6.7893552750774e-07 0.0 4.195160783146413e-05 2.7020259820195248e-05 2.2898927844171588e-05 1.5748709873045653e-05 1.2620417682982298e-05 0.0 0.0 0.0 2.3045134929683595e-07 4.065667704054525e-06 7.685082491223104e-07 0.0 1.3111085331020067e-06 7.783198387754348e-06 1.943735483314307e-07 1.6670974742648826e-07 0.0 1.8566651578482784e-06 0.0 0.0 3.0448223833893187e-07 7.559275467441105e-08 5.966577056168655e-06 8.001253101692205e-06 8.646136902494525e-06 1.2012522193262716e-06 6.359662895383364e-06 0.00011197547669616413 2.5748384975008685e-06 2.504753611287381e-07 9.223612235756918e-07 1.4643056552999585e-07 0.0 0.0 7.195179182630112e-08 0.0 1.3557048500834232e-07 9.986525258587488e-05 3.8079210870101614e-06 0.0 0.0 0.0 6.0334804253419364e-05 2.8009567171890395e-05 0.0001183401157337542 5.056400748639749e-06 1.9724172238606497e-06 2.8756425551472854e-06 9.666150033489223e-08 3.055775345548404e-06 1.5696626875681928e-07 1.9399101940196435e-07 0.0 0.0 2.895295386332573e-07 2.221193016658765e-07 3.7684036654154944e-07 0.0 0.00011198231329156016 2.7873940011987624e-05 3.0178443001474962e-05
0.00011694452756975586 0.0005786469079193762 0.0014250139519891413 0.0 0.001305468643022219 2.8917792678997974e-06 0.0002660158322531733 0.0005198235283961065 0.0004747809948508905 0.00011271887666991758 0.0 0.0001622468400924002 0.0008560544745083591 0.0024713474198979255 4.5532866684989025e-05 1.84702997479085e-05 2.09081066590059e-06 5.816304810858095e-07 0.0 4.4556067828397547e-07 2.5624410705559225e-06 7.578894825848368e-07 4.973441967249133e-06 3.225999747971427e-06 5.934853749650639e-06 6.577694300773088e-07 2.7857896520123673e-06 1.5036476241932796e-06 1.0038323555073666e-06 0.0 0.0006171448081375374 0.00012706277480597589 0.0007136048804230459 3.220772919136647e-07 4.472779674970818e-06 8.560560153404214e-06 0.0002726719113054976 7.675457123166465e-05 8.25463028526595e-05 9.112535828579025e-06 2.6901953625563207e-06 6.619186576359302e-07 3.725383495873709e-07 1.534582191793188e-06 3.4685354685932986e-07 9.092906226118069e-07 0.00011660115714084205 3.9782521672831795e-06 5.357507172169532e-07 3.618047631728146e-07 2.194397266264216e-06 4.84995923942513e-06 6.262678141938754e-07 1.9326046072201975e-06 7.0366368595614216e-06 7.084931579263411e-06 7.643596368721086e-05 0.00016153167162638149 6.32045335017471e-05 4.007728715351642e-05 5.195758772939717e-06 6.284283866259195e-05 7.638022372898013e-07 5.121913386414752e-05 7.1238105368859876e-06 7.773893351256531e-06 1.7379147704051601e-06 3.887733034799486e-06 1.8514689081789557e-06 1.5312913427618039e-06 0.0002103122736197257 3.522757757631403e-05 4.1242568129991594e-07 8.031082616612864e-05 3.751660454794785e-05 6.713738287229233e-05 1.0660028794142612e-05 8.184391158194234e-06 1.2928642592988098e-05 4.5341429960506304e-05 6.019405148790582e-07 5.8954125557889794e-05 2.097652604169327e-05 8.093732360677273e-08 8.164137320352645e-06 4.1887386408762215e-06 1.7188750325291299e-06 8.769329630471398e-07 2.654210443228348e-06 1.022762768044202e-06 4.353459791314464e-06 3.1450842827805096e-06 2.4135634733311785e-06 2.899116099062991e-06 3.446096900047237e-06 6.415091991818157e-05 6.898279091936673e-05 2.543163091911818e-07 6.59150286873029e-05 2.284327933074997e-05 3.659814647512683e-06 3.7267987717585437e-07 1.087941836814385e-06 4.64579635365382e-07 1.3991658997487976e-06 7.9774348453699e-06 0.0 2.4839571911554264e-06 6.136215824667891e-06 2.9475397494934213e-05 3.4932530530496606e-06 2.159162494375473e-05 2.2477760067057925e-05 2.337437209671097e-05 1.1341835018136911e-05 1.0672479902589682e-06 7.105155104018862e-07 0.0 0.0 0.0 0.0 0.0 0.0 5.885493149466384e-07 3.618928287746163e-07 2.2156004285434456e-07 0.0 2.0350804328688715e-06 2.656104981178187e-07 5.251953374246694e-07 2.0791445113933542e-07 6.89712185511666e-07 1.1842521057994225e-06 0.0 6.991623742634565e-06 6.704294773077099e-07 2.974630925757562e-07 5.782846401116728e-07 4.588658414693825e-07 1.0856670834947368e-05 6.697358836968197e-06 6.931425472459094e-06 1.0038675019242924e-05 6.704323961978126e-06 1.1813595708529599e-07 0.0 0.0 6.022883071537464e-07 1.1453319457946768e-06 2.023066233311597e-07 0.0 3.434765945611033e-07 1.6281122977791335e-06 1.9765831079844877e-07 0.0 0.0 3.1232974356084876e-06 1.3299445140893912e-07 0.0 8.588176246287695e-08 0.0 9.994670981516223e-07 1.57819630358542e-06 2.8285656206093873e-07 1.189314012021809e-07 3.3102890190726517e-06 2.094604485994483e-05 1.0400674891726595e-06 0.0 1.2946602015578942e-07 0.0 1.5748347373236743e-07 0.0 0.0 0.0 0.0 1.8990884808838766e-05 4.243858055576839e-06 1.8966374486866047e-07 0.0 4.081625518378541e-07 1.0564012349894882e-05 7.107130569992836e-06 2.6012146793946875e-05 6.694991708892216e-07 1.213690822045457e-06 9.64456814056278e-07 7.565120963946823e-07 1.0827658291290707e-06 1.5750190637702274e-07 0.0 0.0 0.0 0.0 1.7986486848528167e-07 2.3881382974962805e-07 0.0 1.2539661732341658e-05 1.2934394875257232e-05 1.9981807168857724e-05
3.667918492882985e-05 4.656567952824739e-05 1.7494758049567988e-05 1.788038923104614e-05 2.9699738053342744e-05 0.00017986834324168466 0.00019365085002696458 2.2955553314367865e-05 0.00013164488148978995 0.0012587539274598184 0.0001622468400924002 0.0 0.0004659450192896365 0.0004939763878698896 3.157833325559924e-05 2.7854327312215256e-05 2.103857419505727e-06 0.0 0.0 1.1382435462373811e-07 0.0 1.2874110701374413e-07 0.0 0.0 0.0 0.0 0.0 1.5867151788085092e-07 0.0 0.0 1.8426714798409366e-05 2.0675452691822534e-06 0.00011628567272232244 0.0 0.0 8.819107150336785e-07 5.198511833764821e-05 1.4887071508322008e-05 7.885350594434245e-06 3.7249851751368054e-07 0.0 1.2274717816127716e-07 0.0 9.62750533874894e-07 0.0 1.0156298068533637e-07 3.236343508231259e-05 1.5011267754441326e-07 1.6184460020672184e-07 1.0174884373994313e-07 6.842227629993639e-08 0.0 0.0 0.0 1.3260117487067818e-06 1.5179299570168052e-06 2.2503930471190688e-05 1.6383149508558026e-05 1.3896491938286583e-05 1.0603206338776292e-05 1.5521789482755473e-07 2.6599447119277567e-05 0.0 5.814115636629036e-06 9.997352728428098e-07 9.041416153251406e-07 3.445259249098761e-07 4.523859320491668e-07 0.0 8.454881151858965e-08 5.5376009393780824e-05 2.4436344239673064e-05 0.0 2.314088919267674e-05 9.832229851437703e-06 3.2606830338906735e-05 9.273411567474285e-06 1.0727947921106901e-05 1.722733328963014e-07 3.0350834733015154e-05 1.5912082606679333e-07 7.160635581700081e-06 4.056032260239366e-06 0.0 1.2954577343974138e-06 4.527649221237228e-07 2.688394304922376e-07 0.0 6.771747210224088e-08 0.0 1.4717868744042884e-07 1.539383659580517e-07 0.0 0.0 9.57316815067516e-07 0.0011014199219475864 0.00015482673402563145 0.0 1.0221119972385204e-05 0.00010144448444355243 1.140518743244289e-05 1.305890709721696e-05 9.110119169838256e-06 6.811677773173592e-06 1.4616556749324891e-05 3.633144767269235e-05 2.086798747242888e-05 1.0812187362204116e-05 4.9065900704544435e-05 0.00016055534782114986 8.473676648878333e-06 0.0001174361702188853 0.0001941367868313176 0.00015679245181133184 4.838401459688732e-05 1.4930237622368939e-06 1.363053781203538e-06 0.0 0.0 0.0 0.0 0.0 0.0 0.0 0.0 8.796297500923852e-08 0.0 8.463249812003884e-07 0.0 0.0 0.0 2.9787971291765806e-07 0.0 0.0 1.3564692274445035e-05 1.533652178061948e-06 0.0 9.418935075266078e-08 9.817361578699178e-08 2.458989204775827e-05 3.897092707358969e-06 5.298832864627732e-06 3.4527548364861866e-06 3.0805746762227987e-06 0.0 1.27233847509172e-07 0.0 1.2755460612529675e-07 1.1512639114262972e-06 2.147931402832769e-07 0.0 9.354499977568983e-08 2.004591754335687e-06 9.52982429564477e-08 0.0 0.0 2.901356473604542e-07 0.0 0.0 1.0771178100401269e-07 0.0 2.68353920219681e-06 3.498734652830056e-06 3.5761596230263825e-06 8.822438463380238e-07 6.408604420644022e-07 2.3857612632873433e-05 1.3858721979299526e-06 1.952484570362092e-07 2.0431608093782542e-07 1.484961259605602e-07 0.0 3.58266473680986e-07 1.0286996228832648e-07 0.0 0.0 5.3635937711263744e-05 8.448066062323666e-07 0.0 0.0 0.0 1.7341635655746093e-05 5.380493305341163e-06 3.3848657472159484e-05 1.6908406163961202e-06 1.3507270448810215e-06 1.695086330966913e-06 5.334623685746251e-07 9.687159456766079e-07 6.859101049853903e-08 0.0 0.0 0.0 0.0 0.0 0.0 0.0 9.46191449542573e-05 1.216354365140891e-05 7.985585879241796e-06
