0.0 0.0024456498247185906 0.0002331336979361974 0.0015587819690349124 0.00017340993511428873 4.816240874050715e-05 0.00023188896365243454 3.598756146961273e-05 0.00010485738850163253 0.0007358111864405302 0.00013229485880581588 1.4713340668067531e-05 7.162677987929935e-05 0.00019709358000626672 1.0811549570382881e-06 1.318038751798856e-06 8.306096701536268e-08 3.5533692185580287e-07 0.0 2.2720368055211006e-07 5.422226510623256e-07 2.9287166536875135e-07 1.0543012136395127e-06 0.0 2.2453802917974518e-06 1.4899698434893963e-07 1.0667888020042063e-06 0.0 9.952300698010028e-08 1.9551124033206924e-07 0.0005434744405093176 4.236191661456727e-07 8.959717348257686e-06 0.0 1.788524748371429e-07 1.0505493034239674e-07 7.9925872227241e-06 1.5220179466086854e-06 7.509128486849867e-08 1.0160326705114987e-06 7.622524308978228e-07 1.2383186760772135e-07 9.4293261735145e-08 7.659251494814622e-08 0.0 0.0 8.50321709984136e-06 2.0932811355957746e-07 5.021485605277207e-07 1.9016685888676385e-07 1.5470574903836879e-06 8.699508429524755e-07 2.3696012957115754e-07 3.904463383786074e-07 5.908314775657941e-06 8.387558007579192e-06 0.00019710121602167598 0.0004386955882057528 3.077262872963562e-05 2.560333184802738e-05 5.214534601731361e-08 1.4162758258389757e-06 0.0 1.491465409886721e-06 2.6543236216616303e-06 7.512709914323087e-07 1.4516157228935934e-07 3.8878691125084605e-07 9.818563399741266e-07 3.9548241929777325e-07 3.615563771922526e-06 0.0 6.795818355710528e-08 0.0001394220292380689 2.5223683858206654e-05 1.2996853344330847e-05 1.7805100111093722e-06 1.1491748869957015e-06 4.3566268911493696e-07 2.0568816980171445e-05 9.856803837924441e-08 1.6273715215120096e-06 4.56785147533641e-06 1.078090437091292e-06 5.029675280832801e-07 2.3247836191588557e-06 3.3846538902959294e-07 1.6659439504915694e-07 3.3290659610464713e-07 1.0209671684965514e-07 2.5497438184014373e-07 0.0 1.7488816427149392e-06 1.1175693867973365e-06 1.1209744452954361e-07 2.3943340323194987e-05 7.190354826514177e-07 0.0 7.89675553773004e-08 0.0009675815467715543 3.811017076463325e-07 4.11241270635828e-06 1.9979848071075666e-06 5.471148653667907e-06 1.0438061514094621e-06 4.0920371300359334e-06 8.852214221967952e-06 1.2656382539406843e-06 1.9178076581427213e-05 1.4098929076378242e-05 1.6307393323286878e-06 9.399265882093405e-06 2.3976463567626108e-05 1.079949452929143e-05 7.071373805166549e-07 0.0 5.525915044676806e-07 8.731723472746262e-07 0.0 0.0 0.0 0.0 9.16680745797436e-08 0.0 0.0 8.125065157853672e-07 0.0 9.040753964421458e-08 0.0 0.0 2.7802949305059245e-07 0.0 0.0 0.0 1.3567686829240477e-06 8.954948314274813e-07 4.0866904322490206e-07 1.4826399757711977e-06 1.2585586873715068e-06 2.8703787091792295e-06 8.156837098551167e-07 7.004233794341901e-06 2.078728133547183e-06 6.285255607081426e-07 1.0763552565092656e-07 0.0 0.0 0.0 0.0 2.1613520477777884e-06 0.0 0.0 0.0 0.0 0.0 1.6527188207915972e-07 1.1521646118180003e-06 1.28986109199958e-07 0.0 0.0 0.0 3.3498960944291747e-07 0.0 1.1650525003472756e-06 8.547034743594341e-07 7.389365177897312e-07 9.560717426500817e-07 1.1735004434502826e-07 0.0 0.0 0.0 0.0 0.0 0.0 0.0 0.0 2.648677566243922e-06 1.0270137284619244e-07 1.154737531406301e-07 0.0 0.0 2.575397601468648e-06 0.0 1.9252624084664996e-06 0.0 0.0 2.2926822220152052e-07 0.0 0.0 0.0 7.781317247325241e-08 0.0 0.0 0.0 0.0 0.0 0.0 1.1830070082617984e-05 1.9421808040627262e-06 2.1823701590947266e-06
0.0024456498247185906 0.0 0.0021208362306942103 0.002312004518403468 0.0019818229078651358 2.699447706607325e-05 0.0017480344552876612 0.0005997945392980254 0.002857496696150363 0.0015973066755501644 0.002066732609558913 9.298978403354638e-05 0.0008293180711059767 0.0025989285326835383 8.31621460430858e-06 5.724125649597878e-06 3.565646101589654e-07 1.4207735980522037e-06 2.6433720720865484e-07 4.2853364367228017e-07 1.1392865200511719e-06 1.9250125342510302e-06 2.418110930108817e-06 3.791843236334443e-06 1.054695445897452e-05 1.6604466042050759e-06 4.091228690480073e-06 1.649003608694072e-06 1.373229233163202e-06 1.176068403342435e-06 0.0013103800499900723 6.643599853413896e-06 3.962158143361561e-05 1.3964990101966842e-07 2.7754616839002067e-06 2.1808246051371386e-06 5.056144228567674e-05 7.309710400299778e-06 2.0535401849446675e-06 6.381963632233373e-06 1.8158514024314192e-06 1.3318647359700215e-06 9.128191590776886e-07 1.9763761467686658e-07 0.0 5.5518207367066245e-08 4.716028089153471e-05 2.181122155113111e-06 1.2590682598159709e-06 7.386064981546345e-07 5.197818322836869e-06 2.8555683661198683e-06 1.0264493313908984e-06 1.9735052956893053e-06 1.0125643813377246e-05 1.2240401496087045e-05 0.00010158975608035367 0.00033910650237633675 2.891537541882313e-05 3.757955337108247e-05 7.66747287245732e-07 9.501705372082537e-06 0.0 1.845610998647987e-05 4.660558615342908e-06 2.577538164541255e-06 1.295964238827876e-06 2.215446309121671e-06 2.258347848852493e-06 3.3924560827771704e-06 1.7290352387205362e-05 1.3546142853876433e-06 5.539817181984709e-07 0.00016828043964893126 8.61680442392249e-05 4.934045342380005e-05 1.4821689758647176e-05 7.184830419907489e-06 3.827080446786299e-06 0.0001361083464104848 4.4599772393281933e-07 1.2241742249111744e-05 1.3524097549518943e-05 1.1368380879278232e-06 2.384376702889277e-06 3.7860009231967136e-06 1.1105937195038804e-06 2.814514063402729e-07 1.4889212038506635e-06 1.306755760990789e-07 8.216645356791409e-07 3.657981654983813e-07 8.677020367823568e-06 6.474532936288674e-06 2.009431976575311e-06 2.0336288043888752e-05 7.567079629560742e-07 0.0 5.02373413711981e-07 0.0005558405652931066 4.5049783973873207e-07 2.805301936494108e-06 2.4272867949166622e-06 2.7141590710272343e-05 1.9554128918712143e-06 1.1293921160845539e-05 6.223281405931515e-06 3.1126899057934306e-07 5.252161504608501e-05 1.2285883295029775e-05 2.226270046600317e-06 1.1013433584248233e-05 2.9343278127376246e-05 2.0702954583146628e-05 1.949573667188962e-06 0.0 0.0 0.0 8.468993652190583e-08 0.0 0.0 0.0 6.783462353716536e-07 0.0 1.112513349005574e-07 1.2200592640292061e-06 0.0 5.852138059622882e-07 2.0991688671963996e-07 0.0 1.3818626198502147e-06 8.151901020003604e-08 3.371460735193836e-07 7.815855263250042e-08 7.223513847068522e-07 9.364546728254886e-08 0.0 1.283258419290813e-06 1.22579607916132e-07 7.95466014922568e-06 7.305783397367919e-07 2.916735422140111e-06 8.4288235651928e-07 7.649330104105722e-07 3.375771038159613e-07 1.9887926461552343e-07 0.0 0.0 0.0 7.658309334220306e-07 4.77342994506174e-07 0.0 3.931313779844134e-07 0.0 0.0 5.698806328091435e-07 5.743474750491384e-07 1.819669637228332e-06 0.0 0.0 0.0 0.0 1.6536261908433374e-07 0.0 0.0 8.3007700242078e-08 2.845061049988528e-06 0.0 0.0 0.0 0.0 0.0 0.0 0.0 0.0 1.5266126418217328e-07 8.964689984126032e-06 1.1381981256318658e-07 8.623276537172001e-08 8.623585382719693e-08 2.7473526922749825e-07 2.9369150859227545e-06 5.216007522483085e-07 8.38164068584999e-07 0.0 0.0 0.0 0.0 0.0 0.0 0.0 0.0 0.0 0.0 2.007452094940739e-07 0.0 1.504528005075373e-07 1.703503673557686e-05 1.6353682231024506e-06 2.851812481788819e-06
0.0002331336979361974 0.0021208362306942103 0.0 0.00015013125594853352 0.00014434092425975645 2.841241566183885e-06 1.659832011557226e-05 0.003179766513833679 0.00030299937828833347 1.5229238827995523e-05 0.0012051910673541995 1.129259196681965e-05 7.118295717288511e-05 0.00039433756540979134 4.998282420794024e-06 4.290535819725311e-06 9.618501747197478e-07 3.982055609062875e-06 7.245248080373639e-07 1.7540695407507357e-05 3.934521899799454e-05 7.775146331608457e-07 4.327842431602107e-05 2.6755655365421515e-05 1.4058483431024224e-05 1.98914432131344e-06 2.4453648065322314e-05 1.0242417488344428e-06 1.576689017889504e-06 5.0948549626711525e-06 0.002288352674147572 0.00043304898728505395 2.6626383592257322e-05 2.741022857356526e-06 2.404879873299437e-05 5.564795310914183e-06 1.5384162045176086e-05 1.1699710510016354e-05 1.980414502146006e-06 7.711561142121462e-06 7.68990980205298e-06 3.6278456646106085e-06 8.241902468629223e-06 2.941924088354341e-06 1.6154480213727947e-06 2.0262557200948616e-06 3.1472462348966546e-05 2.1001744592159998e-06 2.8717741914517157e-06 5.93343616804493e-06 6.345708844283743e-05 1.4089062714678988e-06 2.2129332601511603e-07 1.5867452287636662e-06 3.3762446891417723e-06 5.087285748737184e-06 3.785724463283988e-05 0.0003038698345252318 1.0327461443617225e-05 2.0601622922137078e-05 3.359055295657168e-05 5.516796546566891e-05 5.867175931013968e-07 0.00028794080392193525 2.1729340601200253e-06 2.1897487971583836e-06 9.949702262329276e-06 2.6092025579520876e-05 7.223370098087641e-05 7.731724431185679e-05 3.85336402496926e-06 1.4229516313566987e-06 1.0015290655831536e-07 9.167351040672211e-05 0.00011378805782700276 2.812579068835038e-05 4.872601122460861e-05 5.9967766928141465e-06 0.00011592431192740416 0.0004455336722109206 6.184324868015211e-05 0.00031947041862093834 6.247057730539834e-06 3.732223174037062e-07 1.1499651137479398e-06 3.553565494445435e-06 7.488381501047192e-06 0.0 4.298578548386051e-06 0.0 4.761556377980633e-06 1.4096632882400678e-06 0.00016420380007271966 3.118379216392648e-05 4.346143374292587e-06 7.5649282659776595e-06 7.998847431138935e-07 0.0 1.1050108547935991e-07 2.7137219433020133e-05 3.050902492614027e-07 3.873072867339982e-07 9.178679753338507e-07 0.0 0.0 0.0 3.5373962718528355e-07 6.84430220150454e-07 6.083643050285115e-07 8.77007900131442e-08 1.483358604858527e-06 2.0415245080350043e-06 3.6798511172203558e-06 3.4738715116307257e-06 5.420907195113047e-07 6.93257334749104e-08 1.8052807093769539e-07 0.0 0.0 0.0 0.0 0.0 4.938458929201331e-07 0.0 0.0 6.041087585616024e-07 0.0 0.0 3.768222710679399e-07 0.0 6.236616066796605e-07 1.4751463926616435e-07 3.680634204190227e-07 0.0 3.466270232261952e-07 1.0962413671406719e-07 0.0 2.41900168608683e-07 0.0 1.2922916247067008e-06 2.3485119591611233e-07 2.2583563284795158e-06 9.038495940120107e-07 2.5690566571941673e-07 5.746469098913206e-07 1.439757552671409e-07 1.595221635617371e-07 0.0 0.0 3.274410563677198e-07 2.9618117250461e-07 0.0 8.774919701089896e-08 0.0 0.0 3.0343853418864117e-07 7.803907754911336e-07 3.935750241674297e-06 0.0 0.0 0.0 7.854649897517474e-08 0.0 0.0 2.6845200185904864e-07 1.5346929497186728e-07 1.7197024058881828e-06 0.0 8.691416948685938e-08 0.0 0.0 0.0 2.2856046629420871e-07 0.0 7.42704188211902e-08 1.8271940276812692e-07 2.2827319633312866e-06 3.375865372307048e-07 3.445106318595424e-07 1.1183910431258993e-07 1.6517723363596104e-06 1.7010963328802738e-06 0.0 9.152557506077602e-07 0.0 0.0 0.0 0.0 0.0 0.0 0.0 0.0 0.0 0.0 7.879644495181594e-07 4.139611116846436e-07 4.595386845400793e-07 3.1506757462409932e-06 2.300121702651758e-06 1.8160065700680576e-06
0.0015587819690349124 0.002312004518403468 0.00015013125594853352 0.0 0.00010917915937948917 0.00012738151228522957 0.0002615389282155322 8.90153511186575e-07 3.550520616166902e-05 0.0023962487596111922 2.849113758962696e-05 0.00011846140630874838 0.0002827131538806337 0.00012981309092504868 1.045714385418815e-06 2.2118887717599363e-07 0.0 0.0 0.0 0.0 8.885350151775757e-08 0.0 0.0 0.0 0.0 0.0 0.0 0.0 0.0 0.0 3.476484109242397e-05 3.574579731567488e-07 1.0793246156928022e-06 0.0 0.0 0.0 1.9270670747549104e-06 0.0 2.498976786477635e-07 0.0 0.0 0.0 6.38854009848905e-08 0.0 0.0 0.0 1.2637416820300488e-05 4.774087422730626e-07 1.4945066029111735e-07 0.0 6.856300306010907e-08 0.0 0.0 6.113009447513777e-08 2.5191595932179105e-06 4.853211026862745e-06 4.631050691912941e-05 0.0001060898628661597 1.2931400116174163e-05 1.494013698588408e-05 0.0 2.453834195325049e-07 0.0 1.8315450800919564e-06 1.5960821519827876e-06 1.3329818575671092e-06 2.4993642059661397e-07 0.0 2.2559660728652913e-07 6.622599150993786e-08 3.604411613538678e-06 9.600462124175115e-07 1.4802127767792538e-07 8.043817954899026e-05 2.974378073113117e-05 1.140211249493616e-05 1.0905008276946006e-06 6.619403962129042e-08 0.0 9.040875822157405e-07 5.893156836018343e-08 4.0168636332077464e-07 4.611855511919267e-06 3.9875568250024073e-07 5.60262514802539e-07 2.107895248186193e-06 2.821648622646782e-07 0.0 3.08213808668318e-07 2.4550138036433894e-07 6.855590869620468e-08 6.816277556506762e-08 7.480246886294162e-08 0.0 0.0 3.681920479585418e-05 4.720048244898543e-06 0.0 5.162697965006353e-07 0.00020587729779047382 5.932126785552555e-07 3.1424416695960715e-06 1.1386902623826084e-05 1.889579700120895e-05 3.424723965838414e-07 1.6878534232146317e-05 8.670967667282004e-06 8.862473053688784e-07 4.064588297131461e-05 1.8109393720515926e-05 1.5368424148100068e-06 1.652914128811559e-05 3.167131199166057e-05 2.0177998419322014e-05 1.1242928817011e-06 0.0 0.0 0.0 0.0 0.0 0.0 0.0 0.0 0.0 0.0 2.5753996180484015e-07 0.0 2.008375361454493e-07 0.0 0.0 0.0 0.0 0.0 0.0 1.6408973941058957e-06 1.7711551657647917e-06 0.0 0.0 0.0 4.4010372730942204e-06 0.0 1.1511421604649734e-06 1.4617072420808117e-06 2.2568043614349674e-07 0.0 0.0 0.0 0.0 0.0 0.0 0.0 0.0 0.0 0.0 0.0 0.0 7.576286497011364e-08 0.0 0.0 0.0 0.0 1.5808230290915488e-07 7.180945574392895e-08 5.765004282784227e-07 0.0 0.0 2.0957077259803158e-06 0.0 0.0 0.0 0.0 0.0 0.0 0.0 0.0 0.0 5.031031762271198e-06 0.0 0.0 0.0 0.0 1.3474802620814534e-06 0.0 1.172867255575354e-06 0.0 0.0 4.7377968899965127e-07 0.0 0.0 0.0 0.0 0.0 0.0 0.0 0.0 0.0 0.0 1.928532738544633e-05 6.911897863974499e-07 1.6977066530737109e-06
0.00017340993511428873 0.0019818229078651358 0.00014434092425975645 0.00010917915937948917 0.0 3.1272972237817994e-06 0.0006703945370693983 0.00015278604414656842 0.003595378076004822 0.00030151108822852694 0.0006068543656542999 4.6821259535100806e-05 0.0004539379321315345 0.0007805237935971263 5.653732373319977e-06 3.2740516896926236e-06 2.163943679772802e-07 0.0 0.0 9.719970726387752e-08 1.480708564720229e-07 0.0 0.0 1.800902006206055e-07 0.0 6.034142103433008e-08 0.0 0.0 0.0 0.0 0.0001083553438390328 4.06172927619913e-06 1.0630986654400454e-06 0.0 0.0 0.0 2.86812869215289e-06 1.0610522321317916e-07 1.445796754845793e-07 1.935145175314554e-07 7.640986005776278e-08 0.0 7.166625133041719e-08 5.072362686136607e-07 0.0 0.0 4.4952616686308145e-05 2.3407812235475563e-06 4.91511987992824e-07 4.584667770228045e-07 2.1070536031921092e-07 0.0 0.0 8.383471594926262e-08 5.452700400734869e-06 4.855533422751556e-06 2.299329283550315e-05 6.847048442489098e-05 1.0794348930832684e-05 2.0535515668114684e-05 0.0 1.6265644990121919e-06 1.0563139964086066e-07 1.609241984467023e-05 2.3614970613683814e-06 1.6509458020881326e-06 5.914374116378774e-07 2.2194922766333922e-07 1.2174243664064376e-07 1.5450045304423157e-07 6.494941931516022e-07 2.410838534913567e-07 0.0 6.772590414077407e-05 4.699100535832571e-05 3.7532370568951046e-05 1.7466220396678204e-05 3.2474170177077814e-06 3.9720780765919877e-07 1.5211213952348064e-06 2.493492961267546e-07 1.94408532738366e-06 7.462989232947486e-06 6.751452374855005e-07 1.4974352716938013e-06 3.169234534087181e-06 2.511538352434693e-07 0.0 4.229533360214604e-07 0.0 1.326249637776623e-07 1.7202509428319658e-07 2.6662278234959604e-07 1.6417314133400588e-07 1.329783103353023e-07 8.316344778165088e-06 1.5008169987275112e-06 0.0 0.0 1.7619370840415e-05 3.1849298331868435e-07 1.109151901315547e-06 1.4970196155469145e-06 1.09923302678949e-06 1.3403282439802636e-06 2.451270759111801e-06 1.0050597152148544e-06 0.0 8.408952061139064e-06 9.031041684857577e-06 9.942244777814033e-07 6.054403783875949e-06 1.7491772610436846e-05 1.3692487717921474e-05 1.5415230871733173e-06 0.0 2.0416518341538875e-07 0.0 0.0 0.0 0.0 2.893207863536769e-07 0.0 0.0 0.0 0.0 0.0 1.7826292502136482e-07 0.0 0.0 0.0 0.0 0.0 0.0 1.2296252870588686e-06 1.6584495407659907e-07 0.0 0.0 0.0 2.082036886736558e-06 4.5074904925701105e-07 2.551054150139686e-06 4.916909957806369e-07 0.0 0.0 0.0 0.0 0.0 0.0 0.0 0.0 0.0 0.0 0.0 0.0 0.0 0.0 0.0 0.0 0.0 7.52778502885375e-08 0.0 0.0 0.0 0.0 0.0 5.298145177566231e-07 1.674745866927005e-07 0.0 0.0 0.0 0.0 0.0 0.0 0.0 0.0 5.589619044320888e-06 0.0 0.0 0.0 0.0 3.4604807998405727e-06 0.0 0.0 0.0 0.0 0.0 0.0 0.0 0.0 0.0 0.0 0.0 0.0 0.0 0.0 0.0 9.976144419075437e-06 6.221700280233788e-07 1.3787002594504475e-06
4.816240874050715e-05 2.699447706607325e-05 2.841241566183885e-06 0.00012738151228522957 3.1272972237817994e-06 0.0 1.5457190318997373e-05 3.462712785737143e-07 3.6580707841754003e-06 0.00019450506599327276 1.5070689682331797e-06 2.722121458514773e-05 3.200532019895723e-05 7.95682775899294e-06 5.239334672118898e-07 6.060194587934908e-08 7.000846380916637e-08 0.0 0.0 0.0 0.0 3.0483729567414855e-07 0.0 0.0 8.213145092111381e-08 0.0 0.0 0.0 8.060579933396701e-08 0.0 1.5740396790122726e-05 9.266326577134037e-08 7.8649827976676e-06 0.0 0.0 0.0 1.7903519399465137e-05 1.0897982040735957e-06 5.295581614181287e-06 9.556817615602699e-08 0.0 0.0 0.0 0.0 0.0 0.0 4.396724126932666e-07 0.0 9.422051044127786e-08 0.0 1.0894393164634828e-07 4.010482507219141e-06 8.561090486143758e-08 2.821983901739882e-07 0.0 3.501490251825601e-07 3.610435832616338e-05 5.521670775614233e-06 7.261724490740034e-07 7.568715284665024e-07 0.0 1.3789331834955647e-06 0.0 0.0 1.7684868492370244e-07 0.0 0.0 5.515318372261563e-08 0.0 0.0 5.5250156019635784e-05 5.150500030163673e-05 2.9511561948447903e-06 3.145495216442432e-06 6.49250187001538e-07 9.119820150532786e-07 6.10204906404766e-08 5.597068880366981e-08 0.0 1.0014437242913718e-06 0.0 4.871715317095304e-07 2.4230408408291165e-07 1.4996888495276327e-07 0.0 0.0 0.0 8.545140112414622e-07 5.179679610354009e-07 4.65131540403828e-06 3.1766001779286033e-07 1.1130546780392948e-06 0.0 0.0 2.8586962811573755e-07 0.0001286606726965339 1.7052691219117553e-05 1.523378810928752e-06 1.0573663013172954e-05 0.000151962659241268 1.507491151013185e-07 1.2417294482179458e-06 8.247053108537348e-07 6.811510252967321e-07 1.2508263757372772e-07 1.0419775768421827e-06 3.530518944615242e-06 9.83421687297845e-07 5.105347104494039e-06 6.644213988243643e-06 3.9711470435210784e-07 5.273168111428788e-06 1.2310004609198556e-05 6.072108413941525e-06 2.484301172746609e-07 0.0 0.0 0.0 0.0 0.0 0.0 0.0 0.0 0.0 0.0 0.0 0.0 1.6202829530034863e-07 0.0 7.659066187486007e-08 0.0 1.4809353391054695e-07 1.089961719623715e-07 8.641106917335802e-08 1.0831477693092469e-07 0.0 0.0 0.0 2.473372763878373e-07 9.359249436671906e-07 0.0 6.155872894779768e-07 1.0369970018265223e-06 3.6906463409879954e-07 0.0 0.0 0.0 0.0 0.0 4.652293090954277e-07 0.0 0.0 0.0 0.0 0.0 0.0 8.061729792621842e-07 0.0 0.0 0.0 0.0 6.431355175092054e-08 0.0 1.2799895707629386e-07 0.0 4.7274254023203095e-07 3.715716514974375e-07 0.0 0.0 0.0 0.0 0.0 0.0 0.0 0.0 0.0 9.347232256411126e-07 1.166431195955875e-06 0.0 0.0 0.0 4.2959520940555347e-07 1.592488488775665e-07 2.717032007722412e-07 0.0 0.0 8.955072034167742e-08 0.0 0.0 0.0 0.0 0.0 0.0 0.0 0.0 0.0 0.0 5.672630977563709e-06 1.5998710873292864e-06 1.4637910547840294e-06
0.00023188896365243454 0.0017480344552876612 1.659832011557226e-05 0.0002615389282155322 0.0006703945370693983 1.5457190318997373e-05 0.0 4.187867179965328e-06 0.0016737031371432056 0.0018249209804284947 1.7630926941524154e-05 0.00029348598266262793 0.003846397370079564 0.0015818531375159845 7.283578787751817e-06 2.848933718813222e-06 4.78478982932749e-07 2.737582227118286e-07 8.704998885830424e-08 0.0 6.274417580954356e-08 0.0 1.5181419168177366e-07 6.381235901286083e-08 3.03651383273158e-07 0.0 6.532783232247263e-08 7.579800069301015e-08 0.0 0.0 0.0001251636538333364 5.205430666143205e-06 1.3161184273946805e-06 0.0 0.0 0.0 1.778058545032703e-06 3.9296961558696226e-07 1.8536606377278562e-07 0.0 1.820383529169981e-07 1.8376808782532284e-07 6.033802827515173e-08 2.133376418385167e-07 5.813612302655794e-08 0.0 6.144352036126897e-05 3.0408229230243975e-06 1.0241329171136506e-06 2.824206408803246e-07 3.6954145528966917e-07 2.8077137386271306e-07 1.5584081092830075e-07 2.7824125663384607e-07 1.1262204662465703e-05 1.457374146313615e-05 5.6227971147411256e-05 0.0001509990191521766 2.5218889221836252e-05 4.352580902745155e-05 1.5335517654199424e-07 6.997948546728467e-07 0.0 2.0534395798700594e-05 6.312615044187937e-06 3.0054296729014155e-06 9.92978608467543e-07 6.568815061416717e-08 4.880473540969433e-07 3.832975767812074e-07 3.0327561271201688e-06 3.4799102142020185e-07 0.0 0.00016535530805619403 0.00010285588329584039 5.957435569975607e-05 1.679646408706642e-05 3.2288741762839166e-06 9.111476143040266e-07 1.4351143596236804e-06 1.532866627907153e-07 2.21731620994834e-06 2.1078573918973686e-05 1.2726292590490606e-06 3.3591322204535905e-06 4.593069981480763e-06 1.459827353734152e-06 0.0 8.394581541390698e-07 7.620695761662026e-08 3.233824216466972e-07 1.3361294251735118e-07 3.8263627487774586e-07 5.814931709002929e-08 3.504465933259173e-07 2.1921342429573872e-05 5.9181585462137535e-06 0.0 2.2346072685744762e-07 6.14088645798117e-05 3.146477018271167e-06 8.232007293457103e-06 0.00015181026206728017 5.375796564932801e-05 1.5454384811460581e-06 9.314410784056287e-05 1.919563084004584e-05 2.0968988215362924e-05 8.936071512255824e-05 3.272943234846626e-05 2.3977108641512775e-06 6.328318553128952e-05 7.438646511039036e-05 3.648354016813201e-05 4.214695293725491e-06 1.930992247322713e-07 3.885347116100759e-07 0.0 3.6211395604362877e-07 0.0 0.0 0.0 0.0 0.0 0.0 0.0 0.0 0.0 0.0 0.0 0.0 0.0 0.0 0.0 4.209774661997161e-06 1.4009335144910968e-06 0.0 4.6832738420281193e-07 0.0 8.487796605151459e-06 0.0 4.624310816840534e-06 1.4736756247450608e-06 7.308792643045572e-07 0.0 0.0 0.0 0.0 4.541500745956056e-07 0.0 0.0 9.198968907409651e-07 6.159200205953082e-07 0.0 0.0 0.0 3.0929802458903765e-07 0.0 2.393771003252575e-07 2.130579958206184e-07 1.3962394436812315e-07 2.4183256867687756e-06 2.286164772510216e-06 1.2830072461073043e-06 0.0 3.2174555386945634e-07 9.396682198329397e-07 8.319988710526942e-07 6.239895461491568e-08 2.0405911313714096e-07 0.0 6.028755473733517e-08 0.0 0.0 0.0 0.0 1.1345514300107266e-05 0.0 1.8023385013505362e-07 0.0 0.0 5.049459953869175e-06 0.0 1.1261976775328122e-06 1.3299072955979664e-06 4.154187345896952e-06 9.004213584722954e-07 8.244847633397571e-07 2.909428250027821e-07 6.167445746218038e-08 6.887807547906643e-08 0.0 0.0 8.597287184333531e-08 0.0 0.0 0.0 2.4561473771702924e-05 3.7394508411300515e-07 3.812127594215908e-06
3.598756146961273e-05 0.0005997945392980254 0.003179766513833679 8.90153511186575e-07 0.00015278604414656842 3.462712785737143e-07 4.187867179965328e-06 0.0 0.0011355115598612434 1.1082650190782343e-05 0.002598807358499996 5.0013625283574866e-06 3.725453697935646e-05 0.0005990793123215361 2.208842841135619e-05 2.0551466850292464e-05 2.6986879947035667e-06 6.4940659274547525e-06 1.4520516947189344e-06 1.270986030416091e-05 1.927411498855515e-05 4.579733535670078e-06 2.523761710716165e-05 1.6193533070124333e-05 2.6617973042174825e-05 5.954360735495687e-06 1.871520924132732e-05 2.6631318694307936e-06 1.00881821110752e-06 4.2090840606432845e-06 0.001127182403620197 0.0030100729083654466 7.392338948121965e-05 2.1721878711094107e-06 2.785614496211472e-05 5.642165789629586e-06 2.2670798730863006e-05 2.140047754271956e-05 3.888997484258808e-06 1.2524819759053547e-05 5.91598393746136e-06 3.228270805629879e-06 1.0294458989588177e-05 1.6199607848580702e-05 1.3675840906565983e-06 3.4361504789892332e-06 9.216385250140579e-05 1.9041648557161094e-06 4.865897793354623e-06 7.187191548661459e-06 2.790289682024465e-05 2.4815048579067073e-06 1.3618512450981416e-06 3.1920320635690063e-06 4.260169821172308e-06 5.007069380929627e-06 2.7904647097923743e-05 0.00019402875803103384 1.2954755606930825e-05 2.7714437963531716e-05 4.59688064002388e-05 8.513631720523412e-05 1.3315678854383785e-06 0.0003415125762874002 2.6786581391789414e-06 2.4618325773986173e-06 5.343547385194578e-06 1.364157899856082e-05 4.368915589339932e-05 4.638839460513289e-05 4.383975445992168e-06 1.9178908829341324e-07 3.409465996576133e-07 9.493786562247596e-05 0.00018532394646456993 9.417604420824912e-05 0.0003222805856242133 0.00017158649680289016 0.0009173907993203236 0.0010798366973665443 0.00014349347704341238 0.0010526679084183737 1.0886127149726793e-05 3.466286174142429e-07 1.75068586844426e-06 1.9004842706546957e-06 8.797979490402022e-06 2.0501672963438367e-07 3.299221420949672e-06 9.119548638961589e-08 2.711635544925704e-06 1.217950284955698e-06 7.369121629413131e-05 1.2353613014634819e-05 1.8484600102594635e-06 3.787950151910677e-06 2.232502958518953e-06 0.0 8.962000166497933e-08 1.8441750562461986e-05 1.305237648868483e-07 0.0 1.7241160994428967e-07 0.0 0.0 6.606216257242495e-08 1.5113832861910764e-07 0.0 3.2039695253437153e-07 0.0 4.105068831586124e-07 5.081960924482001e-07 3.011724553770828e-06 1.8088033880684159e-06 9.407644307697107e-08 0.0 0.0 0.0 0.0 0.0 0.0 0.0 0.0 0.0 2.5409655195667084e-07 2.5743384065791383e-06 0.0 1.7975126988308876e-07 0.0 0.0 4.492280576041573e-07 2.4262531978728405e-07 4.26900659173617e-07 0.0 1.4031735258300603e-07 1.6334274195133544e-07 0.0 3.9422799768735e-07 1.132524178736093e-07 6.293151243508232e-07 1.708289945209784e-07 1.2399614936730938e-06 7.918536597470405e-07 1.9235677366115305e-07 4.41089287061777e-07 2.3796159759432653e-07 0.0 0.0 0.0 7.230794880855414e-07 2.3572636427765952e-07 0.0 0.0 0.0 1.686326666596283e-07 5.220626670996557e-07 9.990135458482613e-07 4.518340245744303e-06 0.0 0.0 0.0 1.7579375936970457e-07 0.0 0.0 1.333357718056807e-07 0.0 2.784464345399797e-07 0.0 0.0 1.0477225491302322e-07 1.791053103363936e-07 0.0 0.0 0.0 1.4381683606546703e-07 1.0201741621343833e-07 1.2556125097714326e-06 0.0 7.534356353739425e-07 8.724305366038351e-08 4.4848661028106914e-07 2.6153462007902713e-07 0.0 2.929758280715575e-07 0.0 0.0 0.0 0.0 8.182021636227119e-08 0.0 1.2191115714661063e-07 0.0 0.0 0.0 2.464822329471994e-07 1.365908040371417e-07 3.050260093874823e-07 1.7550306122304508e-06 1.6821390479824808e-06 2.1715464534090052e-06
0.00010485738850163253 0.002857496696150363 0.00030299937828833347 3.550520616166902e-05 0.003595378076004822 3.6580707841754003e-06 0.0016737031371432056 0.0011355115598612434 0.0 0.00017284417255988485 0.0010763336994215919 3.9700283440865894e-05 0.0010651859661812927 0.0013786023212798532 1.0604616799305374e-05 6.545096300168274e-06 1.0150609515815272e-07 3.4203339534702546e-07 5.013297201438574e-08 0.0 0.0 1.1682145519014955e-07 0.0 0.0 0.0 7.176076715170423e-08 0.0 0.0 0.0 0.0 7.481660555935931e-05 7.197865205371309e-06 2.799790419647191e-06 0.0 0.0 4.2606391483167995e-07 7.252440293814495e-06 4.34869887135852e-07 3.984897165233668e-07 1.0070392335017229e-07 6.745265335583893e-08 0.0 1.1229557803208205e-07 2.8910866396456644e-07 0.0 1.328213305019941e-07 4.5142004936485474e-05 1.683423282271949e-06 1.4915726837542358e-06 7.19794888434735e-08 2.69718845419074e-07 0.0 0.0 2.22993943146878e-07 4.155340534295426e-06 4.23304314460445e-06 1.2849746540152259e-05 4.0759549155927045e-05 8.988602459660572e-06 1.9115618755400692e-05 1.217200907568988e-07 1.1290585092992579e-06 0.0 1.4856638670863952e-05 1.6453163153256888e-06 1.3216386963793972e-06 6.222620821639766e-07 1.1199245521071269e-07 1.78708248508216e-07 3.509616704880844e-07 2.425258424531102e-06 3.3057938131692264e-07 0.0 4.3039267018347e-05 3.6797356444119196e-05 3.939356014351998e-05 2.3387101784284433e-05 8.703429559849357e-06 7.833608023260749e-07 2.1623477885327864e-06 2.6645365307746315e-07 1.6308528149000806e-06 8.888195400467586e-06 4.617764204140519e-07 6.176640759449841e-07 1.9222379793967018e-06 5.784497569130043e-07 1.4372575387997494e-07 2.726827225941387e-07 0.0 2.8327203721839183e-07 7.183718825737337e-08 3.206488887480569e-07 7.431100612218814e-07 2.7321339191461814e-07 9.75572269607253e-06 4.0469271130049367e-07 0.0 4.554085747839969e-07 1.6924535309459028e-05 7.159758224799515e-07 1.2042997659322402e-06 2.208160029502314e-06 1.0197616080685119e-06 7.205338740771342e-07 2.0176064959898367e-06 3.037481082484803e-06 0.0 1.1796051363230555e-05 7.636297934745362e-06 1.2892888557018576e-06 8.620144057578975e-06 3.0471937894364196e-05 1.9584596373027558e-05 3.2013650580910874e-06 0.0 1.5677855684802637e-07 0.0 0.0 0.0 0.0 0.0 0.0 0.0 0.0 0.0 0.0 3.359983398783036e-07 0.0 0.0 0.0 3.595322252735265e-07 0.0 0.0 2.3430321671105392e-06 5.768709157639596e-07 0.0 0.0 0.0 6.153646636151365e-06 4.0387685036779637e-07 5.636290507229641e-06 9.607280252988168e-07 0.0 0.0 0.0 0.0 0.0 0.0 0.0 0.0 0.0 9.024737597665736e-08 0.0 0.0 0.0 6.672072120072755e-07 0.0 0.0 0.0 0.0 8.457827068902917e-08 0.0 4.5116410133834183e-07 0.0 0.0 3.69122866018448e-06 0.0 0.0 1.2891006960937715e-07 0.0 0.0 0.0 0.0 0.0 0.0 9.882416208437182e-06 0.0 0.0 0.0 0.0 2.5513855686634394e-06 0.0 1.8547637068525243e-06 0.0 8.700789502689201e-08 0.0 0.0 7.810927360025797e-08 0.0 0.0 0.0 0.0 0.0 0.0 0.0 0.0 2.091178671346584e-05 1.956100718157007e-06 2.0117223206548562e-06
0.0007358111864405302 0.0015973066755501644 1.5229238827995523e-05 0.0023962487596111922 0.00030151108822852694 0.00019450506599327276 0.0018249209804284947 1.1082650190782343e-05 0.00017284417255988485 0.0 1.95425346025083e-05 0.0017483540291304762 0.006286318388276354 0.0003639597650554204 1.4398558037070847e-05 5.0426324188924545e-06 2.9885154194690055e-07 0.0 0.0 4.1850740898362916e-07 0.0 1.0186104680427143e-06 0.0 1.313113709937779e-07 8.229355849888298e-08 1.0805680006167416e-07 0.0 7.89674277514197e-07 0.0 7.720310259593783e-08 6.224293138981483e-05 3.4381084598409975e-06 1.9640098397796294e-05 0.0 0.0 0.0 3.480294991244352e-05 1.2464844933142486e-06 2.6177783231435932e-06 2.72483063031247e-07 1.1551015149679509e-07 8.175431417260882e-08 2.2202811499154367e-07 2.3343709207383855e-07 6.962401922998133e-08 0.0 8.481937826004189e-05 3.8140545633412057e-06 2.490300642849652e-06 2.0958491409063897e-07 4.765785472734752e-07 2.7842076947496632e-06 2.636943452011292e-07 0.0 1.1244389206808815e-05 1.5249072248668119e-05 5.77831289434411e-05 0.00011475123794515308 3.1811751937758624e-05 5.716623317075631e-05 2.542724258705438e-07 1.5378701119954986e-06 0.0 1.4761108768846607e-05 5.864383394990179e-06 3.597760129607836e-06 5.436246236331598e-07 5.727202814044945e-07 4.0419576518871473e-07 6.311862378504508e-07 3.5081333342491764e-05 1.7320204407722994e-05 2.7183557560745996e-06 0.00016449698410810878 8.23656039580438e-05 7.073349753108045e-05 2.0225201691554666e-05 4.406078150203068e-06 4.899608793572238e-07 3.4419347564150736e-06 5.924274069573188e-07 2.3067774104996487e-06 2.144201563836162e-05 5.232660519833224e-07 2.927621850723092e-06 5.4892209234813964e-06 5.769263308305394e-07 5.69562562771635e-07 8.961412451588056e-07 3.742154297922562e-06 6.085421637292131e-07 1.2180986489065948e-06 1.2032895548549633e-06 4.565078105903963e-07 5.242860098627365e-07 0.00013553936440921513 4.673464013597999e-05 7.86885621589693e-06 4.88770465078191e-06 0.0004593453383297458 1.7012243039413302e-06 3.0319421156272805e-05 8.367287245714594e-05 4.6122518025419445e-05 6.615656484755476e-06 0.0001401307725473059 3.6215281862391674e-05 7.405061607916699e-06 0.00027021200507535456 9.829104140227822e-05 8.91546959620293e-06 0.00013804675735949726 0.0002798921982074753 0.00012652875241677842 1.2336230687607492e-05 4.7372074037665826e-07 0.0 0.0 0.0 0.0 0.0 0.0 9.554077973920801e-08 0.0 0.0 0.0 0.0 7.5538179834166e-08 0.0 0.0 1.8438609684995164e-07 4.780442101548287e-07 8.776433952642854e-08 1.692986648321532e-07 7.589845738549934e-06 1.9376353242960724e-06 0.0 1.0477788680242238e-07 0.0 2.3640596546149573e-05 1.5309880021937623e-06 1.1293342693134705e-05 3.869166098333345e-06 2.4658178703857553e-06 1.305363775939946e-07 9.06320158552328e-08 0.0 0.0 0.0 6.132652296857909e-07 0.0 1.5579271731793993e-07 3.8175438004184374e-07 0.0 0.0 0.0 5.556308716699251e-07 0.0 1.1674013797418012e-07 0.0 0.0 5.516413911005082e-07 5.804805708118681e-07 1.6686630130679314e-06 0.0 6.235971669645035e-07 8.651777322083705e-06 1.61128155867901e-07 0.0 0.0 0.0 0.0 0.0 0.0 0.0 1.6353429886044657e-07 3.570662962777876e-05 1.4736761515992303e-07 0.0 0.0 0.0 1.594584883301474e-05 3.531297117307428e-07 3.6482847223185442e-06 1.0578738935167775e-06 5.872568828461339e-07 2.1538712726747705e-07 9.23382694182402e-08 0.0 6.378664307916897e-08 0.0 0.0 0.0 0.0 0.0 2.5627669267784477e-07 0.0 0.00011065592126599942 5.305885510101008e-06 6.198410509992939e-06
0.00013229485880581588 0.002066732609558913 0.0012051910673541995 2.849113758962696e-05 0.0006068543656542999 1.5070689682331797e-06 1.7630926941524154e-05 0.002598807358499996 0.0010763336994215919 1.95425346025083e-05 0.0 3.0995997574942625e-05 0.0005040499840703555 0.001519755092775961 1.9344163706747976e-05 2.013026983260566e-05 1.649658097828099e-06 4.1041995267481366e-06 1.0838751005740668e-07 9.885908533969894e-07 1.080646120372923e-06 5.810614129999396e-06 7.973418442211981e-06 4.6191156395876884e-06 3.142132320811808e-05 3.996008292578136e-06 1.3738339636460191e-05 3.924559127874824e-06 3.2597386742601295e-06 3.5305860731034027e-06 0.00034063557748004506 0.0001012982153984983 0.00044964496671018057 3.5579334107313953e-07 1.0335573571689266e-05 7.974267980934921e-06 0.00019059160487589033 3.8037830784907925e-05 1.4011897586459874e-05 1.9875696223282112e-05 3.825660588424776e-06 3.0486602058100728e-06 1.1699912676678397e-06 1.222708545679174e-06 7.037686658725646e-08 0.0 6.480556486806558e-05 1.386849385402368e-06 2.7043537617341723e-06 1.5635935669847924e-06 9.916486255229535e-06 1.064584440525139e-05 2.6149433662754595e-06 5.864616173696215e-06 2.379620640419405e-06 3.973735559809538e-06 1.8955741378582495e-05 7.268313998907335e-05 8.744818474008195e-06 1.5439075051525056e-05 1.0248478582217925e-06 8.61359101816646e-05 9.550399078426207e-08 2.7419904309433898e-05 1.6257067804240893e-06 1.4002972699536152e-06 2.78176438582893e-06 2.7095413813547917e-06 2.1179625956674576e-06 6.033546576547513e-06 5.5618345480831194e-05 2.279509296296486e-06 4.156819082394703e-07 4.770662718930585e-05 4.584027185502249e-05 5.025545374097248e-05 5.8066273709042765e-05 2.4016762275168966e-05 4.021370522723216e-05 0.0006547652036771185 1.3714912457201695e-06 0.0001372994343270756 6.612115443379466e-06 2.7096373369413527e-07 9.428900920446403e-07 1.3809654916618574e-06 1.7057481508941062e-06 0.0 2.3102280691344965e-06 2.2474647812357658e-07 3.593675202138643e-06 3.497440024062061e-06 2.1441626556557376e-05 1.17299609594579e-05 7.483920962889845e-06 3.1287654173799054e-05 2.9389635585199917e-06 1.5215536609135749e-07 3.895347262424322e-06 2.0945408480029407e-05 3.4745809026027017e-07 1.7513797126763865e-06 4.948044495795578e-07 9.407221552644463e-07 7.460171744020186e-07 9.787567024716194e-08 2.8929756843544444e-07 2.533914212365144e-07 1.4221001078469357e-06 1.4194332537936732e-06 2.2025799852785794e-06 3.0704481055709466e-06 1.682210131964575e-05 1.1183958388613964e-05 2.1354448841897715e-06 0.0 7.321976260270456e-08 0.0 2.3624719595907556e-07 0.0 0.0 1.1649350663696112e-07 1.9634689644763527e-06 5.732274012519622e-07 0.0 4.78675431410314e-06 0.0 2.612716971391672e-07 1.2817234660024649e-07 3.1479083357108786e-07 1.9505979988663527e-06 1.0238754943496477e-07 6.835610016075458e-07 4.28696137306984e-07 7.360303901902392e-07 9.737066235821886e-08 0.0 2.823424212035247e-07 2.1181229001322495e-07 7.070783424192895e-06 5.242054193421734e-07 5.703033837741198e-06 7.271738580531707e-07 8.97123146908159e-07 1.5236263778863069e-06 1.322881677079017e-07 0.0 0.0 0.0 1.5385849486411754e-07 1.600763006019949e-07 0.0 1.6978637282857913e-07 0.0 0.0 8.441850307046845e-07 2.2999843572199595e-06 5.039441358565983e-06 0.0 0.0 0.0 8.889338801187304e-08 0.0 0.0 0.0 0.0 2.1467158391051715e-06 5.859248047478507e-07 0.0 0.0 0.0 6.568116979642e-08 0.0 9.175275276196734e-08 1.6484572972549705e-07 9.96791919903078e-08 6.10968059211272e-06 7.062909802095058e-07 4.828473488614924e-07 1.8999399621698084e-07 1.1448726412652421e-07 2.2043684644268135e-06 5.806056487168379e-07 1.863531586691865e-06 0.0 1.0749188522017101e-07 2.2134984020849786e-07 6.166262686096516e-07 1.06843936344801e-07 0.0 0.0 0.0 0.0 0.0 3.316687613168736e-07 2.5326369543515766e-07 8.162586167584573e-08 9.060751023274023e-06 4.07516973937354e-06 5.823237088092752e-06
