0.0 0.001317821403897717 0.0002336069118503482 0.0007137979287456634 7.621261040032682e-05 3.224980885941144e-05 0.00021181653455506631 5.929426928555459e-05 5.143541736677851e-06 0.00043005319883307653 9.460169335315e-05 2.3082634075480303e-05 2.3712639327342873e-05 8.76516349858798e-05 2.708474685772836e-07 0.0 0.0 0.0 0.0 0.0 0.0 0.0 0.0 0.0 8.712806445813543e-08 0.0 0.0 0.0 0.0 0.0 0.00036354953670496667 7.5157315377268545e-06 5.199833611374936e-07 0.0 1.73991994029867e-07 1.6062890076203294e-07 5.464021745786774e-07 1.1193763228573293e-07 0.0 2.190964209597968e-07 0.0 0.0 0.0 1.5532611119836435e-07 0.0 0.0 2.7703339183340113e-06 2.6302165217674956e-07 0.0 0.0 0.0 0.0 0.0 0.0 3.0669086986046306e-07 6.978216620800492e-07 2.8663401304945597e-05 0.000245523502841448 1.3818131380242008e-05 5.502514715321279e-06 1.6139296324021957e-07 0.0 0.0 2.0342169544702403e-06 5.891998895447217e-08 0.0 0.0 0.0 8.669262784043366e-08 7.697431944555027e-08 2.727073028253053e-06 2.484005953576855e-07 0.0 4.1020193072879065e-05 3.5543715818259206e-06 5.284180210408337e-07 3.292995303417051e-07 8.586898125402316e-07 3.0805846239197118e-06 9.816280699962208e-06 2.281335882657612e-07 3.3227110973003625e-07 3.0559409040303403e-06 2.8282732100364936e-07 2.2572492081360926e-07 0.0 0.0 0.0 0.0 0.0 0.0 0.0 7.47313812587384e-08 0.0 0.0 1.272714812843876e-05 5.375632013119484e-07 0.0 0.0 0.0004552958298774096 0.0 2.0345877298440677e-06 3.930620097565286e-06 4.943189976707192e-06 0.0 3.4158055597820807e-06 3.81943579560108e-06 6.891478598001267e-06 6.029907418104934e-06 5.077071938657554e-06 3.622172724518608e-06 4.202251560505937e-06 1.668638710060231e-06 7.358013146254012e-07 6.269009136324881e-07 0.0 0.0 0.0 0.0 0.0 0.0 0.0 0.0 0.0 0.0 0.0 0.0 3.8995914513410596e-07 0.0 0.0 0.0 0.0 0.0 0.0 1.307551315965682e-06 0.0 0.0 0.0 0.0 1.3632184553125987e-07 0.0 2.973701053147679e-07 5.581858142870371e-08 0.0 0.0 0.0 0.0 2.8985584135818676e-07 0.0 0.0 0.0 0.0 0.0 0.0 0.0 0.0 0.0 0.0 0.0 0.0 0.0 0.0 0.0 0.0 0.0 0.0 2.085389714273257e-06 0.0 0.0 0.0 0.0 0.0 0.0 0.0 0.0 0.0 0.0 0.0 0.0 0.0 0.0 1.0124754568020641e-06 0.0 3.242922723823605e-07 0.0 0.0 0.0 0.0 0.0 0.0 0.0 0.0 0.0 0.0 0.0 0.0 0.0 1.1888595040800232e-07 0.0 0.0
0.001317821403897717 0.0 0.0020980904012220343 0.00011955604161682758 0.002156753738957093 0.00022564347514747907 0.0025658241975620314 0.00018662714664802722 0.0002599881188290957 0.0003119852095637794 0.0007079289685502783 3.1771258340897426e-05 0.00036561644687863813 0.0005610132240176749 8.1324526034715e-06 1.4796246119321255e-06 1.6754924820100818e-07 6.880856714251313e-08 6.061423015298828e-08 2.3002662202763422e-07 8.339382086779777e-08 0.0 6.630339283547566e-08 0.0 8.687264944901754e-08 0.0 0.0 0.0 0.0 6.781674559736995e-08 0.0018979669111173908 0.00010973694865324683 2.0382156064105894e-06 1.4518052881646947e-07 2.2782216481407593e-07 8.587678270636424e-08 6.824140362119577e-08 0.0 2.674333321980823e-07 7.79928320706936e-08 3.0998229847539544e-07 0.0 3.3017767874099814e-07 8.856496143918025e-07 0.0 7.418877786516137e-08 0.00010956805882452711 5.411635488646995e-06 0.0 2.9150942935366377e-07 6.622109215699931e-07 0.0 0.0 2.175520739358572e-07 6.185161432945122e-06 6.254044975553223e-06 0.000117541888671738 0.0006084812006401861 5.1253257783595724e-05 7.848320566959174e-05 2.945238857717264e-07 8.280415696726825e-07 8.686224751256281e-08 6.879479303344367e-05 6.82043399117841e-06 3.0377090853388123e-06 9.002674257654156e-07 6.228842130940647e-07 2.1848022489774079e-07 2.7586876605502767e-07 9.32455588642282e-08 9.94157337123859e-08 0.0 0.0003622456912439731 0.00015713872801776028 8.739990117873183e-05 1.733392596697034e-05 5.6014946460779236e-06 4.341885406338957e-06 2.5078180391626403e-05 1.1889044656247986e-06 1.5770420232341781e-06 3.980750945545826e-05 2.867677556378411e-06 4.957053090441242e-06 2.347744202963199e-06 1.5644306762628264e-06 0.0 1.3587258661813722e-06 0.0 1.2840246329954036e-07 0.0 8.023072562790644e-07 0.0 8.397873888481984e-08 1.6744363758784851e-06 7.871255216698948e-08 0.0 4.589013069882687e-07 0.0010153295861715904 0.0 7.252857514620467e-06 1.3904187890454584e-05 2.3996817878466875e-05 2.6684696018022047e-06 2.1260270399120886e-05 1.2354106721648883e-05 4.044971277338636e-05 4.3615486790538084e-05 2.4453782841249522e-05 1.6902706297403134e-05 2.3130121928655466e-05 1.728852083842601e-05 7.858126445624646e-06 4.7427426695841165e-06 9.899450688287678e-08 0.0 0.0 1.0150631655215664e-07 0.0 0.0 0.0 0.0 0.0 0.0 0.0 0.0 0.0 0.0 0.0 0.0 0.0 0.0 0.0 2.0453327754110733e-06 5.137547785905922e-07 0.0 0.0 0.0 4.5600803622571796e-07 0.0 2.629541634223707e-07 1.9442834217062266e-07 0.0 0.0 0.0 0.0 0.0 0.0 0.0 0.0 0.0 0.0 0.0 0.0 0.0 0.0 0.0 8.867474985390107e-07 3.497323028168044e-07 6.435143540578872e-08 0.0 1.6085282101910732e-07 0.0 0.0 0.0 3.4210491676934e-06 0.0 0.0 7.032563488171265e-08 0.0 0.0 0.0 0.0 0.0 0.0 7.871167398763204e-07 0.0 0.0 0.0 0.0 4.712416009599244e-06 0.0 1.8848451882579801e-06 8.353461334797627e-08 3.1083225432469415e-07 0.0 0.0 0.0 0.0 1.963571480681308e-07 0.0 0.0 0.0 0.0 0.0 0.0 6.55322161757494e-07 0.0 3.0762609991798947e-07
0.0002336069118503482 0.0020980904012220343 0.0 1.1497927820991747e-06 0.00043892401507421465 4.231030674458634e-06 0.00018902814970986204 0.0028832156570840935 0.00045166144560971337 4.408839307695625e-05 0.0011146901143357186 6.295847566772075e-06 4.658673897708335e-05 0.0004894805767770973 3.3596369965330776e-06 2.357964322236971e-06 0.0 1.5548304835074873e-07 1.8226681703464838e-07 2.4555342385170953e-06 7.704976490736338e-06 0.0 3.040757012670458e-07 7.797637265735502e-07 2.041061129395386e-06 6.598015059626893e-07 5.896772950865915e-07 8.146004567217469e-07 0.0 1.0570559274606134e-07 0.0030667157964370533 0.0009296911128922996 5.696798498437511e-06 1.0035487894321683e-06 8.826420915661055e-06 2.942732305772809e-06 2.3990772382384837e-07 4.991513627540374e-07 6.585354262179856e-07 6.440046278683672e-07 4.681904890671785e-06 1.8850977912356652e-06 9.258224915040544e-07 9.23343311718773e-07 6.079812410944386e-07 1.9863259333830184e-06 3.458009652848858e-05 1.3369209461998132e-06 1.4986364984623962e-07 7.935420407909166e-07 4.3842971816002017e-07 0.0 4.876289530262163e-08 2.68631340143358e-07 9.362777997993938e-07 8.563789573447129e-07 3.0167258688041458e-05 0.00027022391662797707 1.4426247098355205e-05 2.1294755873005178e-05 5.467610857597052e-06 1.5664707096127918e-06 4.934586718750482e-06 0.00011594115690898801 1.825206320236796e-06 4.5872306547297687e-07 5.9232459823369925e-08 1.7096845655616928e-07 2.647470238531456e-06 1.2494522477330222e-05 1.0229584210395646e-07 5.840588459651715e-07 0.0 9.756256869481647e-05 5.288947181055732e-05 2.6659957653926133e-05 2.6792796713393403e-05 2.695501441191477e-05 9.5908817524121e-05 0.00010141799965884299 1.6968765724583154e-05 4.179122558116651e-05 8.094599977351532e-06 2.3735783047749886e-07 7.940548418110004e-07 6.858860178836163e-07 7.184811152467483e-07 0.0 7.060209626920293e-08 0.0 1.5036916022336178e-07 0.0 2.2582701432360195e-05 4.300671123053918e-06 9.219813133239234e-08 1.5315289591200517e-06 9.196235255817814e-07 0.0 4.0302919376853434e-07 0.00017142604604791445 0.0 0.0 4.454313100887851e-07 1.813952668478248e-06 0.0 1.8407554661014551e-06 1.9314737878212056e-06 2.383177104413838e-06 1.7077804539438837e-06 2.9349512548488035e-06 2.1574971864225295e-06 1.6272037210054254e-06 2.1424283406862237e-06 0.0 5.997926055631393e-07 1.4135518056741107e-07 2.2398551168269003e-07 0.0 0.0 0.0 0.0 0.0 0.0 0.0 0.0 1.6778114533990742e-07 0.0 1.1692939569390015e-07 6.73772431433952e-08 0.0 2.844055568761181e-07 0.0 7.743139064636446e-08 0.0 0.0 3.785858143497305e-07 0.0 7.850803234695371e-08 0.0 8.848418441736819e-07 2.9423169764697723e-07 2.625208231870011e-06 1.1550392330000706e-06 7.198092609109036e-07 1.7967654394886702e-07 8.330638474916595e-08 7.424041604970443e-08 2.2111061973841894e-07 0.0 3.887727516525999e-07 0.0 0.0 0.0 0.0 0.0 8.010268635523536e-08 0.0 1.1178736145373521e-07 8.294370493004948e-08 0.0 0.0 1.0844738014929942e-07 0.0 0.0 5.263493875253082e-07 0.0 1.5898838845473218e-06 0.0 0.0 0.0 0.0 0.0 0.0 0.0 6.281382693790553e-08 0.0 5.54854124605559e-07 2.407520710893542e-07 0.0 0.0 1.5980137408821472e-07 2.4099696703703843e-06 1.2331463264213546e-06 3.0132196659998774e-06 0.0 2.0147265117870733e-07 6.965182055359024e-08 0.0 4.807068925699282e-07 0.0 0.0 0.0 0.0 0.0 0.0 0.0 0.0 7.274252739681235e-07 5.95697431288833e-07 1.22728608903396e-06
0.0007137979287456634 0.00011955604161682758 1.1497927820991747e-06 0.0 3.4316118491522427e-06 0.0005064269750567395 0.00026765947456883183 1.1801136529110796e-06 1.0138717712678324e-05 0.0014418767371510688 4.864377796072442e-06 0.0001330145039451924 6.32338080942467e-05 1.3887492607015277e-05 7.555136962444131e-07 0.0 0.0 0.0 0.0 0.0 8.970546411561589e-08 0.0 0.0 0.0 0.0 0.0 0.0 0.0 0.0 0.0 0.00012921396036225544 1.522752583220916e-06 0.0 0.0 0.0 0.0 0.0 0.0 9.748261431345104e-08 7.264591683214375e-08 0.0 0.0 0.0 0.0 0.0 0.0 1.2646669563775596e-05 4.5797721154327663e-07 0.0 0.0 0.0 0.0 0.0 0.0 6.369847654748273e-07 1.2544690784665261e-06 3.036823974452887e-05 0.00012236406852045127 1.5214660612976213e-05 1.3506177950926276e-05 1.3585821636356376e-07 3.766810319721296e-07 0.0 2.233822891469345e-06 1.1670209067972541e-06 2.394783188845769e-07 0.0 0.0 0.0 0.0 2.2509418990284637e-07 0.0 0.0 7.828161310204139e-05 1.526059634863325e-05 6.536244615023314e-06 1.0226279273710461e-06 4.3797829166083367e-07 0.0 2.387930036058803e-07 0.0 5.988900982640433e-08 7.493321767843094e-06 1.633781697167886e-07 7.449916318707745e-07 1.7225027335751342e-07 1.8706496304923264e-07 0.0 0.0 0.0 0.0 0.0 0.0 0.0 0.0 4.741341070563132e-06 0.0 0.0 2.0994928516590612e-07 0.000628636234611472 7.341680248531448e-07 2.6925372061068915e-06 7.854060949891255e-06 3.0077757743745883e-05 8.579150901410554e-07 1.038815091693615e-05 1.4974176866442113e-05 2.1436736774423683e-05 2.989587815117902e-05 2.6067442683744303e-05 1.6488137089042103e-05 1.5061532029526798e-05 7.75751303418719e-06 3.095932433493498e-06 2.0623874003496158e-06 0.0 0.0 0.0 0.0 0.0 0.0 0.0 0.0 0.0 0.0 0.0 0.0 0.0 0.0 0.0 0.0 0.0 0.0 0.0 2.8393589087030095e-07 1.4453397210238615e-06 0.0 0.0 0.0 7.60532093975983e-07 2.059453703410417e-07 1.3894389096044444e-06 0.0 0.0 0.0 0.0 0.0 0.0 0.0 0.0 0.0 7.569632597501618e-08 0.0 7.850369820676419e-08 0.0 0.0 0.0 0.0 7.814300486856794e-08 0.0 0.0 2.2618779666646288e-07 3.6553217353173363e-07 0.0 0.0 0.0 7.328919095100257e-07 0.0 7.696975827896999e-08 6.724483516060699e-08 0.0 0.0 0.0 0.0 0.0 0.0 1.0789126971740337e-06 0.0 0.0 0.0 0.0 2.354304434949336e-06 0.0 6.326417093398278e-07 3.0125970719213506e-07 4.3588394740654133e-07 0.0 0.0 7.138593584184943e-08 0.0 0.0 0.0 0.0 5.502604777722478e-08 0.0 0.0 0.0 9.15451745379626e-07 7.268753489734405e-07 0.0
7.621261040032682e-05 0.002156753738957093 0.00043892401507421465 3.4316118491522427e-06 0.0 3.1937737391851533e-06 0.002063433456796842 0.00010117482235769437 0.0023831856180995645 0.0006125790313967291 0.0005713973272346509 7.127725148742561e-05 0.0006672508758856308 0.0012988734589583005 1.508165946698524e-05 6.236808502475588e-06 0.0 5.350194221990805e-08 0.0 5.922154707753573e-08 6.126270524007445e-08 0.0 0.0 0.0 1.3042902469708383e-07 0.0 0.0 0.0 0.0 0.0 0.00029887431969686335 9.316608430313993e-05 5.766632548947305e-07 0.0 3.1152747104984743e-07 0.0 3.2968464965568344e-07 0.0 1.6476762798555257e-07 0.0 0.0 0.0 0.0 1.2030032379122693e-06 0.0 0.0 9.736700428162774e-05 2.128853209929001e-06 0.0 0.0 3.5429652909373425e-07 0.0 0.0 0.0 8.227176460158997e-07 1.4587799774661402e-06 8.313123399179826e-06 5.0710011296489e-05 3.877164066273242e-06 2.8100142622072252e-05 2.980148241470232e-07 3.6833154308320325e-07 0.0 4.5202281114209485e-05 1.8839847840350104e-06 9.316476894318938e-07 1.9136920799077355e-07 4.143093766566712e-07 7.416884597998046e-08 6.686998259918698e-07 1.061576714301525e-06 3.707252216338667e-07 0.0 6.66101215052302e-05 6.419011204677607e-05 6.661543022843817e-05 2.475895631831027e-05 5.221129414355572e-06 1.0419915087389291e-06 3.970426600519879e-06 2.9635329022786547e-07 1.661874665131684e-07 1.1077100506333617e-05 3.1761107660741117e-07 1.4046285849776037e-06 5.146475701920967e-07 4.187062586850713e-07 0.0 5.649398906931486e-07 0.0 7.449188389543546e-08 0.0 0.0 0.0 0.0 1.6590994769866573e-05 0.0 0.0 0.0 2.1137658078810555e-05 0.0 1.232493501715007e-06 1.6802458470690654e-07 2.9861451332658623e-06 2.1846210922368696e-07 8.611082390313765e-06 4.1082211714084475e-06 2.6778424936711222e-05 1.921693957338271e-05 8.59662628880644e-06 1.9870193978772092e-05 1.6503253259461526e-05 1.1026692453970126e-05 5.769970301265358e-06 1.1497052376270381e-05 0.0 1.7800190441532683e-07 0.0 0.0 0.0 0.0 0.0 0.0 0.0 0.0 0.0 0.0 0.0 0.0 0.0 0.0 0.0 0.0 0.0 0.0 1.04685962531912e-06 0.0 0.0 0.0 2.6358257350425597e-06 0.0 3.042053859650816e-06 3.065903694049744e-07 5.2103753754476736e-08 8.702045394885978e-08 0.0 0.0 0.0 9.262733504372639e-08 0.0 0.0 0.0 6.011004788025272e-07 0.0 0.0 0.0 0.0 0.0 5.550733856619297e-08 0.0 0.0 2.128279952812965e-07 9.666178182234937e-07 0.0 0.0 0.0 4.470236525556325e-06 0.0 0.0 5.851986525993315e-08 0.0 0.0 3.4662587491198316e-07 0.0 0.0 0.0 6.130448924092771e-06 0.0 9.448525711037397e-08 0.0 0.0 1.0481934187807169e-05 1.142490849734352e-06 6.287312210344999e-07 0.0 8.045516649777262e-07 5.345577330750882e-07 0.0 4.0406177687022134e-07 0.0 0.0 0.0 0.0 6.336394800083501e-08 0.0 0.0 0.0 4.4882752995799365e-06 8.077917649895577e-07 5.193542194114669e-07
3.224980885941144e-05 0.00022564347514747907 4.231030674458634e-06 0.0005064269750567395 3.1937737391851533e-06 0.0 0.00016437826306651745 2.598889596919616e-05 2.7966432224997413e-06 0.0007900129403680087 5.3295815259412454e-06 8.533989613657151e-05 4.106456366279894e-05 1.1635527216260137e-05 5.583133102442772e-07 3.095712052784245e-07 0.0 0.0 0.0 0.0 0.0 6.001021957767182e-06 0.0 0.0 7.628285381553718e-08 0.0 0.0 1.4823418856448395e-07 1.1327572583356098e-07 0.0 2.485465793122605e-05 3.544645286229831e-07 2.7806106198079574e-05 0.0 0.0 0.0 1.4686289426447882e-05 1.531053369789309e-06 6.8479882358360386e-06 3.5834798014903387e-07 8.776927986040424e-08 0.0 0.0 2.299485197894819e-07 0.0 0.0 2.6852869428847558e-06 9.945281124976864e-08 0.0 0.0 0.0 1.5514103149338864e-05 6.871321905096546e-06 1.2469098426457885e-07 5.185014876485707e-07 8.6833250050819e-08 6.864479741418837e-05 2.1239308087589065e-05 2.834005409699124e-06 2.054062383873688e-06 0.0 1.949057747492717e-05 0.0 8.401197245262973e-07 2.379787321774749e-07 1.081611617866922e-07 0.0 3.5415006611347447e-07 0.0 0.0 0.00016762365341757888 0.00010787298829344544 9.27417496887273e-06 1.3357727942819117e-05 2.6023075586935033e-06 1.2272221553064744e-06 1.5044555976358258e-07 5.320849100287507e-07 2.859002614838781e-06 1.2006549388413272e-05 0.0 5.541096720478533e-06 1.7977499394327078e-06 6.973140362297394e-07 0.0 7.282819838525504e-07 0.0 1.9590864298581962e-06 1.3976540917444043e-06 9.219144127742843e-06 1.1949279349872333e-06 1.8768749830728484e-06 9.77696582265706e-08 0.0 5.097672354643244e-07 0.00021741262270695715 9.264640474459099e-05 7.309964475977084e-06 2.7612315583360306e-05 0.00024440344564064594 1.774667918607106e-06 0.0 1.2123242294843552e-06 8.797958472565483e-07 0.0 2.8995418815877643e-06 2.0268822683888433e-06 5.522891628984841e-06 2.376525324035579e-06 5.404105694021401e-06 1.9306038846076537e-06 3.8044165086939645e-06 7.276600244159806e-07 1.111903295148836e-06 1.3205051425670535e-06 0.0 0.0 0.0 0.0 0.0 0.0 0.0 0.0 0.0 0.0 0.0 0.0 0.0 0.0 3.013523958759013e-07 0.0 1.9096326932481367e-07 1.8505367433616627e-07 0.0 0.0 0.0 0.0 0.0 0.0 6.414381254776488e-07 0.0 3.659538492543338e-07 2.627105589452692e-07 3.8280186985779716e-07 1.0388894820502764e-07 0.0 0.0 0.0 0.0 0.0 0.0 0.0 0.0 0.0 0.0 0.0 4.982591335588193e-07 0.0 0.0 0.0 7.811762435000603e-08 0.0 0.0 0.0 1.6914265872383073e-07 0.0 3.566286886521608e-07 0.0 0.0 0.0 0.0 0.0 0.0 0.0 0.0 0.0 6.997859924480389e-07 1.3778835346127296e-06 0.0 1.8399115986871844e-07 1.0352071139902546e-07 2.3066185115675087e-06 0.0 7.101418528647928e-07 0.0 1.3220328753869333e-07 0.0 0.0 0.0 0.0 0.0 0.0 0.0 2.747733172818306e-07 8.93958413959855e-08 1.596879589268996e-07 0.0 1.1672492024720438e-06 4.0766103263241986e-07 1.0609168001801525e-06
0.00021181653455506631 0.0025658241975620314 0.00018902814970986204 0.00026765947456883183 0.002063433456796842 0.00016437826306651745 0.0 1.518270575583381e-05 0.0011186727890409847 0.0011319816045503456 0.0004030021726953557 0.00025277589355369095 0.0034872274540037602 0.001745194422080972 3.7530432969710616e-05 1.9817561862370378e-05 1.9099121420965437e-07 2.8652083399558744e-07 7.923669418723567e-08 4.5963457127265663e-07 5.271660169323643e-07 0.0 0.0 2.7606439056829366e-07 1.0439266352575472e-06 0.0 8.676590576777984e-08 7.170430784900277e-07 0.0 0.0 0.00046853641287329607 9.63626757184592e-05 2.045132510787959e-05 1.7791598524576136e-07 1.6090703182543425e-06 1.0092900495116708e-06 3.3055242707666594e-06 1.136319390123209e-06 1.037352281197959e-06 2.0156252267135035e-07 7.00024488831346e-07 3.424691764857493e-07 2.851990863479025e-07 1.5244272124350753e-06 2.773517127596165e-07 2.980135858212548e-07 0.00022282272076772544 6.947685327482389e-06 1.6329581589349802e-07 3.661354290895097e-07 8.183544670871629e-07 6.556793568253944e-08 0.0 0.0 6.786423791883726e-06 6.659048365018369e-06 4.88314424230766e-05 0.00025038950781305913 2.414158544627834e-05 8.878553507442834e-05 7.718250316195344e-07 1.1249107670544342e-06 6.637664135258486e-07 9.980053625747298e-05 8.556665794882856e-06 4.780649348623873e-06 9.206008380766711e-07 7.87628591513315e-07 8.252675548413209e-08 1.23275983978934e-06 2.27542265008702e-06 3.55720624366179e-07 0.0 0.00028422779268897274 0.00021014634471298887 0.0001636363371371128 4.2477674387153726e-05 1.303929431863942e-05 1.592957243994436e-06 2.8855540013728557e-06 2.093847427674653e-06 1.1524735252017207e-06 4.65933482003327e-05 1.5134959226724997e-06 6.54108189213218e-06 1.905955505517579e-06 1.978552859340838e-06 0.0 1.5979824731564947e-06 0.0 2.9806060608261974e-07 7.03188705272027e-08 1.5019835279043312e-06 3.042846842195386e-07 6.691148405537741e-07 5.7643079937410346e-05 5.879996732518257e-07 0.0 3.4939267649574334e-07 0.00018318283806934195 1.985659894708784e-06 7.597491377423847e-06 3.7720954641747026e-05 7.318687025982818e-05 5.85560840183955e-06 0.00011163723832304362 4.788921717679757e-05 0.00012714784212371135 0.00011558428796965773 8.976183234857567e-05 8.883275170846175e-05 8.223174134002896e-05 6.067357211176772e-05 2.7074684475359037e-05 2.7742222622787856e-05 8.594783164732725e-08 4.1194009828333634e-07 0.0 0.0 0.0 0.0 0.0 0.0 0.0 0.0 0.0 0.0 0.0 0.0 0.0 7.363424526668188e-08 0.0 3.7626680684290274e-07 0.0 2.409851018123007e-06 5.909840827270557e-06 0.0 0.0 0.0 9.455756429351162e-06 3.179431336622128e-07 7.318718634248059e-06 1.5914738329176836e-07 0.0 0.0 0.0 0.0 0.0 0.0 0.0 0.0 6.351909732039117e-07 9.795299390449228e-07 0.0 0.0 0.0 6.586958668003564e-08 0.0 4.3764789086674735e-07 2.811258510784601e-07 6.568495230796435e-08 8.161975822218746e-07 1.671310305031163e-06 0.0 0.0 0.0 1.1146270876147828e-05 8.412505326598735e-07 4.382147964035296e-07 5.301762011265258e-07 0.0 1.3208050237906386e-07 0.0 6.659532297568976e-08 0.0 0.0 1.5732783348369133e-05 8.427379012193941e-07 0.0 0.0 0.0 3.405553182122041e-05 3.0183358863074614e-07 5.363151118608144e-06 3.426376336795634e-06 3.817243406904073e-06 2.5929219987519757e-06 3.053003332163425e-07 4.901874888544913e-07 7.456083284228283e-08 2.8861879519306165e-07 0.0 0.0 7.4240596638879e-08 0.0 0.0 0.0 1.6342718234112115e-05 1.5287797675606563e-06 1.279987876739223e-06
5.929426928555459e-05 0.00018662714664802722 0.0028832156570840935 1.1801136529110796e-06 0.00010117482235769437 2.598889596919616e-05 1.518270575583381e-05 0.0 7.388270326875829e-05 8.614779876267551e-06 0.00251898278675188 2.2933059987476238e-05 5.364981954362484e-05 0.0011550681883742175 3.269748727155744e-05 5.7829939204230066e-05 9.86481203350583e-07 2.9377204763275028e-06 1.656873686515923e-07 1.4277790981174255e-05 0.00010287955213419149 0.0 1.0623631259799864e-05 6.215920325379771e-06 5.572129646666197e-05 2.849612014911376e-05 1.0961454134808688e-05 1.279149013708964e-05 3.1051215743293917e-07 1.30524830865972e-06 0.001411852100502453 0.0007427426338078225 0.00013003708404497137 1.1276451265669375e-05 0.0001454702495977638 6.803977998198806e-05 5.366911093060042e-05 2.985151994967652e-05 1.8459309191423265e-05 8.101589856782405e-06 7.521948637898072e-05 3.044325697781217e-05 8.038474760664118e-06 2.0366903884239576e-05 1.4859606811557256e-06 2.409396554113904e-05 7.654438851192969e-05 1.1146500306954578e-06 9.904821668323655e-07 3.2354897146761952e-06 5.44524012593314e-06 1.2258036531387506e-06 1.9382748586902284e-07 2.7743387567435114e-06 6.201695811429898e-07 1.07493238793413e-06 1.6085083840795515e-05 0.00010936999656379216 6.8921207163494085e-06 2.372001714327885e-05 0.000109715512042307 5.0910964325536516e-05 8.998299893547911e-05 0.00021730248414014627 1.773695719365701e-06 7.053429999725829e-07 1.10404988988212e-06 2.354102773597949e-06 1.0019075465126644e-05 0.00013722472494208957 8.038225509421512e-05 1.643973623375695e-05 0.0 7.714292112102342e-05 6.186442396333624e-05 6.806413725132874e-05 0.00011118839208714294 0.00022701791881949476 0.0011209642097558259 0.0009380713115121278 0.0003087574168847836 0.0011049272697919203 7.955716138999226e-06 8.397828483203804e-08 7.038883748102554e-07 3.836582030848032e-07 1.535426672031202e-06 0.0 3.369734867255053e-07 1.875111060251405e-07 1.0628326088167834e-06 4.738138914916721e-07 0.00020239499413991224 5.010644872679679e-05 3.475800972750136e-06 0.00025361271529163545 5.424205134998095e-06 0.0 1.9136809112412427e-05 4.2567553691568466e-05 4.759298393709326e-07 3.9993745034345024e-07 7.75687756668036e-07 6.247570002296241e-07 2.234663461841257e-06 1.5671267023692308e-05 1.4577618672968718e-06 2.923973910202993e-05 1.4876392327667555e-05 1.087891852013562e-05 6.490437894336464e-05 3.818398616246916e-05 3.49645066790978e-05 1.786127430673334e-05 4.612523643782625e-05 2.820849725678119e-06 3.5614605376376477e-06 0.0 2.2115707243380676e-07 0.0 0.0 0.0 7.469088800611107e-08 6.523199338063944e-08 3.4273159835484013e-07 1.6389941457070575e-06 0.0 6.608210092484474e-07 1.0633573699999134e-06 6.644041100190588e-07 1.1220042462061614e-06 7.180719517741e-07 1.568137511576156e-06 9.53954678276877e-08 2.1051581662511248e-06 9.204893959810801e-06 0.0 0.0 1.7557400163623872e-07 2.9900996672708657e-05 3.1406379389368225e-06 3.97544368769001e-05 5.1753760995633e-06 2.435594954339784e-06 6.225248045188532e-07 0.0 0.0 6.885142146960555e-07 7.11099837158314e-07 5.845883489040569e-07 2.9590168829919515e-07 1.4930872665917407e-06 2.079337567349902e-06 2.1499448749067136e-07 0.0 6.58421360935642e-07 1.0643218813021728e-06 1.9798171228744147e-06 1.3506905714980378e-07 6.937188256650513e-07 1.5745382317242488e-07 1.1440547829441953e-06 2.240920474283925e-06 0.0 8.804433162039479e-07 3.837119154650084e-07 4.5328966195097715e-05 5.400184592232301e-06 4.2025848971640327e-07 5.552765536430016e-07 5.9193313250015773e-08 0.0 0.0 8.200236063904155e-08 1.0716160586518707e-07 4.738154187601198e-07 3.1448858844292404e-05 1.1057620300476803e-06 7.492095861450191e-08 0.0 7.923323100283669e-07 5.789088178677993e-05 3.404444225278587e-06 2.685629018510992e-05 3.1681758428539988e-06 5.931841887734453e-06 3.3414338812009237e-06 1.666428102495356e-06 5.107554612210175e-06 6.97298608754541e-08 1.2498522078653664e-07 2.575989668802446e-07 1.958116965252864e-07 2.150095899053554e-07 6.367224364801692e-07 4.003095723965509e-07 3.168729931719078e-07 2.1628581324080047e-05 1.4176359108639548e-05 1.2062224355010985e-05
5.143541736677851e-06 0.0002599881188290957 0.00045166144560971337 1.0138717712678324e-05 0.0023831856180995645 2.7966432224997413e-06 0.0011186727890409847 7.388270326875829e-05 0.0 0.00030408828072712866 0.0015870082018907702 0.0001291323485850428 0.000683672645431403 0.0009501369010896505 1.9453595180275082e-05 2.437121652641678e-05 1.6285874365384375e-07 0.0 0.0 9.18821621931988e-08 5.179721446600971e-07 0.0 0.0 0.0 7.951225624063667e-07 9.975227969809804e-08 0.0 0.0 0.0 0.0 3.599628332112809e-05 1.7825322520987286e-05 4.114276367709007e-06 0.0 9.153788028321759e-07 5.159351864857897e-07 8.74623608187015e-08 3.525278283987012e-07 1.5241418815392685e-07 1.9353058694666297e-07 6.104551889533491e-07 5.049756732150756e-07 0.0 1.5358306654937674e-06 0.0 9.793824596055946e-08 3.459300952645743e-05 4.657657388591091e-07 0.0 9.648950800532313e-08 1.9447660591744674e-07 1.0379823052310956e-07 0.0 0.0 0.0 5.365598994549939e-08 1.6478906237266574e-06 7.074665733587316e-06 2.8618546441935527e-07 8.137855300126229e-06 3.289552241811776e-07 9.78653911278508e-08 5.714704338189883e-07 1.5363638018868445e-05 2.1936186124794817e-07 3.7359021213168115e-07 0.0 6.467344138310331e-08 0.0 5.816703993408797e-07 6.206987796601238e-07 6.093564276587216e-07 0.0 1.5413993844842658e-05 2.0203435941064263e-05 3.888430650280565e-05 2.50180392328751e-05 1.429134790338299e-05 8.03554343202295e-06 3.1953980500636504e-05 2.582409779068196e-06 3.781427001122645e-07 1.7893746417708915e-06 9.541787120471464e-08 2.420402291505708e-07 0.0 1.7165628976392838e-07 0.0 3.0785845110967054e-07 0.0 8.104605840468916e-08 0.0 4.7671052121286967e-07 5.686438572184484e-07 0.0 5.554641114958246e-05 4.142514013400082e-06 0.0 1.758354689625497e-07 1.2723772865169307e-06 1.1963279499831734e-07 1.3908136988725433e-06 4.177159427376749e-06 5.275237217777061e-06 2.2033345886941683e-06 2.276191228326509e-05 7.472196141781184e-06 4.83347965700095e-05 3.880224477992508e-05 1.5786154967121293e-05 4.32769378490134e-05 3.1959720228287874e-05 2.89699299489707e-05 1.680045493183302e-05 1.7822183674745782e-05 8.102549703724273e-08 6.482699790613984e-07 0.0 0.0 0.0 0.0 0.0 0.0 0.0 2.7357361179831405e-07 0.0 0.0 0.0 0.0 1.707025673749269e-07 1.506036836448283e-07 0.0 0.0 0.0 4.6756749769246825e-07 3.801026715735494e-06 0.0 0.0 0.0 4.344735134471676e-06 0.0 5.972977279348662e-06 1.6511157812742164e-07 0.0 0.0 0.0 0.0 0.0 0.0 0.0 0.0 5.452220604407554e-07 1.1361855632254781e-07 0.0 0.0 0.0 0.0 0.0 0.0 1.2690634906428062e-07 0.0 6.060697769173791e-07 0.0 0.0 0.0 0.0 7.044161301619001e-06 3.166892875441628e-07 1.9329805000611662e-07 0.0 0.0 0.0 0.0 0.0 0.0 0.0 1.188903942432161e-05 7.637731743290476e-08 9.066731301747266e-08 1.0137972870048003e-07 0.0 1.9658573918680985e-05 0.0 1.4726727903798696e-06 0.0 2.8123785764421356e-07 7.354036985405426e-07 1.6227601850536998e-07 0.0 0.0 0.0 0.0 0.0 0.0 0.0 0.0 7.75548981626922e-08 1.4008643352059903e-05 7.780213815786222e-07 6.024879557500617e-07
0.00043005319883307653 0.0003119852095637794 4.408839307695625e-05 0.0014418767371510688 0.0006125790313967291 0.0007900129403680087 0.0011319816045503456 8.614779876267551e-06 0.00030408828072712866 0.0 9.761969170797082e-05 0.0016072019096787496 0.00381479263846031 0.0005343438600824894 3.460671829836352e-05 2.7194505201771778e-05 0.0 2.8100077501615905e-07 8.684844018024498e-08 0.0 2.4920880414951635e-07 1.0287262328874193e-07 2.3197671164928712e-07 5.565527928186972e-07 4.4170605158383556e-06 9.417208865129337e-07 6.633658822157441e-07 1.2923725481786658e-06 3.023949784581682e-07 1.5541102938793372e-07 0.0001316895140407449 3.5896597281539226e-05 0.00024350983472669514 1.0194815118632859e-07 2.674498607512763e-06 3.029829886778279e-06 7.545595906451832e-05 1.1616213513622268e-05 1.6798097185368403e-05 1.963963890638248e-06 2.952322137869219e-06 2.1901384681771326e-06 9.49050598652495e-08 2.169086630851948e-06 0.0 5.464064829204133e-07 0.00014141423636458448 1.8182399277179986e-06 1.1302627542689434e-07 0.0 7.218971194339836e-07 1.309508964534213e-06 0.0 6.13758892472461e-07 2.2226887020296138e-06 2.0835368641825694e-06 2.7339389497265987e-05 8.823279671711282e-05 8.695232322576384e-06 3.699210515383357e-05 4.887789242510587e-07 8.461074150454993e-06 1.284564099297034e-06 4.2542231957362735e-05 2.166160327749524e-06 1.7622102375442329e-06 7.788790460058292e-07 3.624580814085402e-07 8.556513996782411e-07 3.50524598606542e-06 7.221915847882243e-05 6.721722875147636e-07 0.0 0.00010553043204080996 7.151083079900685e-05 8.920033233079896e-05 3.563854900363298e-05 1.1006114750942907e-05 2.0541146360614244e-06 1.815485887081282e-05 9.512179370511452e-07 2.1545340895657115e-06 1.804998946270157e-05 1.1190144118321272e-06 1.7256741374649626e-06 7.769847378003524e-07 7.973911958528727e-07 7.124941558557193e-08 6.537883508219672e-07 0.0 1.0015935091616695e-06 0.0 7.574251026329366e-06 4.504355315701518e-06 1.7435480800094171e-06 0.0003006002052062176 4.000908809700336e-06 0.0 1.2047231939773045e-05 0.00026683713008712653 5.364937006232904e-07 1.4753569693204536e-05 5.321147190066481e-05 9.478703378245662e-05 8.301650058110586e-06 0.00021383676668901825 8.203612429283544e-05 0.00039427844341135296 0.00036645462367519347 0.00018290098565125758 0.00019291821810582375 0.0005186297464248035 0.00023646595749700746 0.0001194576354849545 6.335098123888905e-05 0.0 5.255470762599494e-07 0.0 0.0 0.0 0.0 0.0 0.0 0.0 0.0 9.787496751379323e-08 0.0 3.527974531960117e-07 0.0 0.0 0.0 0.0 0.0 0.0 2.829704590792209e-06 8.910703493252223e-06 0.0 0.0 0.0 1.1924138566019522e-05 0.0 8.436912541745412e-06 8.747804215068227e-07 7.833879449193642e-08 0.0 0.0 0.0 0.0 0.0 2.6289719011764205e-07 0.0 0.0 9.708266811227217e-07 0.0 0.0 0.0 8.515924515923513e-08 9.567817760061773e-08 0.0 0.0 0.0 0.0 1.5020733787582107e-06 1.910563088675476e-07 0.0 0.0 1.2232906490010733e-05 1.6002816829301e-06 0.0 2.615954620698799e-07 0.0 0.0 0.0 0.0 0.0 0.0 3.237730974931591e-05 9.434629632039458e-08 0.0 2.0771763122265893e-07 8.082168409483304e-08 5.564248528184752e-05 4.758094947450051e-07 2.99295006358353e-06 1.301582410332418e-06 1.0273057236000119e-06 1.8085826791028799e-06 4.0827426187232243e-07 4.3045489505171037e-07 0.0 0.0 0.0 0.0 6.617908556708918e-08 2.202467224048441e-07 0.0 0.0 4.4437683591576094e-05 3.456186506581571e-06 1.6038403577249295e-06
9.460169335315e-05 0.0007079289685502783 0.0011146901143357186 4.864377796072442e-06 0.0005713973272346509 5.3295815259412454e-06 0.0004030021726953557 0.00251898278675188 0.0015870082018907702 9.761969170797082e-05 0.0 0.00011328778074916764 0.0018369135186578774 0.0018045032646704078 4.4515146714320275e-05 5.337351151246161e-05 0.0 3.3314999596509957e-07 1.0081370031111707e-07 2.4903303928576135e-06 3.4792116727753304e-06 0.0 1.1332229720183492e-07 1.6321058812248658e-07 4.162021379868752e-06 9.296934926964422e-07 1.1655857904254707e-07 7.827666665619667e-07 0.0 1.4760516035165264e-07 0.0004652682100539707 0.00019043685618415004 6.227958299658016e-05 1.6642670021627648e-06 7.769831924729876e-06 4.747150005145878e-06 8.607857351439096e-06 4.080239848832054e-06 3.301555715302174e-06 9.642925365327721e-07 3.0023059243453785e-06 1.0879935154633345e-06 1.7571132680426567e-06 9.829396055840693e-06 6.803913445824405e-07 1.939183093246003e-06 7.767214297543834e-05 6.362455675461324e-07 7.783589491830931e-08 5.599511405443512e-07 4.4946152385715634e-07 2.4947234567148945e-07 0.0 1.9359470126332286e-07 7.306104129545997e-07 8.70195401676365e-07 9.110212944035205e-06 4.801827312008418e-05 3.5985103778007093e-06 2.174252748980401e-05 5.138530366445018e-06 4.4453372074888155e-05 3.815069742724623e-06 6.809309106208921e-05 1.2761476273034178e-06 7.588772986128818e-07 6.437158915766975e-08 2.736597012376727e-07 6.165491964473676e-07 5.781119840784926e-06 4.40607364588754e-06 6.115559728467319e-07 0.0 5.561887980524054e-05 6.513859467183581e-05 9.885286019526381e-05 0.00011306588311148717 7.695428357196307e-05 0.0004713272845328528 0.0008953149396410472 2.9081146793104163e-05 0.000156629616697657 5.664835927557505e-06 6.940515637990252e-08 6.854183280393379e-07 4.550870572339098e-07 3.092433533715449e-07 0.0 6.242275850054807e-08 0.0 2.7522087917268144e-07 8.310806687735361e-08 6.895897419034531e-06 1.7479324033506487e-06 4.7098854805720986e-07 4.887276501858885e-05 1.780864929006603e-06 0.0 1.205310460685534e-06 3.154227257811536e-05 1.9772613268419018e-07 3.180490775913917e-07 2.7133985992482753e-06 2.5180802517091272e-06 1.3450338787491364e-06 9.590777351746401e-06 3.535991370429811e-06 1.7467194421057504e-05 1.5391743318493026e-05 7.744176807428838e-06 2.525055358429551e-05 1.6555044377236996e-05 1.3464334443360157e-05 7.08484124733497e-06 1.61078961852269e-05 1.6556727169081847e-07 2.2372248097009642e-07 0.0 1.9113367326992955e-07 0.0 0.0 0.0 0.0 0.0 0.0 0.0 0.0 0.0 0.0 0.0 0.0 0.0 3.5478916088286486e-07 0.0 8.928592347302806e-07 3.2875376921741858e-06 0.0 0.0 0.0 6.732517221559297e-06 3.182623327677856e-07 3.827327563168164e-06 8.617122148819746e-07 0.0 7.320101183690976e-08 0.0 0.0 0.0 0.0 0.0 8.552202817216567e-08 0.0 0.0 0.0 0.0 0.0 2.7431725738039396e-07 1.9153511784528822e-07 8.139324367262826e-08 0.0 0.0 5.428650105343836e-07 7.800941118885643e-07 0.0 8.00152347575315e-08 0.0 7.4230115449575075e-06 1.0580436315725761e-06 0.0 2.3574852810731493e-07 0.0 0.0 0.0 0.0 0.0 0.0 1.0984647914534892e-05 0.0 1.6840370846028949e-07 0.0 0.0 2.1297231059189857e-05 1.0523087024335645e-07 2.5304591855725102e-06 6.132986016246489e-07 1.1201219910381643e-06 9.231707871407783e-07 1.4168818184561108e-07 4.4523881750777505e-07 7.977970003668747e-08 0.0 0.0 0.0 0.0 0.0 0.0 0.0 1.1929091476956702e-05 1.2166983056798534e-06 7.3961313932513e-07
2.3082634075480303e-05 3.1771258340897426e-05 6.295847566772075e-06 0.0001330145039451924 7.127725148742561e-05 8.533989613657151e-05 0.00025277589355369095 2.2933059987476238e-05 0.0001291323485850428 0.0016072019096787496 0.00011328778074916764 0.0 0.0006956008650341445 0.0003538155273300004 8.955706965157915e-05 0.00011557011021798469 1.2158238928966283e-06 1.6017200344279535e-06 1.6025021558235962e-07 9.645713868570572e-07 1.0034290350748572e-05 1.2558911356611434e-06 3.109134601168035e-06 1.8885167312869098e-06 3.276694823515197e-05 9.715816806041909e-06 3.2749076206852766e-06 8.52918660824586e-06 1.269920845488571e-06 1.1004409803386186e-07 1.9997523505028974e-05 5.144801433885158e-06 0.0003831550056319125 1.2652519497260661e-06 3.568057072691594e-05 2.4946035197045326e-05 0.0003946896898666168 7.222726830523796e-05 0.00010730427469784746 1.6171141212676438e-05 1.9420996290539282e-05 1.5144697456685678e-05 4.915625722249601e-07 7.418983518897996e-06 4.135875565662597e-07 1.24104163353626e-06 7.663139056642145e-05 4.5462971256948836e-07 5.314011168588111e-07 1.1374140443040385e-06 3.0845248320434817e-06 5.082900769007648e-06 4.434006209386802e-07 3.822231202510091e-06 1.729448244825662e-07 3.0825995760131757e-07 1.4970104167780503e-06 9.788104206925334e-06 4.98953096479132e-07 1.0658542686790344e-05 1.7132793220735999e-06 4.893957525816134e-05 1.055550319394462e-05 3.46262133383311e-05 5.645638111572797e-08 3.0430865098284825e-07 1.1971224907543351e-06 1.1723313223837797e-06 3.217095499879521e-06 2.254040363982625e-05 0.0006341477538590555 4.9758591723884914e-06 2.119009020560067e-07 1.6964495662592512e-05 2.3867248122860803e-05 8.242410047079872e-05 5.229657354759202e-05 2.0062993076367974e-05 8.947479838849948e-06 0.00012357897695006547 3.073820522234567e-06 1.2749560777429937e-05 1.8988019813364104e-06 9.465607383074602e-08 2.415050557116043e-07 0.0 7.135225338094844e-07 1.1583692406223799e-07 3.27044105703395e-07 2.824842789673437e-07 8.510891650419216e-07 1.2293310344094737e-06 4.800254226539207e-05 2.8591319027566027e-05 7.067066840383841e-06 0.0004214495501484684 1.5504894582267475e-05 0.0 9.170090524630735e-05 1.2174424868378281e-05 0.0 1.3967555574071488e-06 9.025270761904101e-06 1.1010407938667275e-05 2.3577181585532814e-06 4.9927155625262424e-05 1.3948453026615898e-05 8.230920926644521e-05 7.998052825797663e-05 4.0268311303558386e-05 8.305662450823241e-05 8.785134308991444e-05 6.163874721855471e-05 3.785986784389912e-05 3.752538529589401e-05 7.639287802812308e-07 9.985585120149234e-07 7.006322333200327e-08 3.195597989110282e-07 0.0 0.0 0.0 8.745272251647067e-08 0.0 0.0 1.0432689656016304e-06 7.111715723381404e-08 3.8901009226518953e-07 1.694906643825914e-07 5.867716152679031e-07 1.3878212330562516e-06 4.7293218290579487e-07 1.380317840567979e-06 0.0 1.439848396361952e-06 3.632801687364206e-06 0.0 8.130102968040667e-08 0.0 8.931603449921917e-06 4.2319995199010826e-07 9.177885398882104e-06 1.4155985569413705e-06 8.448390717444848e-07 2.551518132951483e-07 0.0 0.0 8.641685269180671e-08 1.3923696242424178e-07 3.705464899479582e-07 2.711949685863555e-07 5.1822487663005e-07 3.614576122217809e-07 7.970290320028269e-08 0.0 5.254579632418395e-07 5.017698541882665e-07 1.1493819365673571e-06 1.3322771316938089e-07 0.0 0.0 3.579241631547924e-07 9.213912510952717e-07 0.0 6.842624334895698e-07 8.366386875974577e-07 8.33473694623326e-06 1.0395495819205136e-06 0.0 1.583233652076274e-07 6.82908282984278e-08 0.0 0.0 1.0054759442286518e-07 0.0 1.0740911622814984e-07 1.9754038789508305e-05 5.511650850654593e-07 8.455424046631116e-08 2.9015666164547993e-07 4.955658059706519e-07 3.228877406447774e-05 2.5657758546707113e-07 4.9946562145576335e-06 8.255394499025403e-07 9.435437330021908e-07 1.3516544378389585e-06 1.436866275725517e-06 8.02384956061342e-07 8.301184380545676e-08 0.0 0.0 0.0 2.2712556013212386e-07 7.361984972962402e-08 2.4194641565423166e-07 0.0 2.5387796083758067e-05 3.7168659120045722e-06 3.651547622796946e-06
