0.0 0.0019776872422081235 0.0003344574717727278 0.000917872996681158 7.092082916382316e-05 0.00014927469308452187 0.0002585974524046213 9.394262697844333e-06 2.007254061142697e-05 0.0006964668915428312 0.00013111392228276644 0.0004451817192794827 0.00039469231216465695 7.198692303144506e-05 9.343529414235103e-07 3.5609552324862326e-07 2.9479175006878564e-07 0.0 0.0 0.0 0.0 0.0 0.0 0.0 0.0 0.0 0.0 5.7650514752086445e-08 0.0 0.0 0.0007662770778747786 1.8923495398304154e-05 3.978877719720873e-06 2.358062678848615e-07 0.0 3.4631599985454633e-07 5.817433191100386e-06 8.29785502887587e-07 6.639823031415531e-07 0.0 7.390838467612211e-08 0.0 0.0 1.6685024784983066e-07 1.162033295940007e-07 2.977891908677173e-07 2.1411917913716992e-05 2.625774831992969e-07 1.1951696586898397e-07 6.711710052005848e-08 1.225369032409065e-07 8.34672496655625e-08 7.343012235630793e-08 0.0 4.939019065197864e-06 6.82087474953867e-06 8.918790793158725e-05 0.00039927557103386824 5.8316082618467266e-05 5.915026919312534e-05 3.8455988545781893e-07 1.5041124097137484e-06 5.1271555027678394e-08 9.706386709000944e-05 7.527466526845552e-07 3.4588346680558757e-07 2.2537252843094646e-07 0.0 4.755567624751596e-08 1.1383790173710225e-07 7.469322266282225e-06 6.882886868825625e-06 1.6333057121752905e-07 0.00018638195299552663 6.518071279462039e-05 3.0577521474575404e-05 6.141002206187755e-06 3.3783928319344364e-07 3.5580331151675965e-07 4.3473690188234695e-06 6.2233407376791e-07 2.0538922651698853e-06 6.368056088594036e-06 2.232212084620741e-07 4.3383788998274784e-07 4.181997377258319e-07 0.0 0.0 1.7089440350683958e-07 7.024887913457996e-08 5.4988652392935406e-08 1.2015288823095322e-07 1.6630657486642952e-07 2.671960251579071e-07 0.0 2.146455972043226e-05 1.4750163404522478e-05 1.2071878024837279e-06 9.704818557104463e-07 0.0010681651885338108 0.0 8.830967903061911e-07 1.051316096127607e-06 1.1230037760917168e-06 7.527423950974491e-08 2.0078066402423035e-06 3.4168437775274537e-06 1.9010517419852739e-06 1.3883859348494325e-06 2.35024741017685e-06 7.58897244588422e-08 7.375075646639393e-07 2.453747243824504e-06 9.543197914439279e-07 2.54552372184719e-06 0.0 0.0 0.0 0.0 0.0 0.0 0.0 0.0 0.0 0.0 0.0 0.0 3.6228893971438554e-07 0.0 0.0 0.0 0.0 0.0 0.0 1.999942464030805e-06 1.9649099729261714e-07 0.0 0.0 0.0 2.5009693560280076e-06 8.746128417155877e-08 6.20635575046367e-07 2.3794071666744476e-07 2.1279542214108249e-07 0.0 0.0 0.0 0.0 0.0 0.0 0.0 0.0 0.0 0.0 0.0 0.0 0.0 9.929900773801526e-08 0.0 0.0 0.0 0.0 0.0 0.0 0.0 0.0 1.0385528944854421e-06 1.9039527653472322e-07 0.0 0.0 0.0 0.0 0.0 0.0 0.0 0.0 3.8526579389736916e-06 0.0 2.0247121110499496e-07 0.0 0.0 1.4778515577321908e-07 0.0 1.736639141811008e-07 0.0 4.511422857598257e-07 0.0 0.0 7.240046271573804e-08 0.0 0.0 0.0 0.0 0.0 0.0 0.0 0.0 1.7309714478241316e-06 1.203431267725757e-07 4.396172362071884e-07
0.0019776872422081235 0.0 0.0017096555373258336 0.0006845732069428144 0.0017756106010135685 8.522380489462051e-05 0.0015456787012018101 3.346451581843354e-05 0.000517792597550515 0.0008256225760984721 0.0004496306426533896 4.4422363752684674e-05 0.0006634924724552166 0.0014629086554235151 3.378757706154654e-06 4.814075675243097e-06 5.5464400945783e-07 0.0 1.2993194906007592e-07 8.359029194339812e-08 5.2889880797631425e-08 0.0 1.544418285537736e-07 6.548624570580647e-08 6.805222780018923e-08 0.0 0.0 1.1730600983772789e-07 9.836674537631095e-08 2.0264633421762793e-07 0.0013039064033128214 5.974216735337263e-05 3.0263976679742925e-05 2.4621798327837323e-07 1.0222373133660909e-07 2.696607005534882e-07 2.1605537088925567e-05 9.305353132748587e-07 1.647473290861517e-06 3.250586632451514e-07 0.0 8.078427345446654e-08 0.0 4.406599023784617e-07 2.3782035030300046e-07 1.1684283907258308e-06 7.512030075290871e-05 9.042839115450546e-07 3.623301975240163e-07 1.8612930357378366e-07 0.0 8.66219128107785e-08 6.105338129889326e-08 0.0 6.630976242895746e-06 1.0102322109196232e-05 5.5396466473093486e-05 0.0003102939063589914 4.3515312409520744e-05 7.811011808348865e-05 5.835123898247713e-07 7.585975626812382e-06 7.050199268802936e-07 0.00025605149019606655 1.1207981868086936e-06 5.502191777649076e-07 2.6572012462951854e-07 0.0 6.856669950567088e-08 2.2722800578175492e-07 2.955698726071132e-05 8.245161121430527e-08 1.8784044573741002e-07 0.00018208420551031387 0.00010254122959452463 8.855112424880402e-05 4.6246669761433425e-05 4.990905841562354e-06 2.507315374164328e-06 1.4268293406336947e-05 4.54122860346285e-07 4.143781444504971e-06 1.0649184174554267e-05 7.179006001255767e-07 8.74681336145537e-07 8.027424088040083e-07 1.449116276700478e-07 0.0 0.0 0.0 1.2435207775489306e-07 2.842512774820355e-07 0.0 0.0 6.166149505162252e-08 2.2574454346034192e-05 1.7588074926371116e-06 0.0 1.693621207869607e-06 0.0007384334519952342 3.152393194744736e-07 2.4285327286909526e-06 1.8182214542093742e-06 3.0610152835766783e-06 9.913455296484912e-07 7.045464384297602e-06 7.82071664242428e-06 6.863590757884164e-06 4.558920539142904e-06 8.78077207516519e-06 1.7636333283548517e-06 1.542329803277065e-05 1.1582872156473839e-05 1.5124601423755713e-05 1.7292428167261808e-05 7.70447173172256e-07 0.0 0.0 0.0 0.0 0.0 0.0 0.0 0.0 0.0 0.0 0.0 1.7006684993456834e-07 0.0 0.0 1.3020195767413462e-07 0.0 1.8137181804530773e-07 0.0 1.2027052655640694e-05 4.806871469797372e-06 0.0 2.777955468966689e-07 0.0 1.037291006347799e-05 2.1270803715525926e-07 3.818876298112653e-06 7.417926370810548e-07 1.6491784992618055e-06 0.0 0.0 0.0 0.0 0.0 0.0 0.0 2.3691586173381913e-07 4.787344245488545e-07 0.0 0.0 0.0 0.0 3.673329369807725e-07 0.0 0.0 0.0 5.6930321013556075e-08 8.455670005421588e-07 0.0 0.0 9.755835094601655e-08 4.431732142407667e-06 2.7103412155709424e-06 0.0 0.0 0.0 0.0 5.3808121970023015e-08 0.0 0.0 0.0 2.1978737985649335e-05 1.4327006422841358e-07 0.0 0.0 0.0 4.676074578984797e-06 2.8901102112329906e-07 1.0097563559270977e-06 4.3033257275929545e-07 1.931288105979391e-06 1.1457398383573926e-06 1.0418378716285279e-06 2.049960945518817e-07 0.0 0.0 0.0 0.0 0.0 0.0 1.5798224600176658e-07 0.0 1.3124128820496779e-05 2.899900343778115e-06 5.3439285856103e-06
0.0003344574717727278 0.0017096555373258336 0.0 6.553500930328553e-06 0.0011914092676173736 2.682433085232347e-06 4.6057497859778776e-05 0.0009819009604205117 0.0006414828482714458 1.0005630067802307e-05 0.0013707169155474206 1.287755563209788e-05 9.303876733346383e-05 0.0011696971864503859 3.4517700676976397e-06 6.4155047680964315e-06 5.390561872522287e-07 6.693865987167819e-08 1.321545139795391e-07 2.9590139862972716e-07 1.306189231741647e-06 0.0 2.9312837146705015e-07 4.359291511148158e-07 0.0 0.0 0.0 8.076559677271088e-08 1.6972890395803255e-07 0.0 0.0034495931067934056 0.00037734220274942957 0.0001448929988811732 2.4174093894451056e-06 5.595587869660244e-07 7.89793440081446e-07 4.8880167985755846e-05 2.5812254151214153e-06 5.805455006949966e-06 7.638841125960489e-07 8.177487023072093e-07 8.037984943327727e-07 5.454787574015725e-07 5.610904738226611e-07 2.260025717415614e-07 2.3750312325736263e-06 4.094209808223507e-05 8.838690449842514e-07 2.0825931622066637e-07 9.397467870098264e-07 6.667264075600465e-07 2.250891452237476e-07 7.954630042234068e-08 7.376641205187844e-08 3.853431427158297e-06 4.096222801375786e-06 4.4790749838155444e-05 0.0003083329814080153 2.8098740792388594e-05 4.146720627237439e-05 2.4616823665575906e-06 4.0013846327794024e-05 5.942168193056347e-07 0.000267769172327577 7.196262956769037e-07 4.522155707467816e-07 1.8153990320729246e-07 3.1039311100347874e-07 3.8048759291966696e-07 3.87179966761821e-06 6.447839766905893e-05 1.5541168501171824e-06 7.672034687602511e-08 0.0001135979618893097 6.049922641457095e-05 5.3184225182729814e-05 3.3169968650827775e-05 5.295728919470107e-06 2.0523968498716246e-05 0.0003491925739578891 2.307843717730368e-06 9.448492738241066e-05 5.2414618335891144e-06 2.7880729582325687e-07 3.1552285189617375e-07 4.4946334408559655e-07 2.324607693400175e-07 0.0 0.0 5.0938896218308115e-08 1.2494187841186829e-06 1.9278119154266075e-07 1.9117301782999977e-06 1.2624056632722288e-06 1.0054793808835897e-06 2.74132743316741e-05 4.320654505019558e-06 0.0 4.673372264574322e-06 0.0003824330668681876 1.584314771481928e-06 1.0437695577990062e-06 1.2947857671385481e-06 1.3801284938719207e-06 2.722139740487887e-06 2.20227437345113e-06 2.313701197641546e-06 5.849855035236557e-06 2.6449614990714856e-06 6.8791149351311135e-06 1.4966946186307526e-06 1.2157670498999249e-05 1.1150606425294322e-05 1.1836111681779169e-05 1.7427729391253634e-05 2.862997289736584e-07 3.171246446993742e-07 0.0 0.0 0.0 0.0 8.322281144322306e-08 0.0 0.0 0.0 0.0 0.0 8.172983978111369e-07 0.0 8.931940460856836e-07 0.0 0.0 0.0 1.646110902778143e-07 1.4079576131425094e-05 4.745276902423433e-06 0.0 7.655760210104475e-07 5.210624503216884e-07 1.4736121046645806e-05 1.0813114140423832e-06 1.539442507151852e-05 1.6216826983286824e-06 3.157424603281023e-06 0.0 0.0 0.0 7.210378151217646e-07 2.9287151859819616e-07 1.8624084638737983e-07 0.0 1.9120551127720127e-07 3.37592825601519e-07 0.0 0.0 0.0 9.77691313506619e-08 9.813748226876164e-08 0.0 0.0 0.0 5.254990848816698e-07 1.4321368004739656e-06 0.0 1.4338001542066171e-07 1.1809145010389379e-06 1.056570761390382e-05 3.5572907382065277e-06 0.0 0.0 0.0 0.0 0.0 0.0 0.0 0.0 3.325033336792109e-05 1.3167685349154719e-07 9.48037716695264e-08 0.0 0.0 5.153657699257742e-06 0.0 5.032893349895411e-06 2.2765273491229162e-07 3.6683398358343404e-06 2.217437008935057e-06 1.5469123313210044e-06 1.0493439380105381e-06 0.0 4.820879408862392e-07 0.0 0.0 0.0 1.5723418894201243e-07 0.0 7.238646142169211e-08 1.2179477009633329e-05 1.1524898711697872e-05 1.1403316462941514e-05
0.000917872996681158 0.0006845732069428144 6.553500930328553e-06 0.0 3.9192975700003193e-05 0.0005467804143572326 0.0005516480006605205 2.3435017309462242e-07 8.416860756020234e-06 0.0013778516244883432 2.0325366708113333e-06 0.0007432717833680414 0.0009131755147154609 1.8159237563067952e-05 1.014732420804824e-07 0.0 0.0 0.0 0.0 0.0 0.0 0.0 0.0 0.0 0.0 0.0 0.0 0.0 0.0 0.0 6.066774484572946e-05 1.218832089344416e-06 1.989598536785268e-06 5.5323783189211834e-08 6.607047021686524e-08 0.0 2.7995962570017234e-06 0.0 7.073909850977112e-08 0.0 0.0 0.0 0.0 0.0 0.0 0.0 6.964877491785559e-06 1.3465476211224856e-07 0.0 0.0 0.0 0.0 0.0 0.0 3.681101455802791e-07 1.1777104429199495e-06 1.1770852008346068e-05 5.7074358806289336e-05 8.220762207787689e-06 1.0308356050290991e-05 0.0 1.149822128267137e-07 0.0 1.9972846041019616e-05 7.94327034224422e-08 5.1793333269910823e-08 0.0 0.0 6.844503000124796e-08 5.576902931368791e-08 7.768695165155577e-06 0.0 0.0 3.225859442429209e-05 1.213322428933329e-05 5.878346365479968e-06 2.225851000793598e-06 6.495292323498416e-08 2.4487042711643596e-07 3.4254882610262713e-07 0.0 8.250683052744823e-08 9.22155227924848e-07 2.668231082760653e-07 0.0 0.0 0.0 0.0 0.0 0.0 0.0 0.0 0.0 0.0 0.0 3.7368389610661547e-06 1.8747295628436494e-06 0.0 2.2358468006597876e-07 0.00034948345932702383 7.270266734275888e-07 2.7028187057508796e-06 4.47794941829505e-05 2.5345514160274922e-05 1.9054136747920494e-07 4.401557858609466e-05 4.853990643890192e-06 3.2843941122903736e-06 2.30201157344676e-05 1.1969977929806524e-05 1.4602937857841411e-07 1.8876645063978467e-05 8.880688353452505e-06 1.8594680429096599e-06 1.524322524135762e-06 0.0 0.0 0.0 0.0 0.0 0.0 0.0 0.0 0.0 0.0 0.0 0.0 0.0 0.0 0.0 0.0 0.0 0.0 0.0 2.058950587028404e-06 4.5869536963122037e-07 0.0 0.0 0.0 1.3239540587056241e-06 0.0 0.0 0.0 1.9305905381330866e-07 0.0 0.0 0.0 0.0 0.0 0.0 0.0 8.53796622962798e-08 1.88195501643437e-07 0.0 0.0 0.0 0.0 0.0 0.0 0.0 0.0 0.0 2.1842046067583218e-07 0.0 0.0 0.0 0.0 8.532191329995676e-07 0.0 0.0 0.0 0.0 0.0 0.0 0.0 0.0 2.2985456299511675e-06 0.0 0.0 0.0 0.0 2.2868461287511535e-07 0.0 1.261718928398724e-07 7.89101442909859e-08 1.1823364555512616e-06 3.5239734130832417e-07 2.0437521301165132e-07 5.695480711323206e-07 0.0 0.0 0.0 0.0 0.0 0.0 0.0 0.0 2.4540498010951297e-06 0.0 1.0500242367652171e-07
7.092082916382316e-05 0.0017756106010135685 0.0011914092676173736 3.9192975700003193e-05 0.0 8.572348896552928e-06 0.0007687440491344157 0.00011979228431589089 0.0007822220043583174 0.00025633743714714225 0.0005232812073069717 1.3791112931448337e-05 0.0005680249351768213 0.00188501388236761 2.5885806803545175e-06 6.497684669651362e-06 3.8989929759403247e-07 0.0 2.2607860647764653e-07 0.0 5.148941317350579e-08 0.0 0.0 0.0 1.340590530584004e-07 0.0 0.0 9.026645711164919e-08 0.0 0.0 7.242228508289981e-05 2.1988191430593552e-05 2.79640508405231e-05 5.527906111624074e-07 0.0 0.0 1.592917478402032e-05 1.273625111578412e-06 1.8453639201770527e-06 5.8175391682130805e-08 1.5648087953180974e-07 0.0 7.628424262666674e-08 9.147473645800101e-08 1.835089427412824e-07 3.599139074174151e-07 4.5524444974796105e-05 2.515992053178727e-07 2.566415065127606e-07 0.0 9.086156433367511e-08 0.0 3.196290708381222e-07 1.4387406463472157e-07 1.7052424510374655e-06 2.600909180363638e-06 7.096774217818701e-06 3.877934493269171e-05 7.573254043581559e-06 2.77936479197409e-05 5.822850010746098e-07 8.032514421382967e-06 1.175016867505439e-06 0.00010323077592290015 4.626602327021975e-07 3.9429733036250753e-07 0.0 8.687871096764864e-08 0.0 1.619501132580381e-07 4.5282903478441046e-05 0.0 9.750066461978413e-08 4.383926036975581e-05 3.469119296961183e-05 4.100974143245859e-05 4.081864963257907e-05 6.635855353164294e-06 2.0618613839402027e-06 1.4688313257576761e-05 4.167960271732096e-07 4.626651721995747e-06 2.3320819024861417e-06 7.679126852852972e-08 2.475657831573294e-07 2.340249899317711e-07 6.347638108423971e-08 6.717190700641431e-08 6.015589586364324e-08 9.473965320352133e-07 5.70197402904147e-08 0.0 7.106615779628634e-07 0.0 7.652901906854263e-08 3.3581251411075405e-05 1.6462076335655695e-06 0.0 3.2376265422747814e-06 2.282711576462302e-05 7.540331602201624e-07 2.7844184762459064e-06 3.491839682253963e-06 3.505402474670841e-06 3.0705549894241416e-06 9.249509909011002e-06 6.492907467913438e-06 1.1248181542976474e-05 6.243073549727925e-06 1.5665814158458177e-05 3.4427875984317526e-06 2.736135018205083e-05 1.8476480604500357e-05 2.5028871562969885e-05 2.949286434811407e-05 2.9310877960301935e-07 0.0 0.0 0.0 0.0 0.0 0.0 0.0 0.0 0.0 1.8323054827224622e-07 1.0489442222042491e-07 1.451147832136728e-07 0.0 0.0 0.0 1.9728773309653727e-07 2.285523789839949e-07 1.2698293334065793e-07 1.851951192795635e-05 5.122770963964106e-06 0.0 3.110089988317297e-07 0.0 1.722140997297484e-05 2.6207134363157207e-06 1.4644990687309351e-05 1.6524514944804306e-06 2.7141224055383575e-06 0.0 0.0 0.0 0.0 1.7033967372888636e-07 0.0 0.0 1.1768580550808323e-07 4.179768858680251e-07 0.0 7.267042159162961e-08 0.0 0.0 0.0 0.0 0.0 0.0 1.6401980294702368e-07 1.2751039367110278e-06 6.666044446004375e-07 0.0 6.443973178992431e-07 1.365424409969557e-05 4.593345264661978e-06 1.7082627216551075e-07 0.0 0.0 0.0 0.0 0.0 0.0 5.13254015674087e-08 4.899055444167831e-05 1.1023823518966575e-06 0.0 0.0 0.0 9.661665688489462e-06 2.238270044162153e-07 5.1767953922491416e-06 2.290379776834601e-07 2.8554318011663084e-06 1.1319503692176557e-06 2.3397609333443317e-06 9.323057731765994e-07 0.0 0.0 0.0 0.0 0.0 0.0 1.9112917313829672e-07 0.0 2.7148994360752258e-05 1.0582628816893729e-05 7.409891204728108e-06
0.00014927469308452187 8.522380489462051e-05 2.682433085232347e-06 0.0005467804143572326 8.572348896552928e-06 0.0 4.007305375660111e-05 1.175156905314981e-06 2.8876094010589922e-06 0.0005640654146415373 2.8050515391720727e-06 0.00011136146305609559 5.2856746210534156e-05 9.753271136850672e-06 2.4873067092668086e-07 6.035991187755955e-07 0.0 0.0 0.0 8.23031875497854e-08 2.8532146378117945e-07 9.66539817484363e-08 0.0 1.1437316399644249e-07 0.0 0.0 0.0 1.12775663597065e-07 0.0 0.0 2.101657587791836e-05 4.6918810849897996e-07 6.074303453391391e-06 2.771068374179291e-07 0.0 0.0 1.2111282868894698e-05 2.0806414365286504e-07 3.901278852572722e-06 1.0581118616925286e-07 4.359473950745175e-07 4.972011217105932e-08 0.0 0.0 0.0 0.0 1.6057281566168634e-06 0.0 0.0 0.0 2.7834937641379715e-07 1.603008757145981e-06 1.999446942566997e-06 0.0 5.053791855471895e-07 6.458507069331905e-07 3.330459033208507e-05 2.7916785704805035e-05 3.109915337717252e-06 4.423670973211449e-06 1.2436058099194486e-06 1.0547577335756888e-06 1.3106774895452878e-06 4.748883964041559e-06 0.0 0.0 5.816435478284561e-08 0.0 0.0 3.466633165017686e-07 5.145190549235704e-05 5.982569221973099e-05 6.638588883248457e-06 1.1972633734056916e-05 2.7606337195431013e-06 2.836894669786103e-06 4.3824580075121405e-07 0.0 0.0 8.516798660462611e-07 4.6260538145149123e-07 6.043457384023197e-07 1.045980707809114e-06 0.0 6.476521636606838e-08 1.9150771540684048e-07 0.0 4.167270552568564e-07 7.993437202632405e-07 2.733327560293595e-06 3.362384652583189e-07 1.134981761289468e-06 0.0 3.218690142731791e-07 2.699996711362668e-07 0.0001625625950563949 9.256345909768837e-05 1.1130939904274638e-05 1.4389367340972923e-05 0.0002855980427275345 0.0 0.0 0.0 0.0 1.6815582997253052e-07 0.0 0.0 0.0 0.0 0.0 1.4592590329552574e-07 0.0 3.5805275991555427e-07 8.584254557481863e-08 2.1381134907370894e-07 0.0 0.0 0.0 0.0 0.0 0.0 0.0 0.0 0.0 0.0 0.0 0.0 0.0 0.0 0.0 0.0 0.0 0.0 0.0 1.7793631331323303e-07 7.619758879190031e-08 0.0 0.0 0.0 7.189090016735166e-08 0.0 0.0 0.0 9.405144210121611e-08 0.0 1.1682674778075454e-07 0.0 0.0 0.0 0.0 0.0 0.0 2.1466465706891793e-07 0.0 0.0 0.0 0.0 0.0 0.0 0.0 0.0 0.0 0.0 0.0 0.0 0.0 0.0 0.0 0.0 0.0 0.0 0.0 0.0 0.0 0.0 0.0 7.136583920608892e-07 0.0 0.0 5.357002536399217e-08 7.099452389322855e-08 0.0 0.0 0.0 0.0 0.0 0.0 0.0 0.0 0.0 0.0 0.0 0.0 0.0 0.0 9.233173502521072e-08 0.0 9.532480881306869e-08 7.78442951600153e-08 1.466821920219392e-07
0.0002585974524046213 0.0015456787012018101 4.6057497859778776e-05 0.0005516480006605205 0.0007687440491344157 4.007305375660111e-05 0.0 4.345227686278556e-06 0.0006548574803465907 0.0016245322825179896 4.372262285580571e-05 0.0001539036314789607 0.0013095062088248658 0.0008849336701882488 1.4101345502569788e-06 2.363942983604687e-06 3.9155613065297424e-07 0.0 0.0 0.0 0.0 0.0 0.0 0.0 0.0 0.0 0.0 0.0 0.0 0.0 5.3442042564173046e-05 6.847287496908815e-06 1.8195123411905964e-05 1.6904227353467867e-07 0.0 8.641668318558431e-08 1.9384346370360432e-05 2.2047968545445445e-07 5.617049092964321e-07 9.09283925350252e-08 1.0389731123642207e-07 1.9597609286508152e-07 0.0 0.0 5.471353566911288e-08 3.403009345084635e-07 1.9396136434815155e-05 2.266646265365385e-07 6.329065379437555e-08 6.030809962886467e-08 0.0 0.0 2.941369570462089e-07 0.0 1.1718838354891061e-06 2.065731734546008e-06 7.175748877486269e-06 3.413756285279559e-05 4.605981852825907e-06 1.5359137493249963e-05 1.4196674519231795e-07 5.140571582513146e-06 2.0894288774674206e-07 5.231632755561749e-05 9.119301450558422e-08 1.1042032761427637e-07 7.277746310110089e-08 0.0 0.0 4.974108675613624e-08 4.103478242107467e-05 9.90157767296079e-07 7.017360041863515e-08 2.9994806163747917e-05 1.8825133348210817e-05 2.0778348818622773e-05 1.5993328962029428e-05 3.5818297393970778e-06 8.602666433235797e-07 8.020642890784316e-06 7.45834111850856e-08 2.739680273187211e-06 2.4794272335951007e-06 2.2576153063603674e-07 0.0 2.5210938959334807e-07 0.0 0.0 0.0 0.0 0.0 0.0 7.432771224170893e-08 5.815899798224617e-08 1.8967101918793869e-07 4.583908937605359e-05 2.220514314308943e-06 0.0 1.1568869424994917e-06 3.425374873921438e-05 1.05239917455967e-06 5.6570265874613104e-06 1.498380082470837e-05 1.2938676801544745e-05 3.3589106007715916e-06 2.2726529538093607e-05 8.368915694583742e-06 2.572472206476169e-05 5.299779492345439e-05 2.7672764795635474e-05 2.8685759026661393e-06 0.0001351798384426049 9.079706950393314e-05 3.361598353836258e-05 2.4613330937082557e-05 2.640549753490334e-07 0.0 0.0 1.5987020734952494e-07 0.0 0.0 0.0 0.0 0.0 0.0 0.0 8.767645148254471e-08 2.0341056115551468e-07 0.0 0.0 0.0 0.0 0.0 0.0 1.4379309234104773e-05 6.57026968583622e-06 0.0 3.785145345417733e-07 0.0 1.3000818200275696e-05 2.7133890013426383e-06 9.53781530470492e-06 9.273030287460263e-07 1.7643741883018228e-06 0.0 0.0 0.0 1.5812790919801098e-07 0.0 0.0 0.0 7.168775954517674e-08 7.157287930056649e-07 0.0 0.0 0.0 0.0 1.2621055929099595e-07 0.0 2.348625110327344e-07 0.0 0.0 1.9715024884449504e-06 6.58982468393757e-07 0.0 0.0 6.571767819325314e-06 4.734397782551992e-06 0.0 0.0 0.0 0.0 0.0 0.0 0.0 0.0 4.011428455840715e-05 7.53264496637768e-08 0.0 0.0 0.0 9.360096481475077e-06 0.0 3.0432204694717406e-06 3.5069344102183134e-07 4.5515977628805686e-06 2.6368957738591594e-06 1.3892633459604306e-06 7.496888496459997e-07 0.0 0.0 0.0 0.0 0.0 0.0 0.0 9.884043178474955e-08 2.4530231958754024e-05 3.665007075234098e-06 6.2497697444560775e-06
9.394262697844333e-06 3.346451581843354e-05 0.0009819009604205117 2.3435017309462242e-07 0.00011979228431589089 1.175156905314981e-06 4.345227686278556e-06 0.0 0.00021852437592265167 9.97574280108179e-07 0.002950600506846303 1.4461294569897543e-05 5.2750669283285587e-05 0.001024381581974905 1.139204951468572e-05 5.258046856804802e-05 4.802048429364624e-06 6.557580146419569e-06 1.692341464724729e-06 1.00993326762422e-05 2.3853472203985427e-05 0.0 1.0334666247508155e-05 1.0449286500771239e-05 2.639851782764875e-06 2.000502088044403e-06 1.0518212866911032e-06 1.064183867292337e-06 7.459242672525882e-07 1.274308802476089e-07 0.0006171351108206454 0.0006574957454718766 0.0002822441790635549 3.7049069508343794e-05 9.82709182319052e-06 7.178103850380439e-06 6.364998298487404e-05 2.822013363820454e-05 1.257581014307156e-05 3.1404611676134087e-06 1.1578613654185605e-05 6.065069343816565e-06 8.289770990070403e-06 6.026991050995722e-05 9.319161586946718e-06 8.463928438675534e-05 0.00010112158005331548 5.810557143159907e-06 3.838618659889566e-06 1.4393757962754494e-05 6.75718575768523e-06 1.342081009369177e-06 1.1483429649149852e-06 3.801350438172631e-07 2.84333849305426e-06 3.8972239982359645e-06 1.4247211909069793e-05 9.376427107892602e-05 1.2315600363250313e-05 4.257726292751645e-05 8.870818725887009e-05 0.00021780916943013901 2.1184575664339164e-05 0.0003856073644085411 3.9595857022305666e-07 6.366282012727546e-07 1.0711558153928513e-06 2.152371513306418e-06 9.614599500466085e-06 5.0910920294847726e-05 9.450708888926496e-05 7.252102484960807e-06 4.615620836054954e-07 7.646687061445265e-05 7.703314620515639e-05 0.00011656708193504207 0.00016226735547381695 0.0002430109462361053 0.0009077086286406687 0.002121475953492039 8.023412835175397e-05 0.0012793759446823184 4.556070576983317e-06 1.9324857612532452e-07 2.2144932555137216e-06 5.235214903829342e-07 5.011581097375693e-06 0.0 3.522142899318514e-07 3.004373105712915e-07 1.4086393503249822e-05 3.0653666221538557e-06 2.7572316975503716e-05 1.7159460290009076e-05 7.810031844597978e-06 3.7592495576561906e-05 9.427047889238988e-06 3.913486926531597e-07 1.0175556307938412e-05 2.9361929284673208e-05 1.7067017539394843e-06 1.0212922434263517e-06 1.0965242701536572e-06 1.3013177513079355e-06 3.1132752255138455e-06 2.4742569759914653e-06 1.686569027131702e-06 6.443522173188202e-06 2.5185068447515037e-06 4.27308751333902e-06 3.241532092581461e-06 1.2711734641009461e-05 1.1055562378487039e-05 1.4283317749820998e-05 1.833488937749602e-05 4.465058430348669e-07 1.819032952301297e-07 0.0 2.865226604125326e-07 0.0 0.0 0.0 0.0 6.309343201408862e-08 0.0 4.4291549841471313e-07 1.8808662976941555e-07 9.606535789649528e-07 2.941591999545475e-07 4.1057773167625114e-07 1.1415883228666428e-07 2.3305598101219426e-07 1.8194280225627768e-07 0.0 1.3108677415162156e-05 8.688920383086175e-06 2.173696971309508e-07 7.96641888312987e-07 0.0 2.2042340806128225e-05 3.970735442495523e-06 1.648618091872075e-05 3.3798501353621367e-06 6.080057288909913e-06 0.0 8.506665006292418e-08 0.0 2.486064995924515e-07 0.0 0.0 0.0 1.2350946247085276e-06 1.2671842178882993e-06 1.7329284755907604e-07 0.0 3.5485547613492826e-07 7.392005126060309e-07 2.728352788608214e-07 1.242668812484234e-07 0.0 0.0 1.6373387662733972e-06 1.5684548964235986e-06 0.0 0.0 1.1918478753030812e-06 1.284629477128494e-05 9.187086415291376e-06 0.0 0.0 0.0 0.0 0.0 0.0 0.0 9.304936724813413e-08 4.408776518463939e-05 6.207989848206419e-07 6.800594643567879e-08 0.0 7.783085590725793e-07 6.607321680819209e-06 1.1084540491198296e-07 4.325378795295294e-06 4.6960385989035047e-07 2.9606089749192097e-06 1.387192810722604e-06 2.000183569795946e-06 1.4979461055228867e-06 0.0 0.0 1.8453226076554382e-07 0.0 1.5102405547827922e-07 2.4883807552477206e-07 2.6746128377700533e-07 4.756174231437861e-07 1.796968819348917e-05 1.3080539812815704e-05 1.552301434373085e-05
2.007254061142697e-05 0.000517792597550515 0.0006414828482714458 8.416860756020234e-06 0.0007822220043583174 2.8876094010589922e-06 0.0006548574803465907 0.00021852437592265167 0.0 0.00017471104962511944 0.0008596056815845111 2.3407874306322356e-05 0.000533794196054818 0.002017224874985919 1.2812782885373307e-06 3.301484425048509e-06 2.4283613110717705e-07 2.6457002401725377e-07 7.067738339200147e-08 0.0 0.0 0.0 0.0 7.758415957213105e-08 0.0 0.0 0.0 0.0 0.0 0.0 2.7149309780312903e-05 1.127545081142742e-05 2.7044967730281313e-05 3.2826299492405917e-07 1.040408854296472e-07 5.318948362112995e-08 1.5348395794960472e-05 2.8916574661359375e-07 7.011920128786807e-07 0.0 0.0 8.266142172469171e-08 0.0 2.1447458763706365e-07 1.233433976732167e-07 3.7420540377321875e-07 1.4724859942624655e-05 2.676123833549165e-07 7.404445337992793e-08 0.0 0.0 0.0 3.0820363688660424e-07 0.0 3.2123490238049325e-07 7.360544939542613e-07 1.6410868380822314e-06 1.072295829602205e-05 2.007612653929788e-06 7.321593240030606e-06 4.996989525683804e-07 2.614194513389021e-06 2.8929075852284746e-07 3.121597192810333e-05 2.244641851538128e-07 0.0 6.765789863739977e-08 0.0 2.2509012506563996e-07 1.3664412963514277e-07 2.4518248706284372e-05 2.1149497797104662e-07 0.0 1.3761261923851658e-05 1.2133025525669823e-05 1.6884268978831128e-05 1.6304280209875307e-05 3.268014363961613e-06 8.499494553166904e-07 2.603352053033659e-05 6.826522155327173e-08 1.1768359962037123e-06 9.446786495784286e-07 0.0 5.231269921103765e-08 5.5785104689302945e-08 0.0 0.0 0.0 0.0 1.0728552989301038e-07 0.0 1.8730381070465713e-07 3.021343072001873e-07 0.0 1.2747432962035956e-05 1.217984744955445e-06 0.0 1.284469907140721e-06 8.19531771331698e-06 9.67627999052373e-07 4.067029941641058e-07 1.6753937015535758e-06 2.8171611862720224e-06 2.910572687167365e-06 4.538714259533577e-06 2.6130515054393884e-06 3.432847321281525e-06 2.416711553012699e-06 5.684154619412889e-06 9.023561696112289e-07 1.1953058149328193e-05 1.0227076797518737e-05 1.0707156395771321e-05 8.340877797367113e-06 0.0 0.0 0.0 0.0 0.0 0.0 0.0 0.0 0.0 0.0 0.0 0.0 6.801720417242597e-07 0.0 1.448109029078015e-07 0.0 0.0 0.0 8.649877105660859e-08 6.802074975766951e-06 3.766100566408575e-06 0.0 0.0 0.0 5.723679516484302e-06 1.1422433745276887e-06 2.9048150665743255e-06 3.9881326745615414e-07 1.550703414209861e-06 0.0 0.0 0.0 0.0 0.0 0.0 0.0 7.101755266460779e-08 2.7508082778731335e-07 0.0 0.0 0.0 8.823477235616441e-08 0.0 0.0 0.0 0.0 0.0 4.113217151801177e-07 0.0 0.0 6.34664225084178e-07 3.2204828903062205e-06 3.0011711564922123e-06 0.0 0.0 0.0 0.0 0.0 0.0 0.0 0.0 1.7683326217199355e-05 3.612482282530803e-07 0.0 0.0 0.0 3.6727181474195505e-06 1.438869368723737e-07 1.1957779763690542e-06 4.2051283605709734e-07 7.319308616800025e-07 5.378490419360872e-07 2.729553895710866e-06 2.2666819773693815e-07 0.0 0.0 0.0 0.0 1.2827811521261178e-07 0.0 0.0 0.0 9.076458291562481e-06 2.6140426826600537e-06 3.575003270461589e-06
0.0006964668915428312 0.0008256225760984721 1.0005630067802307e-05 0.0013778516244883432 0.00025633743714714225 0.0005640654146415373 0.0016245322825179896 9.97574280108179e-07 0.00017471104962511944 0.0 1.1283227229616849e-05 0.0019103808114449552 0.001945654270236604 0.00025541887565100677 2.579773194934396e-07 1.0228730815397417e-06 0.0 0.0 0.0 0.0 0.0 2.885939367490495e-07 0.0 3.324606923029852e-07 0.0 0.0 0.0 0.0 0.0 0.0 3.594503288490381e-05 4.67828674862733e-06 3.526088231206023e-05 6.136058908814531e-08 0.0 0.0 0.00020799450050999884 4.0189151288139817e-07 1.6147856459602257e-06 1.1754169414265313e-07 1.5582114253542066e-07 3.0011413683039206e-07 5.9290372174588204e-08 0.0 0.0 0.0 5.405284539101269e-06 0.0 0.0 0.0 1.578338919706807e-07 6.625207620220138e-07 1.4467999304668986e-06 0.0 4.602735865432032e-07 8.360491546191473e-07 1.66835444577578e-05 3.458734157167748e-05 6.167065177358312e-06 6.565949319215712e-06 0.0 1.9616881433600687e-06 9.91610241147751e-07 1.6055292835294273e-05 0.0 0.0 0.0 8.395701144961602e-08 0.0 2.3389010002252618e-07 0.000367108383968226 9.116347351598324e-06 2.2095741408373537e-06 2.3107410952846755e-05 8.768525906744116e-06 6.735622312500082e-06 3.95753132692324e-06 5.36937112537104e-07 2.3891040202609443e-07 3.537015417047413e-06 1.3399046909975073e-07 2.0530638113367888e-07 9.88039543103612e-07 1.551703086709471e-07 1.119314079482729e-07 0.0 1.4645931529504887e-07 2.9642786220730283e-07 3.550945824257517e-07 8.555564886349404e-07 0.0 3.2075725184013477e-07 1.2030833989848793e-07 3.040737177080204e-07 3.3383854895633546e-07 0.000100172787017788 8.199239126617304e-05 1.8441852648830403e-06 7.386538717461974e-06 0.0005436872336795095 1.0970548769205538e-06 1.203219645751324e-05 1.8621549971793625e-05 6.394521729520628e-05 3.859827039221059e-06 4.745362689321947e-05 2.6890156610758075e-05 3.731667756447817e-05 8.037849948968332e-05 5.712863238797496e-05 3.992153174746265e-06 0.00024086789968908365 8.41848138068827e-05 6.173682475913625e-05 2.1828570167744312e-05 7.60392125201386e-08 0.0 9.025406236040146e-08 3.7447106029765397e-07 0.0 0.0 1.6667477657002777e-07 0.0 0.0 0.0 0.0 6.111785986922837e-07 8.835188584447862e-08 0.0 1.1573343323389713e-07 0.0 7.30498541733649e-08 0.0 0.0 1.4562490193424394e-05 6.376845504138042e-06 0.0 1.53966585340704e-07 2.830415059906699e-07 1.2711782832319594e-05 2.1546441197958266e-07 2.972142315824307e-06 1.3220300968725e-06 1.3755670960935212e-06 0.0 0.0 0.0 0.0 0.0 0.0 0.0 1.4770527627681514e-07 3.1851608484616654e-07 0.0 0.0 0.0 0.0 6.913303319801457e-08 1.1545860996526065e-07 2.761998470189414e-07 0.0 5.032492579639979e-07 1.3911539683001298e-06 2.773524773143863e-06 0.0 0.0 5.10071905516106e-06 3.2307575123896835e-06 0.0 0.0 0.0 0.0 0.0 0.0 0.0 0.0 4.808369230250212e-05 1.1606550314336864e-06 0.0 0.0 0.0 5.268523833150017e-06 0.0 1.3484103304027935e-06 6.457971986129967e-07 9.936084919072937e-07 1.053582878277645e-06 1.6616679171630264e-06 1.1605882032323359e-07 0.0 0.0 1.57410391372872e-07 0.0 0.0 0.0 0.0 0.0 3.037640428062026e-05 2.845976277166705e-06 2.536035952593839e-06
0.00013111392228276644 0.0004496306426533896 0.0013707169155474206 2.0325366708113333e-06 0.0005232812073069717 2.8050515391720727e-06 4.372262285580571e-05 0.002950600506846303 0.0008596056815845111 1.1283227229616849e-05 0.0 0.00010815197758291752 0.0007933433920326744 0.0026213548037486148 1.3182533261412343e-05 5.3156541222310455e-05 1.4649220266853407e-06 5.990192979800925e-07 3.5395424541569366e-07 2.6230802916580155e-06 8.375685372480005e-06 0.0 2.6585710006011114e-06 3.218183649028316e-06 9.406856496263083e-07 1.5249975506447255e-06 1.2588604759340085e-07 8.523314360356081e-08 3.4958954219300956e-07 3.9540105510774436e-07 0.0007221563259000054 0.00019409674143776963 0.0007029821998626333 4.768877846755809e-06 3.0616403033324132e-06 1.8131675391524618e-06 0.00015451992874185582 1.3359249353245297e-05 1.6136828165019976e-05 2.229564049472051e-06 5.018631905340185e-06 2.5418679615896322e-06 1.0134792627102749e-06 2.199315857741791e-06 1.8285767416522814e-06 6.73008692203776e-06 8.350726639352565e-05 1.97041964875609e-06 1.0400449201276128e-06 2.6890250387098377e-06 5.0929797515919466e-06 9.60537196627695e-07 9.90533534174897e-07 1.6756164290659644e-07 3.145782151758702e-06 4.589300929947568e-06 1.701277241291463e-05 0.0001028424953837981 1.2919019862582964e-05 3.85127381730081e-05 4.479689459328541e-06 0.00010952218880851534 2.5055389854730665e-06 0.0001985967818948786 6.404085854818624e-07 7.246687013219425e-07 8.673956247653432e-07 1.276154973815828e-06 4.350318830353561e-06 2.0118742290419902e-05 0.000121759956264159 1.794981355305679e-06 2.4635862291973794e-07 6.683306991838945e-05 5.2174424942817864e-05 8.991687421447533e-05 9.803842855971628e-05 3.062103390040056e-05 1.0417810950133719e-05 0.001083382855668777 1.6181217240962164e-06 0.00015831457719577764 4.831215532189506e-06 4.9590021994941986e-08 8.427689252385174e-07 1.9918122532848002e-07 1.3211762716003532e-06 8.289575812528787e-08 3.8340827777909017e-07 0.0 7.505587219430064e-06 1.8330824028406e-06 1.5798466541543012e-05 9.58636955423855e-06 4.154359494276984e-06 5.348864381473159e-05 6.91317565187408e-06 2.044802998111545e-07 1.0389437091493425e-05 0.00011454501241778534 1.1840431312274802e-07 6.205649965872157e-07 1.82277094964438e-06 1.4808010907285468e-06 3.2631612468592046e-06 4.185389460570493e-06 1.9001770963163682e-06 7.248931398272809e-06 2.211170870295141e-06 9.847799811691642e-06 1.9445285950732944e-06 1.6551147723878175e-05 1.3244093111545623e-05 1.7495777152566416e-05 1.8971455848729557e-05 0.0 5.372618132397341e-07 0.0 0.0 0.0 0.0 0.0 0.0 0.0 0.0 0.0 8.816403473487817e-08 7.333972174541195e-07 0.0 6.065470004648029e-08 0.0 9.258602637845769e-08 4.6476474408198775e-07 0.0 1.1815667877552731e-05 6.952106690151461e-06 6.49772700677922e-08 4.912256877360761e-07 0.0 1.5661401811045206e-05 2.755880218041812e-06 1.0727751901407496e-05 1.9955860969249307e-06 4.038592462911194e-06 0.0 6.51484141270551e-08 9.19552767858695e-08 0.0 0.0 0.0 0.0 0.0 1.1506571475382938e-06 0.0 9.929548627578278e-08 1.859345388589528e-07 5.783710450176858e-07 5.020002579802203e-07 1.5494521362180296e-07 1.1068314906318539e-07 0.0 8.514946411118845e-08 1.0909069659038953e-06 4.823692151951519e-07 0.0 4.3110805544440276e-07 8.915324680055984e-06 4.583658318918372e-06 0.0 0.0 0.0 0.0 0.0 1.0274336586383838e-07 0.0 0.0 3.647671599071147e-05 5.595647157555458e-07 1.3702801378283584e-07 9.45861075025508e-08 5.175088821023074e-07 6.337235823386947e-06 1.248943282267144e-07 4.3021050534953545e-06 6.188243049784998e-07 1.9091278326316293e-06 1.946058277481796e-06 2.013271074235404e-06 8.997854126528019e-07 0.0 0.0 8.314061414823113e-08 0.0 9.337715171712604e-08 9.47142330210667e-08 8.437301153182222e-08 6.222869916189088e-08 2.1108525300521955e-05 8.568887637397918e-06 8.621478745999437e-06
0.0004451817192794827 4.4422363752684674e-05 1.287755563209788e-05 0.0007432717833680414 1.3791112931448337e-05 0.00011136146305609559 0.0001539036314789607 1.4461294569897543e-05 2.3407874306322356e-05 0.0019103808114449552 0.00010815197758291752 0.0 0.0006033356314470264 0.0002041826295044539 1.7109950331541756e-06 6.0185670821582385e-06 6.348556772370784e-08 9.650175311413133e-08 0.0 1.5748539652889758e-07 2.2939438149381613e-07 9.561091269800926e-08 0.0 0.0 0.0 1.3102990417792612e-07 6.721016063075068e-08 0.0 2.0630807797669073e-07 0.0 1.686210220967874e-05 7.908223312673335e-06 5.216596081986068e-05 4.6590859758046163e-07 7.40798520334713e-08 4.716054779238078e-07 0.00011322036671504909 7.304484553993535e-07 9.702926855446535e-06 2.479869112445663e-07 3.443184205602596e-07 1.4852856231434702e-07 6.838368791973177e-08 3.026400448835217e-07 3.1143853764302747e-07 6.3480672990681e-07 9.076588098231047e-06 6.955865264174279e-08 6.3915618838127e-08 2.1112347365315118e-07 2.1066875240783762e-07 1.4392500646549176e-07 1.3398115115152141e-06 1.0601446605829573e-07 3.0066019724581533e-07 3.0803653156651195e-07 2.4345661324992547e-06 1.1545862931340766e-05 1.7856805319272867e-06 3.774631741388864e-06 1.4911427399660282e-07 2.1342315511383447e-06 2.890605205472225e-07 1.2504346051090136e-05 0.0 1.0196252140431488e-07 1.803993771921992e-07 0.0 1.924512384895821e-07 1.5419481488914047e-06 0.0003144449625277154 1.329635873358148e-06 2.2311476878442504e-07 1.1172198753433122e-05 5.670071545872609e-06 8.94591761697022e-06 1.035935788021216e-05 2.849598096099016e-06 1.0868822678178659e-06 8.694937144503756e-06 1.2889579858869602e-07 1.4780668145718768e-06 5.2314868292506e-07 0.0 0.0 5.040715044738369e-08 1.2353004511917274e-07 0.0 0.0 0.0 2.0735911508149134e-07 3.17023467319807e-07 6.368242293370305e-07 4.830266294191362e-07 5.546956277276732e-07 0.00029290174540251465 1.392079960668487e-05 8.930929781300838e-07 7.579239154116489e-06 5.3859157696505086e-05 7.188114999445004e-07 2.325899239412111e-06 6.874008297617051e-06 4.931389016486659e-06 6.3485468844231596e-06 1.6539520417627746e-05 1.4580251916726741e-05 2.0132169993974866e-05 1.1878131261282387e-05 3.029837766026101e-05 4.800992323940593e-06 5.080984747982932e-05 4.364170361783474e-05 4.32414268893658e-05 3.7860365419591315e-05 7.567309484574281e-08 7.217983415400172e-08 0.0 0.0 0.0 0.0 1.273148112608043e-07 0.0 0.0 1.5262831529456906e-07 7.297779849064988e-08 0.0 0.0 0.0 0.0 7.795943901691136e-08 0.0 0.0 0.0 2.4302468108776377e-05 1.1425951477146857e-05 0.0 1.0390440588858091e-06 7.738881292074476e-08 2.7413082780044866e-05 1.7465385242402246e-06 1.3388142045628325e-05 2.167613530905078e-06 2.6854598914451495e-06 0.0 0.0 0.0 7.778367925573918e-08 0.0 6.38976534121612e-08 1.3458587972459613e-07 0.0 8.411862368653103e-07 0.0 0.0 0.0 7.824966619590669e-08 8.68815559908082e-08 0.0 0.0 0.0 7.996455811995262e-07 2.065026158854795e-06 2.741176531547404e-07 0.0 3.2247065709036534e-07 1.2394102398419305e-05 5.774469133541615e-06 0.0 8.202136114721761e-08 0.0 0.0 0.0 0.0 0.0 1.3585728675266387e-07 7.371570759153705e-05 2.7016484164165786e-07 0.0 0.0 0.0 1.0474552544645932e-05 0.0 5.533472737655351e-06 3.4137278206238945e-07 1.4468769500186935e-06 2.0292057455494575e-06 1.3339825464952488e-06 9.258839093092286e-07 0.0 0.0 0.0 0.0 0.0 0.0 0.0 0.0 4.1331357334173076e-05 9.522663442507989e-06 1.0502459138075164e-05
