0.0 0.0014061441983324115 6.451969787125584e-05 0.0018678147423378181 0.0003160100678211412 0.00033774217511367576 0.0004013647628359026 2.8771354446322396e-06 0.0004443321497148579 0.000784092151842757 4.298054763092185e-05 6.643039356795809e-05 0.0001736562898262565 0.0001522928572266671 1.4343776408274642e-05 8.046911392854257e-07 1.5521291242484274e-07 0.0 0.0 4.5516553823445145e-07 0.0 9.71568673749993e-08 0.0 0.0 0.0 0.0 7.552290905355136e-08 0.0 0.0 0.0 0.0001955319456006542 7.860037457535538e-06 3.686573730568597e-06 1.3731578794912843e-07 0.0 5.984937689918639e-08 5.800435060545306e-06 5.505611393247052e-07 1.850211915730734e-06 1.9324316707814795e-07 9.032106437095493e-08 3.7688024103635815e-07 9.545955008181115e-08 8.326242764287886e-08 0.0 4.1768193000353613e-07 7.201164032857437e-05 3.2157339549802093e-07 0.0 3.966543032072387e-07 1.5465612700729694e-07 2.510510659425385e-07 1.1681134918154585e-07 2.4689948601535963e-07 1.0383519884782869e-06 1.3849351419843331e-06 0.00010107312872961249 0.0007668928096162242 8.504634205166255e-05 6.879995875389162e-05 1.032498411721694e-06 8.552321433789075e-07 0.0 3.218895262379534e-05 0.0 3.6002940855454845e-07 5.837752171624538e-07 7.117895908976699e-08 0.0 1.682343057477231e-07 2.4514112351827792e-05 1.0622774858002758e-06 6.207226402096479e-07 0.00031877712081881325 1.832488692068159e-05 0.00013143573508643945 5.602178993992479e-06 1.5019252102200608e-06 6.825228279617055e-08 2.863969989778462e-06 2.2645040774919528e-07 1.1725602000981826e-06 7.444553830742911e-06 1.6807647180931138e-07 4.735648768893893e-07 3.1582870669239967e-06 6.069437551330523e-07 1.5988973993709938e-07 7.03932883084276e-07 4.3290775383425813e-07 0.0 6.084092952771864e-07 1.949480781097625e-07 0.0 0.0 0.00027690872362962207 2.3109127568756795e-06 6.702127988682861e-07 7.034661717337838e-07 0.0008145892502797173 0.0 0.0 1.2362386472108274e-06 0.0 1.1141032747783255e-06 7.170821566435266e-06 2.8433162868818235e-06 0.0 3.824964093217602e-06 3.8930772181885015e-06 6.304913616910404e-06 1.5556661773908064e-05 5.3830941575819735e-06 1.859830693102557e-06 8.37131896207699e-06 0.0 0.0 0.0 0.0 0.0 0.0 0.0 0.0 0.0 0.0 0.0 0.0 0.0 0.0 0.0 1.4740237416746502e-07 0.0 0.0 0.0 0.0 1.4702773292572604e-06 0.0 0.0 0.0 4.2188318680380317e-07 0.0 5.997916631161387e-08 4.4035732331522107e-07 5.696808556870641e-08 0.0 0.0 0.0 1.316317187524543e-06 0.0 0.0 0.0 0.0 0.0 0.0 0.0 0.0 0.0 0.0 0.0 0.0 0.0 0.0 0.0 1.367170968643626e-07 0.0 0.0 2.529974055499181e-06 8.124834591088544e-07 0.0 0.0 0.0 0.0 0.0 0.0 0.0 0.0 1.1630323187478795e-07 7.926875824532327e-07 0.0 0.0 0.0 9.657679916314177e-07 1.4224821714746768e-06 0.0 0.0 1.1999965451596848e-07 0.0 1.9528767607004016e-07 0.0 0.0 0.0 0.0 0.0 0.0 0.0 0.0 0.0 1.315619815201801e-06 2.404345526028985e-07 5.975424594408348e-07
0.0014061441983324115 0.0 0.0013413034657493957 0.00012120490964559512 0.0020322726201093665 2.7787675385010498e-05 0.001683918468886739 0.0001153885581513399 0.0010038877871835392 0.00030729850184898 0.00034377734599508043 5.437628511631615e-05 0.0005831564964950924 0.0008034326444416812 4.236204810667358e-05 3.178279119825829e-06 0.0 6.328247615249213e-07 2.90734168284299e-07 9.415251404919097e-07 1.1310046154280813e-06 8.610389621348088e-08 7.244315074580446e-07 9.727628241440075e-07 2.9722427405230625e-07 1.084315187221784e-06 0.0 1.2773442351613264e-07 6.986506954476022e-08 0.0 0.0012275468061143343 7.79983249239256e-05 1.013634914445307e-05 6.949173502381565e-07 4.1074784739835745e-07 4.5476541920635877e-07 4.533965100842296e-06 4.428115205664702e-07 2.22922448412145e-07 1.297797918240583e-07 7.423864723091654e-07 6.134223628789159e-07 1.3844721761309e-07 4.108059960066887e-07 1.5414291451688392e-07 0.0 9.798834746745926e-05 6.898502764918007e-07 3.51985841535633e-07 3.759029698666868e-07 1.6095728599224526e-07 0.0 7.724932633698223e-08 8.435435679047494e-07 1.5721692801673516e-06 3.124253407078917e-06 4.4713472874279424e-05 0.0006674586940399369 4.5823938701649565e-05 7.595425962398863e-05 2.1368019623906008e-07 3.3530163230079483e-07 8.107492659493596e-08 5.922096772842935e-05 4.764402977837057e-07 3.1919457520753537e-07 1.8952432702994383e-06 5.628666990407112e-07 9.064409948170668e-07 6.720041131930288e-07 3.5333546368300623e-06 1.6068042277260809e-06 1.86500347673162e-07 0.00020515430329405034 1.959100697530212e-05 0.00016862246786956975 1.477343745597557e-05 8.750147417337334e-06 3.048555375021976e-07 9.586417818398167e-07 1.569105519615435e-07 3.780389072824246e-07 1.2617183011758839e-05 5.035081877448712e-07 5.998369733561218e-07 4.366709201121832e-06 5.829642096346748e-07 1.960200048086008e-07 4.907464199488042e-07 0.0 2.689219532580565e-07 3.2739625170641673e-07 4.934484019123487e-06 5.550602752258633e-07 5.805010736285991e-07 1.4262580346140161e-05 1.1865227219451735e-06 0.0 5.9450757003956464e-08 0.0008762281019555388 8.259000350628309e-08 4.991811298794191e-07 3.601812693124882e-07 8.146059977327442e-07 6.426747649626903e-07 1.7746120437179133e-05 2.3884238383487753e-06 2.161369247364513e-06 8.131335186116397e-06 6.0902543234551036e-06 1.6748633297396488e-05 3.6879245604286126e-05 2.392632315271802e-05 6.309228242714548e-06 2.5648748707684754e-05 1.5787964375023089e-06 1.130341508332175e-06 0.0 4.864622811830682e-07 0.0 0.0 0.0 0.0 0.0 0.0 2.247032221048898e-07 0.0 0.0 6.338765736903019e-08 0.0 0.0 0.0 0.0 0.0 2.435352740186862e-06 3.7108066201803905e-06 0.0 0.0 0.0 1.6040069672292448e-06 3.6029564240846706e-07 1.4917780562319512e-06 4.954419562655726e-07 3.2304069630598445e-07 0.0 0.0 0.0 9.079059362420946e-06 2.9212269970124498e-06 1.1418366162737063e-06 2.479388100770796e-07 0.0 3.2702438829715995e-06 0.0 0.0 0.0 8.484938820850555e-08 1.5595888747563093e-07 0.0 0.0 0.0 0.0 0.0 0.0 7.504720010376505e-07 1.3735229206784668e-06 3.098153891564359e-06 1.2115268476970226e-06 0.0 0.0 0.0 0.0 0.0 0.0 0.0 0.0 3.53131214536277e-06 2.4517058885794077e-06 9.6372989014821e-07 7.136817207398848e-08 0.0 1.2089327640699521e-05 3.3786938256163434e-06 1.7142642990127928e-06 0.0 7.745965514464835e-07 2.0399612299120087e-06 1.215824119053444e-07 2.6236472089724628e-06 0.0 0.0 0.0 0.0 0.0 0.0 0.0 0.0 7.392431138734902e-06 2.452944106941313e-06 3.006630886912738e-06
6.451969787125584e-05 0.0013413034657493957 0.0 0.0 0.0010397542425651623 1.6672890548214432e-06 7.230467851929272e-05 0.0005885229211078544 0.000563984801516267 2.8281331112794586e-06 0.0013586949101814733 1.9905605610789246e-05 7.438392831340241e-05 0.0005985586466285119 1.0392946894573352e-05 2.2718249223651385e-06 5.997422244230381e-07 3.120513967263908e-06 1.4906279924866112e-06 1.156483294256248e-05 3.203833594531325e-05 1.5151456753105688e-06 1.8778332738693442e-05 1.1549782722765316e-05 1.142930231829018e-05 7.0627727842722854e-06 2.163918333654721e-06 1.2336558841384596e-06 2.4505812120186215e-07 0.0 0.003892971173083808 0.0006222379856572555 5.201741958254849e-05 1.8424411960300574e-05 2.0009371552500936e-05 7.99196459606376e-06 1.290802952160393e-05 1.0621250141807211e-05 3.908333216154508e-06 2.8323882621396526e-06 1.9047195263709508e-05 1.4318528134024975e-05 2.441923290078113e-06 7.115833083476746e-08 6.23262047986009e-06 7.83400099433494e-07 2.080939438271131e-05 3.1351190893768976e-07 1.4427815326027886e-06 4.971632835025638e-06 1.1048466570828542e-06 2.200160197525876e-06 2.2932046725869404e-07 6.017536053807807e-06 5.492961046983197e-07 4.071079387969662e-07 2.9507212988947487e-05 0.000813418999724969 3.0912259297178406e-05 1.1923386092873454e-05 6.1775716906627655e-06 4.806448624836821e-06 5.7003911528287554e-06 0.00018409839185832015 2.2942725595663825e-07 1.5046138046002274e-07 1.2493843331256385e-07 5.38944737056969e-07 1.1612079459749054e-05 3.0983630219997734e-05 1.5487803822754553e-05 1.0927024386223317e-06 7.925538093637582e-08 8.685831137294598e-05 1.0554644560721773e-05 4.146888500634519e-05 8.594639329854988e-06 6.015276687786367e-06 9.373587906033851e-06 0.00010303691589440611 2.130627856083321e-06 1.2391963200611949e-05 2.074758004426587e-06 8.79472972323619e-08 8.694731490034899e-08 5.430099603929782e-07 1.0900047793920511e-06 0.0 1.375217482556113e-07 0.0 9.356720541058791e-08 6.125436795433039e-07 5.610901913383511e-05 6.423851432350538e-06 1.8405286943265946e-06 2.1682541864329675e-05 3.601049994102812e-06 0.0 9.630758152110467e-07 0.00030855561520676505 0.0 0.0 0.0 0.0 0.0 2.2824084687923847e-06 9.318384771534404e-08 0.0 4.226762607795789e-07 0.0 1.6505266665083414e-06 1.9502290772357427e-06 1.66347224387205e-06 4.942939847679664e-07 2.5821499690589185e-06 2.2040394256425933e-07 3.608674892075781e-07 0.0 0.0 0.0 0.0 0.0 1.392939241178254e-07 0.0 1.729338957944754e-07 1.000446456074929e-07 0.0 0.0 4.11995560268394e-07 0.0 9.164147724550288e-07 0.0 1.361876367626425e-06 0.0 0.0 1.0924914391745437e-07 0.0 2.407693122402919e-07 0.0 1.0181476191334416e-07 9.666822478486984e-08 6.46060825069515e-07 5.020383930523323e-07 1.7964237057929693e-07 3.527923843561945e-07 0.0 2.806072035527801e-07 7.676951228505774e-07 9.579858434945158e-07 1.0186736699922024e-07 7.32528529538478e-08 0.0 7.373097826295871e-07 0.0 1.2429645885280684e-07 6.170084194521432e-07 6.420171920488473e-08 6.320744525323991e-07 0.0 0.0 0.0 0.0 0.0 0.0 5.9499285008869345e-08 7.2081749976275e-07 1.7406062257123194e-07 0.0 0.0 0.0 0.0 0.0 0.0 0.0 0.0 0.0 1.4072434345524733e-06 1.4713640744874805e-06 2.3259502176978214e-07 0.0 2.74519089561395e-07 6.998736983114802e-07 9.332230220912229e-07 8.40054090981373e-08 5.096443487109983e-07 6.537389632749942e-08 1.735428519696848e-07 6.158337064131907e-07 5.314305133848777e-07 3.351856339766657e-07 0.0 0.0 0.0 0.0 0.0 0.0 0.0 2.538279457047539e-07 6.623112945364506e-08 1.2096700899180555e-06
0.0018678147423378181 0.00012120490964559512 0.0 0.0 1.916944312714907e-05 0.0009964404592658113 0.0006340060658447644 4.4682091638147777e-07 2.936711432470469e-05 0.0017118241072772132 2.1000819872209232e-07 0.00025551794281156653 0.000993217312850726 2.0308660805013474e-05 2.6910842623838205e-06 0.0 0.0 0.0 0.0 0.0 0.0 0.0 0.0 0.0 3.4528383030184596e-07 0.0 0.0 0.0 0.0 0.0 8.462816075162909e-06 1.1031388038278643e-06 4.69948487394219e-07 0.0 0.0 0.0 2.196876204549007e-06 1.0641401747279515e-07 9.115146255183739e-08 0.0 0.0 0.0 0.0 0.0 0.0 0.0 1.726112668039534e-05 0.0 1.4249440932298354e-07 0.0 0.0 0.0 0.0 0.0 0.0 3.576874547899778e-07 1.2783457026156147e-05 6.37579784134214e-05 9.779773625929642e-06 1.566176179442135e-05 0.0 0.0 0.0 2.9656130939737253e-06 0.0 1.5272882592025494e-07 1.0807118976259281e-07 0.0 7.450548821029361e-08 0.0 1.7919424100398976e-06 1.2058366250503173e-07 0.0 6.084162985627535e-05 3.0899184869111633e-06 2.869989273022584e-05 9.054944628763755e-08 0.0 0.0 7.76258515357207e-08 0.0 0.0 2.2467325532630027e-06 0.0 1.6665007257646357e-07 6.694626580028137e-07 0.0 0.0 1.8414599920884744e-07 1.6900375787296953e-07 1.9597874362840594e-07 0.0 1.6771751121710528e-07 0.0 2.816946960143338e-07 2.375931414757053e-05 2.6527772472551867e-07 0.0 0.0 0.0003292355828737977 0.0 2.879999741120078e-07 0.0 0.0 0.0 7.371761814033193e-06 0.0 1.5009628696664711e-06 3.2848276529492353e-06 1.6458442160803007e-06 7.561315124765504e-07 6.438051494368243e-06 3.170157990194499e-06 1.8202698191261688e-06 4.002142617921056e-06 7.934277898121657e-07 4.5134599522049465e-07 0.0 0.0 0.0 0.0 0.0 0.0 0.0 0.0 0.0 0.0 0.0 0.0 0.0 0.0 0.0 0.0 0.0 0.0 7.352756414724466e-07 0.0 8.462674316038558e-07 0.0 2.4231852828318685e-07 0.0 0.0 5.7907121845083394e-08 0.0 0.0 0.0 0.0 2.11313426921905e-06 0.0 9.79086530834443e-07 0.0 0.0 0.0 0.0 0.0 0.0 0.0 0.0 0.0 0.0 0.0 0.0 0.0 0.0 0.0 0.0 1.132250647027618e-06 0.0 0.0 0.0 0.0 0.0 0.0 0.0 0.0 0.0 0.0 0.0 0.0 0.0 0.0 1.3868636993540546e-06 1.0663821489401047e-07 0.0 0.0 9.247941405650087e-08 1.3826817911751285e-06 0.0 8.777789054867314e-08 0.0 0.0 0.0 0.0 0.0 0.0 0.0 0.0 3.3392184162237204e-07 1.4184701743605894e-07 0.0
0.0003160100678211412 0.0020322726201093665 0.0010397542425651623 1.916944312714907e-05 0.0 6.124774323483766e-06 0.0012672071791033405 0.00022707653517902267 0.0030876545259260744 0.00010437289436821256 0.001507062122201016 0.00013618780340457026 0.00048539122338350516 0.0021044462145025106 4.758267112961346e-05 5.568388936232307e-06 2.9359822659215084e-07 4.6081436426528263e-07 4.710801739189514e-07 3.462546477278941e-06 6.330780533321445e-06 4.829507515949624e-07 5.368809849901616e-06 3.3469581496420565e-06 5.267506745303473e-06 4.097988477261878e-06 6.08260325370468e-07 4.79750163645496e-07 1.1657849835446949e-06 9.246298430755624e-08 0.00034176888265812183 4.628077841635685e-05 7.247360778754212e-05 3.546714082278399e-06 5.571272380523066e-06 3.0618250126044217e-06 3.3254071596847006e-05 1.0645876864363499e-05 4.1149543927094334e-06 1.742092104559311e-06 5.968774394327145e-06 4.560551927941171e-06 5.570436747052653e-07 4.854604214323299e-07 1.7642520063250162e-06 1.2800946535939453e-07 7.18363122708961e-05 4.567522232585239e-07 6.253738750487333e-08 1.9289730591823707e-06 2.1890137243735615e-07 1.4860758638733228e-06 3.00441497239334e-07 1.8010641478094821e-06 1.1529778354557069e-06 1.6060716794883158e-06 1.5474955637654765e-05 0.00014155347772235038 1.2245999307473956e-05 3.865602606943392e-05 4.075984634760168e-07 7.647289600512029e-07 9.154495644011974e-07 3.0531728191261226e-05 0.0 9.35694471045883e-07 9.006674418660923e-07 5.425257684994788e-08 2.4043342661868288e-06 9.96575010839569e-06 3.597474448272329e-05 1.6784282751596272e-06 4.797461379366869e-07 7.821472443042283e-05 1.4695504230830828e-05 0.00013692049936062938 2.5161650317807893e-05 1.516062174622909e-05 1.4069861954957305e-06 2.739109976993287e-05 2.119679296490067e-07 1.5420462134742125e-06 8.228693572441641e-06 2.5890070307943997e-07 3.1123453464111415e-07 2.061915232083776e-06 5.681054865474979e-07 1.3161569717862558e-07 4.827268483960848e-07 6.593124216854536e-08 6.0630429790885e-08 6.250918232415242e-07 1.8858993106014767e-05 2.7767814639334735e-06 1.1163969527285578e-06 6.14012622252017e-05 9.708238849289465e-06 0.0 8.373522005536666e-07 7.79152074544912e-05 0.0 5.913790525522112e-07 6.958134954359923e-07 2.714252062463477e-07 1.5134864948365627e-06 6.20585486832429e-06 1.18243891589994e-06 1.024656657875361e-06 5.812105015948673e-06 2.6094761722218677e-06 1.399726732874472e-05 1.843827561410176e-05 1.169838187664705e-05 5.837143691809304e-06 1.65996194067737e-05 1.843690197407125e-07 1.1402326375144595e-06 7.666334285508118e-08 0.0 0.0 0.0 6.220649478963056e-08 2.3189419350212302e-07 0.0 0.0 1.7823311096516046e-07 0.0 1.0778010579664052e-07 6.272391559350975e-07 0.0 7.441207495321848e-08 0.0 7.109634892969553e-07 8.005694532817816e-08 1.2644931078381688e-06 1.3089103316546791e-06 0.0 0.0 0.0 1.925903773788782e-06 5.812027051699418e-07 2.07535925477867e-06 1.3609465036146664e-06 7.024093764694481e-07 2.475644471790124e-07 0.0 7.806867016432523e-08 4.575249071592877e-06 1.1598453631000526e-06 3.708401413283442e-07 2.0352646194501983e-07 8.872442715955985e-08 1.4932300761591454e-06 0.0 0.0 2.357380869171592e-07 7.175503241610797e-08 1.077066244683661e-06 0.0 3.369912110794858e-07 0.0 1.0294748989174761e-07 0.0 0.0 9.394468052715903e-07 1.4011394045336848e-06 4.673679678839297e-06 1.0669225980126228e-06 2.3395529102961818e-07 0.0 0.0 0.0 0.0 0.0 1.9372713947244321e-07 0.0 4.624401696517796e-06 3.3482737204575627e-06 0.0 0.0 0.0 5.493284691554505e-06 2.9576203573662692e-06 1.798233406678711e-06 2.107035114884713e-07 1.2634680512247215e-06 1.7524784519674599e-06 7.414741028510016e-08 1.6332881657405328e-06 0.0 0.0 0.0 1.5794422975649993e-07 1.0951470993336875e-07 0.0 0.0 0.0 5.8288799997799405e-06 2.4605396013613108e-06 2.212464318821565e-06
0.00033774217511367576 2.7787675385010498e-05 1.6672890548214432e-06 0.0009964404592658113 6.124774323483766e-06 0.0 2.5526433462659693e-05 5.453785015824328e-06 1.9424118339782054e-05 0.0005958476666873874 6.224804823068077e-06 6.595277187408519e-05 9.523605439955167e-05 1.173217744056811e-05 8.928819722859135e-06 3.020653967189111e-06 3.1387596938374684e-07 1.77093849382785e-07 2.411182972941963e-07 5.639560642507943e-07 0.0 1.115174253427409e-06 0.0 0.0 1.65940072044186e-07 4.1690681293074275e-07 2.0866505974057604e-07 0.0 7.249549663581181e-08 0.0 5.689415713923378e-05 2.1497028646609594e-06 8.560001271945835e-06 2.2404508876754658e-07 1.7261001304317978e-07 8.931296523858219e-08 1.4985594075546863e-05 6.26271573086684e-06 8.183571816892176e-06 1.0315011100820898e-06 2.5070228637725087e-07 0.0 3.002488703419577e-07 1.2388218119200372e-06 2.622770865404964e-07 3.187916788139801e-06 1.4824613690766023e-05 1.0768886885082414e-07 0.0 3.5944225752368884e-07 3.4671537609050307e-07 9.710352327733439e-06 6.269539610860917e-07 3.209607778892776e-07 3.0809078297494946e-07 0.0 8.372095610506998e-05 0.00029643221381258917 3.639382674292653e-05 1.8602208020328985e-05 6.973864066514913e-06 4.825910391012271e-06 1.3358654177056657e-06 4.063904724896282e-06 0.0 7.625141757191968e-08 1.9051354969777435e-07 9.608589806630694e-08 2.4214087403365497e-07 0.0 8.195423764689982e-05 3.9113859204848074e-05 1.1654175745682246e-05 0.00012034152334495994 4.438003635473795e-06 4.042314677624145e-05 3.30169822167864e-06 2.1729569185874775e-06 3.137817556551057e-06 5.785594000138775e-06 2.656171087908271e-06 1.137033636030518e-05 1.7494160878040974e-06 1.1887642571589176e-07 0.0 5.329325978114141e-07 6.592541376414428e-08 8.444706578201828e-07 1.0457676429971026e-06 7.324648738352193e-06 1.2030035908533917e-06 9.800279138842264e-06 7.62234057373063e-08 2.752259423816803e-07 1.5727180748798253e-06 0.00010347492046179388 6.471005943877058e-05 4.122294100503594e-06 5.407459988988383e-06 0.00037856402927659587 0.0 0.0 0.0 0.0 0.0 1.3601316945474786e-06 6.94753874703177e-07 4.5837153894088977e-07 9.777275412082656e-08 0.0 2.543076869016234e-07 8.500361488765487e-07 2.82239861050605e-06 4.370076346935528e-07 4.937533535578109e-07 0.0 7.457837595667754e-08 0.0 0.0 0.0 0.0 0.0 0.0 0.0 0.0 0.0 0.0 9.169997705256087e-08 0.0 1.5854990745423373e-07 0.0 1.9677775342308694e-07 8.85502288549452e-08 6.390862705472378e-08 0.0 0.0 0.0 1.0360667869334933e-07 0.0 0.0 0.0 8.167665330699405e-08 1.3939118094607203e-07 9.926476026475284e-08 0.0 0.0 0.0 0.0 0.0 0.0 0.0 0.0 0.0 0.0 0.0 0.0 4.259094933979263e-07 0.0 0.0 1.1012714073427875e-07 0.0 0.0 0.0 0.0 0.0 0.0 0.0 0.0 0.0 0.0 0.0 0.0 0.0 0.0 0.0 0.0 0.0 4.945801043157469e-07 0.0 1.0641096316471966e-07 0.0 1.3068042975028675e-07 1.896848187768047e-07 0.0 0.0 0.0 0.0 0.0 0.0 0.0 0.0 0.0 0.0 0.0 0.0 0.0 0.0 9.387661709307179e-07 7.686168607215844e-08 0.0
0.0004013647628359026 0.001683918468886739 7.230467851929272e-05 0.0006340060658447644 0.0012672071791033405 2.5526433462659693e-05 0.0 6.240437467657914e-06 0.0008888010661567512 0.0005972479975502568 5.380692541131582e-05 0.0001497339035645632 0.002130456266858332 0.0029605323012795864 5.1350753890820174e-05 8.843322041415907e-06 1.481319568308752e-07 5.579179400356182e-07 1.0804289771622939e-07 6.123757626520863e-07 1.7279975656164799e-06 7.76854805961314e-08 1.2373331076045654e-06 1.227082410704616e-06 7.419188689512689e-07 6.026562678369032e-07 0.0 1.4997799651040258e-07 9.610692328795234e-08 0.0 7.207586262933231e-05 9.73209614307149e-06 1.8021370631887783e-05 5.721942943724697e-07 8.122586218708103e-07 4.4128706123169224e-07 1.2075419610697523e-05 1.4144295909778008e-06 6.320737660136114e-07 3.2228082742258964e-07 8.345889951248536e-07 9.68433716062584e-07 1.8034681824872762e-07 8.444879749063357e-08 2.2023147223210336e-07 0.0 8.510517543212821e-05 1.0255404270542361e-06 1.5991269394962437e-07 6.137602608879099e-07 8.198438185089932e-08 1.7567824764270583e-07 8.77964685877015e-08 3.679489772038708e-07 1.3074531418206967e-06 2.0156513848132595e-06 8.772777010038471e-06 6.354386383292741e-05 8.559762727683018e-06 4.131753283740195e-05 2.2994907561797364e-07 3.267268164951548e-07 2.336693769704543e-07 2.024433062273178e-05 1.9996563376968865e-07 4.910295272202718e-07 1.3816173508002124e-06 2.015229526023558e-07 9.507047653388582e-07 1.3766573739847255e-06 8.788040279499396e-06 3.0651854753678796e-07 0.0 6.96774923713528e-05 1.2867870787837635e-05 0.00013960961363166603 2.5180643607298823e-05 1.2210983454072791e-05 1.1612710944948963e-06 3.0895565981061687e-06 2.542572441164185e-07 2.65551033926126e-07 9.666450417995467e-06 2.420753745370807e-07 6.195156514472853e-07 2.9793129126348485e-06 8.261581334356065e-07 8.124215696736601e-08 8.113923939474877e-07 3.0675051149367544e-07 0.0 7.849115009007192e-08 4.198692176235294e-06 3.873291830792723e-07 1.476697475491672e-07 3.408606443477784e-05 3.376709473416991e-06 0.0 2.6453230075783893e-07 1.1128528503925876e-05 7.183249228421358e-07 2.5348865597740133e-06 1.2522880815598064e-05 9.414555489697455e-06 2.2170341661578477e-06 9.835318698157482e-06 5.770144847543262e-06 9.224683942480614e-06 1.1372174311205524e-05 1.5612245015646453e-05 2.8697913898197966e-05 5.3712774253958523e-05 4.1642664371042507e-05 1.4998144806533575e-05 3.7148001424667775e-05 1.6417953524402983e-06 1.5075713929200503e-06 0.0 6.557803058741112e-07 0.0 0.0 0.0 5.6391283691815324e-08 0.0 0.0 0.0 0.0 0.0 0.0 0.0 1.0460091668448622e-07 0.0 7.947116266469795e-08 0.0 2.104695570941193e-06 4.979881162110708e-06 0.0 7.258128439712889e-07 0.0 3.67440101924329e-06 0.0 4.059850803434191e-06 1.3382857046649634e-06 0.0 0.0 0.0 0.0 6.778341045266202e-06 1.816475448467758e-06 4.197883251614857e-06 0.0 2.301526447841894e-06 2.9477855974477028e-06 0.0 0.0 4.443233703724959e-07 0.0 1.4763468371884425e-07 0.0 0.0 0.0 1.2758567777881427e-07 2.4225095988985806e-07 0.0 4.2363864803512674e-07 1.7255360595087507e-06 7.532299963959909e-06 2.003551234320628e-06 5.202142721769966e-07 2.2443642315727526e-07 0.0 0.0 0.0 0.0 0.0 0.0 6.733413070152479e-06 3.478547675043227e-06 4.2601087400909447e-07 0.0 6.957407898272458e-08 1.5800198298605192e-05 4.811958713360006e-06 1.5581011091502002e-06 3.098377724710299e-07 3.0918526064841228e-06 2.6624280528300404e-06 3.2909883978262333e-06 2.93068031868626e-06 0.0 0.0 0.0 7.393465017348274e-08 0.0 0.0 0.0 0.0 6.639492984744662e-06 7.347353427802343e-06 4.6190965455282055e-06
2.8771354446322396e-06 0.0001153885581513399 0.0005885229211078544 4.4682091638147777e-07 0.00022707653517902267 5.453785015824328e-06 6.240437467657914e-06 0.0 0.00016818997069600221 9.957027186669567e-07 0.0020882138255259508 3.841767565243458e-06 7.604848528030987e-06 0.00032369169737162185 1.4186217184792517e-05 4.6427827606964355e-06 1.9176741835293997e-06 1.0824750212475572e-05 6.614630949701071e-06 2.2876579477784946e-05 5.808056585235825e-05 2.900918351535019e-06 3.9834542282364126e-05 2.5212522088521323e-05 3.112019119688556e-05 2.251101876400754e-05 5.260031102119167e-06 2.1579450504385067e-06 3.4508921156594644e-06 1.6799553731550514e-07 0.0005056628015586318 0.0035273113815594568 0.00011287239650358298 3.705372673129027e-05 4.640015416540074e-05 3.170574668802981e-05 5.188153606426837e-05 7.577384583513161e-05 1.9790130722209176e-05 1.293866825731049e-05 3.813984098536188e-05 2.245931780936414e-05 9.25416791155463e-06 5.5780337845053546e-05 1.8681354174725192e-05 2.2805800791839743e-05 2.6852287442268192e-05 1.598622712462615e-06 2.832947541441774e-06 1.8628741751971428e-05 6.489983128664677e-07 6.561170830361046e-06 1.5228228794768805e-06 1.1487246596213317e-05 2.844669102509108e-07 7.625952409784861e-07 1.3352758180911303e-05 0.00017681466311900623 8.908064471224275e-06 1.3370935932784496e-05 7.724525917551498e-05 2.716680129034995e-05 2.1061030754957348e-05 0.0003840322557288394 7.189079033881155e-08 2.5822223570943483e-07 1.656718860484087e-07 1.0372596576938488e-06 1.9462812467443388e-05 6.0194567199476264e-05 8.179137417377591e-05 8.206299829300323e-06 2.5874441030565354e-07 5.3612909434241626e-05 4.028286763695084e-05 7.763209165524609e-05 0.0003821247735845503 0.0003717646707762199 0.0007928400205221006 0.0005214905355420341 0.00016846711083957162 0.0005799100359300008 3.0248205571257007e-06 5.817683966509434e-08 4.305181827529623e-07 7.803941185444369e-07 3.801196952895958e-06 0.0 2.88003630875346e-07 9.743431436911578e-08 2.176796492071367e-07 1.763018177947195e-06 0.00010002166685694062 1.244379766214366e-05 5.967580907100939e-06 0.00011526950752731942 1.9020926948636718e-05 4.687154809708642e-07 3.7252190453430664e-06 5.283784787606613e-06 7.810853962616153e-08 0.0 0.0 0.0 1.1464665363390045e-06 3.4473356821384133e-06 2.3812071341724958e-07 2.727513886808292e-06 7.973011362842497e-06 1.3993329167426773e-06 9.970039146196861e-06 1.8426658842888553e-05 8.263741402673677e-06 5.018727860399742e-06 1.4806518732124577e-05 1.172597416888785e-06 4.713371444394329e-06 0.0 7.137091347894315e-07 2.157173730234926e-07 0.0 7.505013111867063e-08 7.98531328447595e-07 0.0 1.4624165770542735e-07 1.0413199212818822e-06 0.0 0.0 1.6194550830412818e-06 5.92018775977576e-08 1.4331964973958672e-06 2.187143124134142e-07 4.0914409654466775e-06 2.7547230455232457e-07 2.2166384744754062e-06 2.7867823100264903e-06 0.0 1.1202082294958884e-06 7.491002057344964e-08 3.12247038235178e-06 5.346169599813583e-07 3.6422565890488126e-06 3.509375520989701e-06 3.959844009763934e-07 7.404670218213205e-07 2.210480279525333e-07 1.022466812389109e-06 9.316609732842143e-06 9.267070854700563e-06 1.6742847886818288e-06 3.21516194939444e-07 1.1848207437965424e-06 2.7109416128272076e-06 0.0 5.299721700125242e-07 1.1153714944782698e-06 4.0152751712451815e-07 4.69844504549932e-06 0.0 5.967341606266396e-07 0.0 0.0 2.3687758200932631e-07 0.0 1.8520749876144684e-06 3.2225311915070553e-06 4.776960536650079e-06 2.445847034501522e-06 6.56714980187579e-07 2.3403102292526508e-07 0.0 0.0 8.33734195170738e-08 0.0 0.0 1.457056639997353e-07 2.2277370267482665e-06 5.4825961077527525e-06 1.034963425146495e-06 0.0 6.245972401622937e-07 9.307681131021284e-06 4.75328170973166e-06 4.931530517225019e-06 4.004888095286482e-07 5.705239100986572e-07 1.9014889940598344e-06 1.1872266979248249e-06 3.838131705701854e-06 0.0 0.0 0.0 0.0 7.229414114242146e-08 6.96324984624143e-08 0.0 1.5455947730450873e-07 3.5557372975966655e-06 4.495263094560595e-06 4.985781781749937e-06
0.0004443321497148579 0.0010038877871835392 0.000563984801516267 2.936711432470469e-05 0.0030876545259260744 1.9424118339782054e-05 0.0008888010661567512 0.00016818997069600221 0.0 0.00034477430590244476 0.0011495701069151752 0.00048723319926410625 0.0023139336927405596 0.003739777598719721 6.983529749465615e-05 1.5401974244503976e-05 4.454697493333226e-07 6.738058093631108e-07 4.89167417396879e-07 1.8405696706248434e-06 6.383672943655862e-06 7.262536777666636e-07 4.0873837234753485e-06 1.759031465273354e-06 5.241492404820538e-06 4.620077935810603e-06 5.191665044012085e-07 1.0709140696160186e-06 1.0231650907298428e-06 0.0 0.00024315345762350335 3.777708351460216e-05 0.00029375976238931156 2.790569325126463e-06 4.8916691721890515e-06 3.355821971176503e-06 0.00012120251469911842 1.653261542996244e-05 3.0341776400739564e-06 2.7525487471189254e-06 5.953054748659113e-06 4.366269137908769e-06 9.30596457252126e-07 1.2741480465363355e-07 8.419453801883376e-07 2.868313369978355e-07 8.494729613677459e-05 1.4844316934087275e-06 7.428954816233275e-07 9.840457697589878e-07 0.0 1.6220845013700332e-06 3.3107125682950176e-07 1.8983968900894e-06 1.2455334017254802e-06 1.6162084563012823e-06 1.758209105433541e-05 0.00013099036263596611 1.2816623066359548e-05 4.369677079284136e-05 1.5304215869916126e-07 4.3883554000265615e-06 1.3440318622471743e-06 3.7575952587578525e-05 3.039614798818995e-07 4.5143488305780644e-07 9.873420827124672e-07 3.503873082247292e-07 2.7856672493989283e-06 7.826879562153677e-06 9.660162593820682e-05 2.5532516098511367e-06 0.0 8.619566744371126e-05 1.596106966233448e-05 0.00017443507942429894 4.361233975143529e-05 2.8855365823930804e-05 2.9529905914174333e-06 4.5662007287529444e-05 2.2741218320908884e-07 3.153168298779952e-06 9.091095237008318e-06 2.951635174491069e-07 4.079626967193197e-07 2.6349938373778387e-06 9.077962202654019e-07 1.2842461774787744e-07 6.114631083119765e-07 0.0 2.6703127117655023e-07 4.3574476236783854e-07 1.4978788670847508e-05 3.555111253174899e-06 1.0471703690072668e-06 0.00012338957118177943 1.9740527217897642e-05 2.7925082923626984e-07 2.0199942559618052e-06 6.734687086499496e-05 3.9304883730012453e-07 2.8010921309866903e-06 2.192331459515332e-06 1.180495311159241e-06 3.011993700810293e-06 1.313614886119603e-05 7.118405847659833e-06 7.2393932672755135e-06 1.417560768608702e-05 1.3627772969728735e-05 2.495750626449557e-05 5.503066696940929e-05 3.5856993163226197e-05 2.4154936580348595e-05 3.633252899352309e-05 9.55261662222093e-07 4.2168489822801714e-06 1.5483896050400892e-07 2.448628322928605e-07 9.49083455482871e-08 0.0 0.0 2.4033958417061056e-07 0.0 1.0674593763112145e-07 2.3827142063681831e-07 0.0 0.0 2.3602759375797826e-06 0.0 1.4735229098733935e-07 0.0 8.495048487176703e-07 0.0 4.56014882465794e-06 2.8144945702578765e-06 0.0 0.0 0.0 3.17638601858288e-06 3.3705721495721016e-07 3.1747676416098768e-06 1.4879272555972764e-06 1.414516106355629e-07 2.4452065638448236e-07 0.0 0.0 7.41494502266405e-06 4.864763370714703e-06 3.440264342477668e-06 0.0 3.03098105448232e-07 3.520021447222705e-06 2.8523951475834544e-07 0.0 3.438034155839801e-07 1.4583766241479228e-07 4.069976941541047e-07 0.0 3.2636565157051494e-07 0.0 2.1670868747203734e-07 0.0 1.066549341950968e-07 1.6514241193610105e-07 1.7875955365335212e-06 4.803789877678231e-06 2.1300148788694987e-06 0.0 0.0 0.0 0.0 0.0 0.0 0.0 2.742523279753471e-07 1.1341196201708082e-05 5.773597635408166e-06 5.738759291480467e-07 3.2733817315102297e-07 1.5005181362575748e-07 1.0753546132402412e-05 4.8276106925605965e-06 4.473856742903321e-06 6.528570621744523e-07 1.0824087245485537e-06 1.0637900034443056e-06 7.491786089821604e-07 3.4647328621500795e-06 4.7082609191459324e-07 0.0 8.70564480366019e-08 0.0 0.0 0.0 0.0 0.0 1.1639964788097662e-05 9.111380059816793e-06 7.623474053610563e-06
0.000784092151842757 0.00030729850184898 2.8281331112794586e-06 0.0017118241072772132 0.00010437289436821256 0.0005958476666873874 0.0005972479975502568 9.957027186669567e-07 0.00034477430590244476 0.0 3.605056536428165e-06 0.0017539766828286057 0.002548616343700582 0.0006172168813116632 1.301593864156049e-05 1.375669347354048e-06 0.0 0.0 3.462392869867759e-07 0.0 0.0 0.0 0.0 0.0 2.705668569433977e-07 0.0 0.0 2.668307609886059e-07 0.0 0.0 1.5601473152912584e-05 2.3180885641470393e-06 0.0001353375185023828 1.519816693099208e-07 2.170906674595101e-07 3.272394638918719e-07 0.00015703897873225163 3.0007771233483115e-07 1.6684301331099984e-06 0.0 2.002164046052003e-07 8.826147064651834e-08 1.246898854902692e-07 3.37860876266942e-07 0.0 3.4838516724944464e-07 3.4662959542788367e-05 3.2021361193855174e-07 0.0 8.563545689053005e-08 0.0 7.362871264967988e-07 1.0301708701814678e-06 0.0 9.684544937638501e-08 8.473632370139942e-07 2.0627826518410754e-05 0.00010437127494511573 1.9752105618781875e-05 2.6630394379741027e-05 6.613145673309337e-07 2.079732169297018e-07 9.819891229281224e-07 1.1680268017723065e-05 0.0 0.0 3.112746236021546e-07 7.87647021408627e-08 0.0 2.6399640979645516e-07 6.698110179043043e-05 8.109045480927679e-06 1.4639498490485904e-06 9.061937166342118e-05 7.598679063898369e-06 6.190053644142447e-05 4.5331557185426675e-06 3.0047184370484487e-06 0.0 3.9880956682737745e-06 3.137744533368994e-07 1.957829540744108e-06 4.082447064947662e-06 8.200009238968551e-08 0.0 9.172728695674036e-07 5.6034079093242835e-08 0.0 2.281724163677587e-07 6.411464807375245e-07 1.7481576054624675e-07 1.2069392863079401e-06 7.85136104628972e-07 0.0 2.555540173936931e-07 0.0002861743659975123 1.6830839172625215e-05 1.1426161653623458e-06 1.1508256691094454e-06 0.00020423933590868823 1.7791177814079028e-06 2.1275781845781963e-05 7.046476425461082e-06 3.336303765684397e-06 3.2983087710096396e-06 4.131443915490532e-05 4.128827405583067e-05 1.4047378100387374e-05 2.5230575398356326e-05 4.744303745808909e-05 4.246021793018462e-05 0.00014794729329924478 0.00011770427695537634 5.305012707893768e-05 7.737370727967772e-05 6.85806148430374e-07 3.372473012680526e-07 0.0 0.0 0.0 0.0 0.0 0.0 0.0 0.0 0.0 0.0 0.0 0.0 0.0 0.0 0.0 0.0 2.2854608340664667e-07 5.4742377088220675e-06 5.307427597974759e-06 0.0 0.0 6.625809983458738e-08 2.9278854353191033e-06 1.4977036894400693e-07 2.193185647673794e-06 3.7082914301715475e-07 0.0 0.0 0.0 0.0 1.4452479522235553e-05 2.6391400792711785e-06 4.222192400854427e-07 4.117010390383078e-07 4.46212394534481e-07 4.195198855740745e-06 0.0 0.0 0.0 0.0 0.0 0.0 0.0 0.0 1.1290976483737014e-07 7.557923535146811e-07 6.450445250732575e-07 1.0812500069303332e-06 5.36186883672582e-07 6.033455373698728e-06 2.1549439172127263e-06 1.3257773416948584e-07 5.406439504496658e-07 0.0 0.0 0.0 0.0 0.0 0.0 1.3165373713794582e-05 3.085273687601938e-06 0.0 0.0 0.0 1.7124006676395975e-05 4.3708717793602e-06 3.6135521363720656e-06 3.8099208693738e-07 3.179257521182891e-06 3.422129108067349e-06 1.3116182980071652e-06 3.2363887040007146e-06 7.355418799965608e-08 0.0 9.889174238308584e-08 0.0 9.183241446602636e-08 0.0 0.0 0.0 2.473725007291691e-05 7.217433670209136e-06 5.075189799484333e-06
4.298054763092185e-05 0.00034377734599508043 0.0013586949101814733 2.1000819872209232e-07 0.001507062122201016 6.224804823068077e-06 5.380692541131582e-05 0.0020882138255259508 0.0011495701069151752 3.605056536428165e-06 0.0 0.00010466769691688525 0.00012082959134221505 0.0011983773616952333 1.3808719389750414e-05 5.494388660466962e-06 5.375297984846982e-07 2.4713889192930885e-06 1.6884979085670863e-06 9.25203533667989e-06 4.008519318257661e-05 5.534759925505279e-06 3.0162519652900483e-05 2.025219139361555e-05 2.8335490168972965e-05 2.439817128429955e-05 3.7119257065167624e-06 3.449745017488479e-06 4.872888138428587e-06 3.4232129157443893e-07 0.00040401953620892083 0.0011301734751624215 0.0010370125764998545 1.978987011594124e-05 3.580470613636718e-05 2.4233752505197362e-05 0.00023526820131395185 0.00010553457334827121 2.130072566996521e-05 1.0638936238813957e-05 3.490431119108761e-05 2.2592152254858237e-05 2.2730318317341718e-06 9.481705863137529e-07 6.944762782627939e-06 2.0516752252620915e-06 1.7099980424269057e-05 5.895905029834024e-07 1.633229148475776e-06 4.089389539894754e-06 8.948456691431302e-08 5.6001364885146e-06 1.7942498370466666e-06 6.569064754965046e-06 3.167567423224892e-07 2.6811013778639815e-07 5.5673235104460696e-06 0.00011295822649748102 5.6276908307440485e-06 5.571087011110016e-06 1.4099842225742622e-05 3.873143983601083e-05 1.4456553497518559e-05 6.024522755976468e-05 0.0 0.0 8.722306100914271e-07 6.192488384890831e-07 8.981563672338176e-06 4.241887391939639e-05 0.0002718891237782774 5.449181435663534e-06 8.230047191342606e-07 3.0165055578578842e-05 9.880522784589306e-06 3.76762024088996e-05 2.9980736665369233e-05 1.938817774090377e-05 5.852241371537591e-05 0.0003254025523296016 5.247176915817738e-06 4.9504366617957244e-05 1.6709651901319204e-06 0.0 6.558771190337533e-08 5.349325531350484e-07 1.368703899713647e-06 0.0 1.5920435133686792e-07 1.0594756765326975e-07 0.0 1.999426494008908e-06 8.094106335200157e-05 9.00373850939016e-06 3.738543216802268e-06 0.00039879956244594624 5.48053098264837e-05 2.8943574175769907e-07 4.271897509946528e-06 6.687165916496976e-05 3.5332085437639774e-07 0.0 9.595244255014963e-08 3.5686897961906e-07 1.979849420698312e-06 9.101363218303045e-06 1.733816377435283e-06 3.9696321891492504e-06 8.071983591380586e-06 2.030980648811512e-06 1.0478239993417865e-05 1.9517883384028575e-05 1.0891557658105738e-05 4.785830023132072e-06 2.001233193826806e-05 9.371150465445258e-07 2.484547957297789e-06 0.0 7.91450494278719e-07 1.007562807083124e-07 0.0 1.1699565378994562e-07 6.471054638140948e-07 0.0 1.6795204845189735e-07 8.639531036227859e-07 1.0323559427275767e-07 0.0 1.4161307985441191e-06 0.0 1.5001744612163338e-06 0.0 3.033920779303077e-06 2.8979187221122965e-07 3.1653164915771295e-06 4.523256131635727e-06 8.888830433138093e-08 5.634644700968977e-07 7.201453184763376e-08 2.0575984953511178e-06 2.9049775363078143e-07 7.035114044485158e-06 2.725116829403074e-06 5.946697566004938e-07 3.1881016671822883e-07 1.7161308034904652e-07 2.489269581328487e-07 4.7832776490239974e-06 5.1190297870957395e-06 1.6766983038571667e-06 2.767138340830767e-07 1.571842347778176e-07 3.836953938354826e-06 0.0 0.0 5.674481191222715e-07 0.0 1.7627328009605517e-06 0.0 2.038349564010419e-07 6.747768411511476e-08 3.293210635790791e-07 5.533703275017014e-07 0.0 3.272684317155725e-06 3.329770138361411e-06 2.3620292785421973e-06 4.457134065265397e-06 0.0 7.743548407908904e-07 0.0 0.0 0.0 2.2088903954171143e-06 0.0 7.695709817305061e-08 3.5297158537458664e-06 5.809114343961561e-06 2.306758771797646e-06 0.0 5.894708292151518e-07 6.145024493439157e-06 6.499849300320424e-06 5.086918426557964e-06 1.1664603172132953e-06 1.4079554152477843e-06 4.00415867140973e-06 1.0715447515422485e-06 2.792104385805784e-06 0.0 0.0 0.0 1.0480061425835544e-07 1.0172342222321947e-07 0.0 0.0 0.0 8.517574560316979e-06 7.792031392133944e-06 8.000085384770792e-06
