0.0 0.0009319985350064193 0.0002448145723331771 0.0007986562576763866 7.817900826236388e-05 8.256093028832525e-05 0.0002882427037189897 1.4811969592971386e-05 3.8870002680126884e-07 0.0006736284899506812 1.7953620969515546e-05 5.02317501366904e-06 2.3987593708807556e-05 1.5805361607697364e-05 2.5448649072265625e-06 3.6575031740796187e-07 8.464436809489184e-08 0.0 0.0 0.0 1.1448642831415862e-07 1.9253967813164705e-07 0.0 0.0 0.0 0.0 0.0 0.0 0.0 0.0 0.00024401437224484974 3.854262444970063e-06 2.4931604822505592e-06 7.951076067208752e-08 0.0 4.7029974320474644e-07 1.3154240854744036e-06 1.296131173118609e-06 6.149951463680184e-07 0.0 7.471317779139427e-08 0.0 6.159448268899045e-08 7.913224193691413e-08 2.0892902385244494e-07 2.0180190835969596e-07 2.2406231926443733e-05 3.019200697811336e-07 0.0 6.329511750166486e-08 1.973514799364974e-07 7.840741754424457e-07 0.0 1.2992384449791075e-07 1.3484417347767155e-06 7.026659911312116e-07 9.248401696343157e-05 0.00038020873713012494 3.992992915288836e-05 8.665873185144012e-06 0.0 1.5061963018820799e-06 1.0100504564654581e-07 5.2166190133448396e-05 1.9843774071033983e-07 1.8770461392300643e-07 0.0 3.249300419420926e-07 2.401751875904104e-07 1.5140155314677947e-07 4.641676611148898e-06 1.4707969509449776e-05 7.868569455764558e-07 0.00010119328656590765 2.8434692634415753e-05 2.3081452697843114e-05 4.031423567438207e-06 1.9862579766771313e-07 1.2217449763896927e-06 1.4934175467758905e-06 4.41982928486409e-07 2.279002315250017e-06 3.3268685051849927e-06 0.0 0.0 9.535916405384541e-08 8.472979002610749e-08 0.0 8.324707936309264e-08 1.8855645551130429e-07 1.066074101507347e-07 3.0414552447477557e-07 0.0 0.0 3.665811794783394e-07 2.452984981140787e-05 1.8624867439839654e-05 1.7116161033815116e-06 1.5647325574989935e-06 0.0006297530998939108 2.71754788148225e-07 4.317958124511954e-06 8.245929799099584e-06 2.7679469834788875e-06 2.669037003839859e-06 1.2951034422868829e-05 5.675806487128597e-06 7.209792494188035e-06 2.018266327588228e-05 3.989347694582669e-05 2.5817986541756712e-06 1.0671559414760898e-05 1.3830870749301372e-05 3.278226906923516e-06 6.017261560856694e-06 0.0 0.0 0.0 0.0 0.0 0.0 0.0 0.0 0.0 0.0 0.0 0.0 0.0 0.0 0.0 0.0 0.0 0.0 0.0 3.051088542154726e-06 2.413003929068824e-06 0.0 0.0 1.4554752249139366e-07 1.1849398636239187e-06 9.452938584619542e-08 1.3043458161497636e-06 7.095051242972484e-07 0.0 0.0 0.0 0.0 0.0 0.0 0.0 0.0 0.0 0.0 0.0 1.0209906958717437e-07 0.0 2.0751279461948163e-07 0.0 0.0 0.0 0.0 0.0 0.0 0.0 1.0519323348281175e-07 1.1830009415905906e-06 5.001449195293549e-06 0.0 0.0 0.0 0.0 0.0 0.0 0.0 0.0 0.0 3.3025922765218535e-06 0.0 0.0 0.0 0.0 4.393357482247881e-06 0.0 5.620166380461138e-06 0.0 0.0 0.0 0.0 0.0 0.0 2.1051689629660103e-07 0.0 0.0 0.0 0.0 0.0 0.0 1.977080721286923e-06 0.0 1.0303609059240254e-06
0.0009319985350064193 0.0 0.00047952826316133946 0.00015454401320007878 0.0007825032839366095 2.9088743629341305e-05 0.00044463783754620655 5.567097380101402e-05 7.062674133510077e-05 0.0002875204254688984 0.0005444564924670943 5.2955484428881724e-05 0.0004513843196774394 0.00040416326666482263 8.824333665269692e-06 8.346050209536182e-07 2.597298934397622e-07 0.0 0.0 2.654306523571872e-07 3.3211666827272663e-07 4.838274881005305e-07 0.0 0.0 0.0 1.6142696499201204e-07 0.0 0.0 8.106258790641031e-08 0.0 0.001517320438475428 2.386080401596579e-05 1.9324293277539976e-05 0.0 2.9426453056384803e-07 2.8316440785696356e-07 6.8202957944113e-06 6.043367248191819e-07 2.0070385854644876e-06 4.539277663841577e-07 0.0 4.382628880587435e-07 1.7802206850335268e-07 3.5375768116392805e-07 1.437399172016514e-07 7.614922680915935e-07 7.929419330856444e-05 1.2139308612812234e-06 1.4762646604083805e-07 4.759583127655013e-07 1.5917745531996032e-07 0.0 1.59710465138663e-07 6.898759164336612e-08 2.2460945560799956e-06 3.2730540297992633e-06 0.0001453843649566553 0.001047683877555057 0.00011055441684270337 2.3125387635758456e-05 6.647625867153196e-07 2.9662862891311393e-06 7.907337938442308e-07 0.00016464750928682872 2.0463674454948108e-07 3.0176255743025127e-07 1.511675336356157e-07 8.478853606335531e-07 4.445458709368443e-07 5.757232433240279e-07 4.480002627067134e-06 1.2895493286416682e-06 0.0 0.000296090294611988 9.434180391198488e-05 8.623051303798794e-05 2.8393499997909836e-05 1.0139089603565696e-06 3.060726025981482e-06 2.360050457298512e-05 4.809286498166831e-07 7.611963430833311e-06 6.649801579321785e-06 1.092858110782231e-07 3.610493541152884e-07 4.4338441718627755e-07 8.302892286036084e-07 0.0 2.684550629121642e-07 8.918947192734256e-08 0.0 0.0 1.286065177388371e-06 3.289670512502905e-07 5.170354772460858e-07 7.16069897258816e-06 2.0886815208942265e-06 0.0 5.450170396745054e-07 0.0005601576243275322 2.1505284826314592e-07 9.384795593006628e-07 1.1272842329248623e-06 5.900358199949786e-07 1.959391106096726e-06 5.745723653640253e-06 2.492221735193937e-06 2.6704571823976354e-06 5.385541999379794e-06 8.393219420927124e-06 0.0 4.1069828084747324e-06 4.684728742872644e-06 1.4111406871333713e-06 2.470341642507462e-06 1.1864716055270714e-07 0.0 0.0 0.0 0.0 0.0 0.0 0.0 0.0 0.0 0.0 0.0 1.0071896007960694e-07 0.0 0.0 0.0 1.1224350988231895e-07 0.0 0.0 2.174658654017918e-06 1.35881601493738e-06 0.0 0.0 1.8884571137672122e-07 9.016728342890818e-07 0.0 1.0515612608750544e-06 8.428105595378608e-07 1.0103287653173266e-06 1.8254865860558825e-07 0.0 0.0 0.0 0.0 0.0 0.0 0.0 0.0 0.0 0.0 0.0 0.0 0.0 0.0 0.0 7.011393501570205e-08 6.89481932332194e-08 0.0 0.0 0.0 9.556790111206052e-07 2.5739937383521016e-06 9.276634763698185e-08 0.0 0.0 0.0 0.0 0.0 0.0 0.0 0.0 1.8068868919782087e-06 2.7582282302699914e-07 0.0 0.0 0.0 4.404525407342516e-06 0.0 3.1408176015926993e-06 0.0 0.0 0.0 0.0 0.0 0.0 0.0 0.0 0.0 0.0 0.0 0.0 0.0 2.2011393714050615e-06 3.2861106331156627e-07 1.5847635397274025e-06
0.0002448145723331771 0.00047952826316133946 0.0 4.7523830749748416e-06 0.0009025587792522986 2.6541113605394916e-06 0.00020876691312249001 0.0008822704354111546 0.0002700916380708914 1.4690277787501403e-05 0.0011154442488828533 1.2601999219672719e-05 0.00029442861984795433 0.001583168919079389 1.3919350812751097e-05 7.828528342116963e-06 4.855686932499259e-07 6.020638104863569e-07 1.0860607334277727e-07 1.3257692842432599e-06 2.2191135987863018e-05 2.369958097297182e-06 9.311026988034018e-06 6.61248113047391e-06 1.1830167456639872e-06 2.647021319926167e-06 1.7297049594074032e-07 3.910982221171152e-07 7.520114092031121e-07 0.0 0.002532516886599538 0.00016841936548604323 0.00040465993504723433 4.323947197689051e-06 1.7320409213576765e-05 8.190481210976085e-06 6.099341094483276e-05 1.3498632749370435e-05 8.843809973973131e-06 7.119525066584999e-07 2.5680802361488548e-05 1.3703778591017192e-05 3.0288269568847188e-06 1.8212392802819703e-06 1.2439254074379732e-06 5.235888892940259e-06 5.685663873831904e-05 1.318711007581995e-06 1.4976658551228253e-06 4.352012332707907e-06 6.918875832687777e-06 4.108702383788571e-06 7.897895800549769e-07 1.0318776153285617e-05 2.5003406325013957e-06 1.975232532112176e-06 9.69415099835659e-05 0.001189366945643966 6.74908581676064e-05 1.2837357348724053e-05 9.56972470545004e-06 0.0001131831826525481 1.3381931799827902e-05 0.000306606370592377 8.082845323483171e-08 1.6561661604296024e-07 2.091263756101212e-06 4.880846082514408e-06 1.2253046471333603e-05 2.607028478814799e-05 5.3354007029392914e-05 1.826893855808574e-05 0.0 0.00016356740431812161 6.466290007585235e-05 5.875640140065072e-05 4.511063949871663e-05 5.749513264506743e-06 0.0003899018161103413 0.0008317973209065598 1.4532178531726248e-05 0.0004770493369534519 2.7050977264584877e-06 0.0 5.211963720640435e-07 3.08548472936365e-07 5.3211898853979314e-06 0.0 3.1193185205256714e-07 0.0 4.617434869642922e-07 1.265656651901244e-06 8.697677271962886e-05 1.320273727636729e-05 1.0413574269346828e-05 5.915145563365957e-05 2.2682459802520298e-05 2.3667773192213295e-07 8.846616643280285e-06 0.0002912697590074083 1.3752381000866927e-06 2.4846650984505414e-06 4.076472655270199e-06 6.911540615551337e-07 6.867987874730299e-06 1.0838521822507812e-05 9.54210485511038e-07 8.278788947026276e-06 1.7211592227321344e-05 1.0727887320392839e-05 2.326387743706823e-06 1.9117005045729354e-05 9.616309308382303e-06 4.968795920317816e-06 1.1722379950299656e-05 1.7700220786985722e-07 0.0 2.3372978788258502e-07 0.0 0.0 0.0 0.0 0.0 0.0 0.0 1.6738162010819589e-06 0.0 1.6620251091121138e-06 5.007335789249756e-07 1.1634252968681715e-07 1.5837619828257188e-06 4.743906204905039e-07 8.101950436298989e-07 0.0 1.4803809353075017e-05 1.256151523971464e-05 0.0 2.1013608180468785e-06 1.7664275224781897e-06 1.4669862393034242e-05 9.561560556873704e-06 2.080823692924541e-05 1.1436756190172447e-05 3.363893601439608e-06 1.1015694135858619e-06 2.409633861141745e-07 0.0 2.048249776345477e-07 0.0 4.288486122124443e-07 0.0 1.919213479938595e-07 1.4748091276032588e-06 0.0 1.4240006642027065e-07 2.5063862223455926e-07 2.0323714651265806e-06 2.2821599257600686e-06 0.0 0.0 0.0 1.1899557229096585e-06 1.370466557008029e-06 0.0 1.909876693503174e-06 7.398269387400994e-06 3.85649554360559e-05 1.1140397894236353e-06 0.0 0.0 0.0 6.873804579863005e-08 0.0 0.0 2.1831643345138472e-07 5.677460339716293e-07 1.6800799223645623e-05 1.924081744217408e-06 2.58996612885575e-07 0.0 1.5042828506228496e-07 3.0939203801339245e-05 3.4299813386778195e-06 6.245648581551795e-05 4.551326898042415e-07 7.357358148755714e-07 8.124412136499213e-07 0.0 1.0223890142731341e-07 0.0 0.0 0.0 0.0 0.0 1.69688620568974e-07 1.0014598146799724e-06 9.274258394668016e-08 1.100856297620307e-05 9.071307381818708e-06 2.059798143354212e-05
0.0007986562576763866 0.00015454401320007878 4.7523830749748416e-06 0.0 6.610278957151655e-05 0.00040869288488306883 0.00017578876311423518 2.0638441223038948e-07 0.0 0.0013420579681980593 4.832633917439731e-07 1.1626324268960516e-05 0.00015176493766281884 1.6150110953477173e-05 4.585626479211604e-07 2.3363904824986229e-07 0.0 0.0 0.0 0.0 9.114297868849823e-08 0.0 0.0 0.0 0.0 0.0 0.0 0.0 0.0 0.0 1.6558837728668064e-05 7.047137871755227e-07 1.217187760391261e-06 0.0 2.9459546095113954e-07 0.0 8.588556975529546e-07 0.0 0.0 0.0 0.0 0.0 0.0 0.0 0.0 0.0 4.929765678017219e-06 0.0 0.0 0.0 7.892256191812604e-08 0.0 0.0 0.0 2.4650568430083054e-07 0.0 6.190963000272614e-06 3.6124959070909694e-05 3.3173293277076267e-06 4.3713154536957666e-07 0.0 4.299986108888092e-07 0.0 5.4670374685113075e-06 0.0 0.0 0.0 6.599201183694214e-08 0.0 0.0 1.1093164985587741e-07 0.0 0.0 8.15299614370232e-06 4.119505792299644e-06 2.268314331345286e-06 1.433577201073463e-06 8.396379036583221e-08 0.0 0.0 0.0 9.323056604319483e-08 1.660776709248371e-07 0.0 0.0 0.0 0.0 0.0 0.0 0.0 0.0 0.0 0.0 0.0 0.0 6.312827241528405e-06 0.0 0.0 0.0 0.0002570553097142209 0.0 1.383777840968836e-06 1.5700843329405705e-06 0.0 7.702094102056696e-07 4.479938746907629e-06 4.677862032174333e-06 2.4959503855561443e-06 7.456787583155209e-06 1.4047565778305465e-05 1.2291149245524086e-06 2.4314788244823913e-05 1.866185365251892e-05 2.5302308202902513e-05 1.9204911102252716e-06 0.0 0.0 0.0 0.0 0.0 0.0 0.0 0.0 0.0 0.0 0.0 0.0 0.0 0.0 0.0 0.0 0.0 0.0 0.0 1.2926544801957065e-06 2.587157542466398e-06 0.0 0.0 0.0 1.6568024555920993e-07 1.1149537363462221e-07 8.708754371393195e-08 0.0 0.0 0.0 0.0 0.0 0.0 0.0 0.0 0.0 0.0 0.0 0.0 0.0 0.0 0.0 0.0 0.0 0.0 0.0 0.0 0.0 0.0 0.0 0.0 1.2865942582046866e-06 2.0165011338470155e-07 0.0 0.0 0.0 0.0 0.0 0.0 0.0 0.0 2.150426687598915e-06 0.0 0.0 0.0 0.0 6.035392660432392e-07 6.899816472427345e-07 2.0548963748462463e-06 7.381398495018626e-08 0.0 0.0 0.0 0.0 0.0 0.0 0.0 0.0 0.0 0.0 0.0 0.0 9.255323312817584e-07 1.4422003451924922e-07 8.72915402275424e-08
7.817900826236388e-05 0.0007825032839366095 0.0009025587792522986 6.610278957151655e-05 0.0 6.3030820420689575e-06 0.0005609406679222613 0.00028521783203461524 0.0008361178561314791 0.00046527682802684385 0.0010681162105916683 5.001074938848552e-05 0.0007372009516121939 0.0022097920099556625 8.864271378413079e-06 1.4217513645290581e-06 8.782325618511403e-08 0.0 0.0 6.67064264055277e-08 5.441525778595736e-07 0.0 1.3517059364118808e-07 1.8291109552754159e-07 0.0 9.232883289871911e-08 0.0 0.0 0.0 0.0 0.00015011559392374683 3.160913582391465e-05 2.5262282324300382e-05 0.0 2.571457682471452e-07 9.632763604577049e-08 8.390307298550722e-06 8.378983988185807e-07 2.3070619022465376e-07 2.0099067097882923e-07 8.830833014244781e-07 7.496492387746728e-07 1.5369760117469563e-07 2.4477687583138173e-07 1.9159811303193352e-07 3.6125479352115487e-07 6.190719774024994e-05 1.1146206721041856e-06 0.0 2.107427868373081e-07 3.156553201961086e-07 1.1382924169758815e-07 0.0 1.0645157101293808e-07 1.0077829072531344e-06 9.283140378754676e-07 4.45423674797116e-05 0.00020147755745947993 3.581781963306744e-05 1.1715426300262311e-05 4.6715904095324455e-07 4.583432910404579e-06 4.194826089023737e-07 0.00011454875545079365 4.739250201593133e-07 2.1654166920228735e-07 7.134951820269169e-08 7.184570649488238e-07 4.809147560513443e-07 5.76338640258309e-07 8.105843474766257e-06 1.1486692984070928e-06 0.0 0.00012786754919837738 6.753001769440796e-05 6.634509328260205e-05 3.0451473093235946e-05 6.927492500727008e-07 4.123535702306976e-06 0.00010920927826426566 4.035937232477416e-07 1.4222765353105838e-05 4.4161695207523615e-06 0.0 8.361410915335391e-08 2.2408264412927008e-07 1.388983803002846e-07 0.0 0.0 0.0 0.0 0.0 2.5023641635688937e-06 2.260702586956337e-07 2.410063883678903e-07 1.9860409101338553e-05 3.387493276214063e-06 0.0 1.1853960749942323e-06 3.4889894153205664e-05 0.0 0.0 3.7700087890660295e-06 4.7162908729181187e-07 2.765786276034934e-06 5.625675017935961e-06 1.2101891368248649e-06 3.1438481088755186e-06 8.602757975306837e-06 9.731957122705613e-06 6.306944237867484e-07 8.412272901232259e-06 8.962099154989353e-06 2.6288178928358295e-06 6.007646546859108e-06 0.0 0.0 0.0 0.0 0.0 0.0 0.0 0.0 0.0 0.0 0.0 0.0 1.4920793014661747e-07 0.0 9.140135801446392e-08 2.6757573862958076e-07 0.0 0.0 0.0 4.695783661729648e-06 2.4552683838777436e-06 0.0 9.053174785157617e-08 0.0 3.7026599301253103e-06 7.756108468825955e-07 2.7164138833294e-06 8.366546053714298e-07 3.3981005462163013e-07 0.0 0.0 0.0 0.0 0.0 0.0 0.0 1.1335135307272384e-07 3.260771412856613e-07 0.0 0.0 0.0 0.0 0.0 0.0 0.0 0.0 3.761447641895017e-07 3.6063145729239436e-07 0.0 0.0 0.0 6.45873626611015e-06 5.416260938416366e-07 0.0 0.0 0.0 0.0 0.0 0.0 0.0 0.0 3.7185879838692604e-06 0.0 0.0 0.0 0.0 8.8637681612711e-06 1.154434601349944e-06 8.532092706418194e-06 2.84529885217709e-07 0.0 0.0 0.0 0.0 0.0 0.0 0.0 0.0 0.0 0.0 0.0 8.592625931691638e-08 5.412315027770419e-06 1.8385237950036004e-06 2.250403289773992e-06
8.256093028832525e-05 2.9088743629341305e-05 2.6541113605394916e-06 0.00040869288488306883 6.3030820420689575e-06 0.0 2.4216529707328995e-05 4.668657951181617e-07 0.0 0.0004996592371592273 5.832703217529951e-07 2.379140061393528e-05 1.4917947671777651e-05 5.956175619785331e-06 0.0 0.0 0.0 0.0 0.0 0.0 0.0 9.997637524131794e-07 0.0 0.0 0.0 0.0 0.0 0.0 0.0 0.0 2.905437680126402e-06 0.0 3.394090021093851e-05 0.0 0.0 1.5575314683750883e-07 2.72336967670529e-05 4.066596051003317e-07 2.3956010904080555e-06 0.0 0.0 0.0 0.0 0.0 0.0 0.0 1.1057614694572372e-06 0.0 0.0 0.0 4.692715436023909e-07 8.227467179786236e-06 1.6882242592850653e-06 0.0 0.0 9.954218321972937e-08 1.931000116555214e-05 6.392877711645681e-06 4.340233251291912e-07 0.0 8.998215357831348e-07 1.5336031393250701e-06 0.0 0.0 0.0 7.821558535750834e-08 0.0 7.546963268552498e-08 2.8803229278382303e-07 0.0 2.4880712847481878e-05 5.672400565699905e-05 1.7065053654622587e-06 2.1783809095900324e-07 0.0 1.0115147550103884e-07 1.4620288008961144e-07 0.0 9.066023977792814e-07 8.166977729018701e-07 0.0 9.519850308173955e-07 0.0 7.557293835174533e-08 0.0 0.0 0.0 8.982898480731184e-08 8.053507191690797e-08 2.3839725846214863e-06 2.038963443720023e-07 2.367180096159173e-06 0.0 9.2657656527834e-08 5.864428963428294e-07 5.90407913591903e-05 9.609684946680222e-05 5.846024432383e-06 1.144801717165638e-05 0.00011178220941069626 0.0 3.1699160913360086e-06 1.1955339917905856e-06 1.530146863666298e-07 1.7136032573062158e-06 2.1406748156095507e-06 6.719749534309046e-06 1.6347497103472667e-06 3.6635648254146105e-06 1.6674221304032537e-05 0.0 3.4592342856339483e-06 4.30757918374156e-06 9.277150546873662e-07 2.035702283674638e-06 1.5973424237724883e-07 0.0 0.0 0.0 0.0 0.0 0.0 0.0 0.0 0.0 0.0 0.0 0.0 0.0 0.0 0.0 0.0 0.0 0.0 5.093851473440345e-07 1.988991370089759e-06 0.0 3.434808944556066e-07 2.2535510574556492e-07 0.0 0.0 1.6325452013008348e-07 0.0 0.0 0.0 0.0 0.0 0.0 0.0 0.0 0.0 0.0 0.0 0.0 0.0 0.0 0.0 0.0 0.0 0.0 0.0 0.0 1.050704995772e-07 0.0 0.0 0.0 6.410219555931456e-07 2.2790766343624177e-07 0.0 0.0 0.0 0.0 0.0 0.0 0.0 0.0 9.595672534953038e-07 0.0 0.0 8.297032856389487e-08 0.0 2.368621721650672e-06 0.0 5.583229178699585e-07 0.0 1.154009510388195e-07 0.0 6.613296276534738e-07 0.0 0.0 0.0 0.0 0.0 0.0 0.0 0.0 0.0 1.0460344145064079e-06 6.799186456832818e-07 1.0159295040274244e-06
0.0002882427037189897 0.00044463783754620655 0.00020876691312249001 0.00017578876311423518 0.0005609406679222613 2.4216529707328995e-05 0.0 5.822167597628147e-05 0.0009921664300371652 0.0009532928701940815 0.00042526372847110635 0.00029947313043522374 0.0024284995137400216 0.0019085201788404179 1.0878766939443161e-05 1.90715499225972e-06 1.518738124596025e-07 0.0 0.0 8.971672372530506e-08 9.844637293784296e-07 2.9218839150921123e-07 2.937950147785541e-07 3.6544873260401897e-07 0.0 0.0 0.0 0.0 3.2489310931965117e-07 0.0 9.99124615498094e-05 2.7591539994252794e-05 9.891678355343055e-05 0.0 5.816558540271616e-07 9.626643167237373e-08 5.920230954477912e-05 2.1210071441674192e-06 9.057523174679157e-07 6.074849328200721e-07 7.873218143003054e-07 1.3623892868034505e-06 1.6559959939813757e-07 7.954566308415749e-07 6.14092031298565e-08 1.4303500675435807e-07 6.289871149538463e-05 4.75986378036003e-07 8.164663411129683e-08 1.9278974558532073e-07 3.2899270492622343e-07 1.0784277656517891e-07 2.3830029474771287e-07 0.0 1.1460413987085659e-06 1.6993995207755378e-06 4.569983680863486e-05 0.00019132878352550814 3.7003857066895344e-05 1.2190610646976488e-05 1.255924316537543e-06 9.642044165633483e-06 5.658308417578928e-07 0.00010259703843550561 9.722316407613101e-08 1.4525272537778209e-07 8.431727864614106e-08 4.2272171911539586e-07 4.3212778470153376e-07 5.273427543677618e-07 3.4007328152364475e-05 6.470413362817625e-07 0.0 0.00014051879758233773 6.797498467311103e-05 6.91563509126135e-05 3.1533479468777735e-05 9.809235491962598e-07 2.158757378457481e-06 1.5638624182756122e-05 5.745110173788171e-07 1.548335738544689e-05 2.7776779233693273e-06 0.0 4.0328628558506983e-07 1.9134770687115744e-07 3.9026989357586334e-07 0.0 0.0 0.0 0.0 9.226665982300957e-08 3.0862740794915625e-06 1.100261618044649e-06 7.875818668393567e-07 0.00010406492018319434 9.89939391684595e-06 0.0 1.848597486159204e-06 7.546649710452487e-05 4.2182742397888806e-07 1.6548767295874794e-06 1.0534784832991625e-05 7.422002160518393e-07 8.900934268066571e-06 1.807569036566324e-05 8.584579206093552e-06 9.542057761274866e-06 2.7050445237016774e-05 3.3710202637422535e-05 4.8751735108020404e-06 2.8192072916377892e-05 2.476143573913777e-05 7.987532982299156e-06 1.3316940477802458e-05 3.3111908779242456e-07 0.0 0.0 0.0 0.0 0.0 0.0 0.0 0.0 0.0 0.0 0.0 0.0 0.0 0.0 0.0 0.0 9.050535579416014e-08 0.0 8.378759316990669e-06 7.173032774948119e-06 0.0 1.3722922831277472e-07 0.0 6.705315714043734e-06 1.184768931697641e-06 6.6518880353947585e-06 1.7493390040084125e-06 2.8989352218201126e-07 1.7936078800301148e-07 0.0 0.0 0.0 0.0 0.0 0.0 1.2481646655311333e-07 6.188516925320778e-07 0.0 0.0 0.0 1.8737180032422572e-07 0.0 0.0 1.166431932074416e-07 0.0 3.4225118444977194e-07 4.380628882889408e-07 0.0 0.0 1.4043101368053079e-06 2.0539942765755143e-05 7.656567532048362e-07 0.0 0.0 0.0 0.0 0.0 0.0 0.0 0.0 1.541048342109203e-05 4.401402670115723e-07 0.0 0.0 8.562827158240054e-08 1.916471822750083e-05 9.673519756014298e-07 2.2335222653073644e-05 1.9640200941301485e-07 4.0579328717047893e-07 8.842664933968745e-07 0.0 0.0 0.0 0.0 0.0 0.0 0.0 0.0 1.1194380151572311e-07 0.0 1.9356891553256425e-05 4.887107713296775e-06 3.7371454276229854e-06
1.4811969592971386e-05 5.567097380101402e-05 0.0008822704354111546 2.0638441223038948e-07 0.00028521783203461524 4.668657951181617e-07 5.822167597628147e-05 0.0 0.0001333584187116708 1.4855660993705987e-06 0.0008652185451271012 1.1732373340775433e-05 0.00011976325983034432 0.0009118390500977083 1.568121088350222e-05 6.48475904472076e-06 1.516701262016978e-06 7.856870241483301e-07 7.531519105323267e-07 3.1564742493355257e-06 4.753520727099911e-05 2.3728620229617067e-06 1.8970197227980783e-05 1.2173910198782171e-05 5.261770329077052e-07 3.7375351169183947e-06 1.4570731095400393e-07 1.4613941044311407e-06 5.982294699599284e-07 0.0 0.000307202051785904 0.00024165957057232414 0.00030331752745326135 1.3064321347076545e-05 3.466243230960582e-05 1.2734098688275371e-05 6.59640148701147e-05 1.4870502251518873e-05 9.657508387097312e-06 2.0082262483706346e-07 3.6690456706168566e-05 2.1577152322514784e-05 6.397418730670477e-06 7.582250478987322e-06 3.401457892304615e-06 2.595755227327371e-05 5.749251077435533e-05 1.1685327628768148e-06 2.7032534459637016e-06 6.622597634207252e-06 1.1049179167091484e-05 7.299176614312962e-06 0.0 1.2642751299850598e-05 3.151688284108444e-07 5.705931584550881e-07 2.199365042055884e-05 0.00013619486548759836 1.5888485993799696e-05 7.763648718919738e-06 5.302817900040689e-05 0.0001438868192883607 3.4426799516191044e-05 0.00014106368866022788 5.668705235310184e-07 2.526225313452229e-07 2.387912310475744e-06 6.705109895285912e-06 2.4808722569957078e-05 5.299261326434766e-05 3.7700176713210825e-05 1.2302665984741017e-05 9.456699656025588e-07 6.281399582944469e-05 4.7312816008204486e-05 5.18323270439369e-05 5.229054637833911e-05 1.8180793828215634e-05 0.0006934695621551596 0.0011358831189631543 7.89416761218405e-05 0.0012574201769381664 1.7813283859669482e-06 0.0 7.352413296026914e-08 4.717335716587484e-07 8.42518497822808e-06 9.053369880448577e-08 1.3227011872462198e-06 2.8873613291667285e-07 1.9340113832423776e-06 1.286759601463776e-06 0.00013413879915067915 2.061566692327981e-05 1.2338110605914594e-05 1.917588786645341e-05 9.470466751682329e-06 3.8319858346529954e-07 4.34389472926158e-06 1.0359953527649499e-05 5.625849641769655e-07 0.0 1.9853226776588123e-06 0.0 5.194089875883121e-06 3.4598694901595757e-06 1.0053365477873326e-06 2.3210056472054416e-06 5.576274593830638e-06 2.3858909539078436e-06 5.515054009911944e-07 8.024834842901254e-06 4.729646561380045e-06 2.2168285959969935e-06 3.7322205653873664e-06 0.0 0.0 0.0 0.0 0.0 0.0 0.0 0.0 0.0 3.016674484759081e-07 1.7580934106778906e-06 0.0 1.240028263840625e-06 2.689579074763306e-07 0.0 1.5093777709204221e-06 5.721733016031684e-07 1.21227850577892e-06 0.0 6.430252773626741e-06 3.0608330845223954e-06 0.0 1.45452832179029e-06 1.1230120660496366e-06 8.834589445363525e-06 2.47443999844604e-06 9.302943594005032e-06 4.4242255269250536e-06 2.1565558161628396e-06 1.867854617496704e-06 2.2956627824579716e-07 8.268570621163822e-08 0.0 0.0 0.0 0.0 1.2327159636267302e-07 6.459632315749449e-07 0.0 0.0 4.7118039521917117e-07 1.0802471579486935e-06 2.0884490458874497e-06 0.0 0.0 0.0 2.0787940441293596e-07 3.8349093511363207e-07 1.7113955373164533e-07 6.542153152891941e-07 3.99510773740422e-06 2.190619272417516e-05 6.42840047254777e-07 0.0 0.0 0.0 7.304876431624642e-08 1.9037851682017542e-07 0.0 0.0 1.5128323259471141e-06 8.081988767092008e-06 1.604644705030294e-06 0.0 8.039739425393996e-08 4.743856618185253e-07 9.57710889285934e-06 2.738800675066866e-06 1.9146359171271103e-05 0.0 2.15845206110127e-07 4.480323863657155e-07 0.0 2.266830069403743e-07 1.055524120424403e-07 0.0 0.0 0.0 0.0 0.0 5.090649201011776e-07 2.5106830606461547e-07 3.706186812666641e-06 5.287371071863977e-06 9.369293781828574e-06
3.8870002680126884e-07 7.062674133510077e-05 0.0002700916380708914 0.0 0.0008361178561314791 0.0 0.0009921664300371652 0.0001333584187116708 0.0 2.5559357608979037e-05 0.00047456757679001306 2.4214836022786063e-05 0.001240249301602742 0.0015577330280265808 7.738680023908248e-07 2.1360272122337826e-07 0.0 0.0 0.0 0.0 2.04934454544173e-07 0.0 0.0 0.0 0.0 0.0 0.0 0.0 0.0 0.0 2.9412358573217055e-06 1.0958401694011286e-06 5.5880249095298425e-05 0.0 2.047431866434693e-07 0.0 2.4934154548604886e-05 9.681515208131237e-07 0.0 1.2129211076676617e-07 9.812167950313433e-08 1.6107369348424868e-07 0.0 0.0 0.0 0.0 3.021518043741849e-06 0.0 0.0 0.0 0.0 0.0 0.0 0.0 0.0 0.0 6.801051581362684e-07 3.506886750770256e-06 5.651382060559891e-07 3.0904582367133096e-07 0.0 2.006802188229465e-07 8.895683434115639e-08 2.773279642291608e-06 0.0 0.0 7.154542639069774e-08 0.0 0.0 6.56405896699577e-08 5.56044753577047e-06 0.0 0.0 2.432164738880555e-06 1.5244113466260277e-06 2.8867176298669735e-06 1.2562275948769975e-06 1.8474341288747217e-07 9.771463485579998e-08 5.4647487365568015e-05 0.0 3.24851065607035e-06 1.148691131466911e-07 0.0 0.0 0.0 0.0 0.0 0.0 0.0 0.0 0.0 8.793941239879798e-08 0.0 0.0 3.2992699053289286e-06 9.709935443676205e-07 0.0 4.5865248659299084e-07 8.848267894597434e-07 0.0 6.336561735277886e-07 0.0 1.3745528143289103e-07 1.9064952992105914e-07 9.230994184879202e-07 0.0 3.2322376426909294e-07 1.3547586019133361e-06 9.281773085923856e-07 0.0 6.495156865025039e-07 6.532932935892869e-07 1.8282898615178696e-07 4.840724072062484e-07 0.0 0.0 0.0 0.0 0.0 0.0 0.0 0.0 0.0 0.0 0.0 0.0 0.0 0.0 0.0 0.0 0.0 0.0 0.0 3.1576748644012675e-07 4.0498669007691465e-07 0.0 0.0 0.0 1.0054856331055079e-07 3.595082164771161e-07 6.886948312194416e-07 0.0 0.0 0.0 0.0 0.0 0.0 0.0 0.0 0.0 0.0 0.0 0.0 0.0 0.0 0.0 0.0 0.0 0.0 0.0 0.0 0.0 0.0 0.0 0.0 1.3453378770838081e-06 8.523457876904134e-08 0.0 0.0 0.0 0.0 0.0 0.0 0.0 0.0 3.971108083412586e-07 0.0 0.0 0.0 0.0 9.014501682399891e-07 0.0 7.688692410396127e-07 9.679994955172998e-08 0.0 0.0 0.0 0.0 0.0 0.0 0.0 0.0 0.0 0.0 0.0 0.0 4.714981566743229e-07 8.309902506933666e-07 8.322916378962031e-07
0.0006736284899506812 0.0002875204254688984 1.4690277787501403e-05 0.0013420579681980593 0.00046527682802684385 0.0004996592371592273 0.0009532928701940815 1.4855660993705987e-06 2.5559357608979037e-05 0.0 1.3171037861559087e-05 0.0006622332803459366 0.003138843732532802 0.0005670225328263189 9.01224277699282e-07 4.15500531112037e-07 0.0 0.0 8.317883665610878e-08 0.0 0.0 7.404968173892096e-07 0.0 0.0 0.0 0.0 0.0 2.0549760929498586e-07 0.0 0.0 1.7926245083127567e-05 3.091776986042214e-06 0.0001507179788014697 0.0 1.7589971625166967e-07 9.45571733768732e-08 0.00027957003552744094 1.3200188573163445e-06 1.4553111348711266e-06 0.0 2.929027654329445e-07 0.0 0.0 0.0 0.0 0.0 1.105221106307342e-05 0.0 1.262306770917465e-07 7.611982161336072e-08 0.0 4.604966654756462e-07 0.0 1.3754868330343835e-07 2.0477322318930683e-07 0.0 1.9939193938174717e-05 5.0602290070588013e-05 5.236151485782579e-06 1.4161339072363882e-06 2.1833100463092833e-07 5.56203396532237e-06 0.0 1.5236361558098232e-05 6.883185411770018e-08 0.0 0.0 0.0 0.0 1.5325451809167014e-07 0.00013453236199534896 8.388707456197569e-06 2.3374922967026063e-07 1.821660039857294e-05 9.6605153677848e-06 8.649858815282095e-06 4.429947576970933e-06 3.6130368250430976e-07 1.8455353368588813e-07 3.897066439870619e-06 0.0 3.881503200772481e-06 3.7945677094509413e-07 0.0 0.0 0.0 0.0 0.0 0.0 1.6796594947221995e-07 0.0 4.5499140152356237e-07 4.2544809451686274e-07 3.2694792337512324e-07 1.2169370900389459e-07 0.00030961033663762434 2.1342173484450824e-05 2.273478618857423e-06 4.1983583434597116e-06 0.00036482989982489146 1.970607493403568e-06 3.996834202020521e-06 2.6249089452959633e-05 2.727824146581634e-06 1.877289595798514e-05 4.8034338866942036e-05 2.670494881852957e-05 3.1751780992342474e-05 7.822796518338937e-05 0.00012807432266652094 9.556814687793406e-06 8.504129036531164e-05 6.288573133148709e-05 3.909858457392109e-05 3.748143342752076e-05 0.0 0.0 0.0 0.0 0.0 0.0 0.0 0.0 0.0 0.0 0.0 0.0 0.0 0.0 0.0 0.0 0.0 0.0 0.0 1.801570133431701e-05 1.225605076946084e-05 0.0 0.0 0.0 1.3036962287657408e-05 1.486796202276672e-06 8.51938272917621e-06 2.3234046283217657e-06 6.486435699070587e-07 0.0 0.0 0.0 9.869844350531998e-08 0.0 9.739612147088099e-08 0.0 0.0 3.596310248982904e-07 0.0 0.0 0.0 0.0 0.0 0.0 0.0 0.0 3.04375188212603e-07 4.756589295577237e-07 0.0 7.862730416285524e-08 2.0635098861352844e-07 2.5596170396847745e-05 1.1562724396356427e-06 0.0 0.0 0.0 0.0 0.0 0.0 0.0 1.9625735438373821e-07 3.355939990488445e-05 0.0 0.0 0.0 0.0 4.251276887753629e-05 3.8538487006962437e-07 2.2264088857424445e-05 5.112190566273462e-07 2.3321176246609096e-07 5.45831562514265e-07 0.0 0.0 0.0 0.0 0.0 0.0 0.0 0.0 1.0610470784355142e-07 0.0 4.1137692659122105e-05 3.658370589420483e-06 7.0487308519024875e-06
1.7953620969515546e-05 0.0005444564924670943 0.0011154442488828533 4.832633917439731e-07 0.0010681162105916683 5.832703217529951e-07 0.00042526372847110635 0.0008652185451271012 0.00047456757679001306 1.3171037861559087e-05 0.0 4.7154644255561134e-05 0.0005474770992464738 0.002233119420695841 4.924059066241065e-06 2.863061458747845e-06 1.923648646219761e-07 2.1586361822821135e-07 0.0 2.242306862295704e-07 3.509737546838704e-06 1.1027927491240303e-06 1.4384675355070675e-06 7.280185090310991e-07 1.234999120462331e-07 6.409135015789694e-07 0.0 7.839469638289408e-07 7.217065802440305e-07 0.0 0.00012375411048688763 3.7943758054583e-05 0.0005519102585390273 2.766103780072687e-07 3.575980960635303e-06 2.4546532443608604e-06 0.00014792861643822292 2.638523080825276e-05 9.784704948458725e-06 2.0807151230725357e-07 4.012489528805648e-06 4.7658002049051365e-06 4.3026074308946895e-07 5.1416612680257e-07 8.499129223155691e-08 3.2753041830148095e-07 1.6357997606222094e-05 0.0 0.0 1.3546278271011145e-07 6.619586067425596e-07 9.527747873938306e-07 8.009068277929568e-07 2.1396284545323665e-06 0.0 1.8730153892291178e-07 7.673281731751036e-06 4.081333079834421e-05 5.974883293687238e-06 3.116981055393278e-06 2.394487082748387e-07 5.641107407706314e-05 2.235279089596078e-06 3.538432513133716e-05 1.676096905678138e-07 7.282085508120924e-08 1.6419150590977302e-07 0.0 6.744994810766183e-07 2.9107462026710077e-06 8.421931451963366e-05 1.5816344551295113e-06 1.278182379253685e-07 2.4599970574758756e-05 1.4809682574874814e-05 1.7237683282509645e-05 1.1156739834511106e-05 1.8732430952398936e-06 4.678534886704045e-05 0.0007459455271454465 2.8216705092334906e-07 0.00015565121552277536 1.0439746688755257e-06 0.0 0.0 0.0 5.171553524637536e-07 0.0 0.0 0.0 4.3992978764402267e-07 0.0 1.001221335073685e-05 3.3505940028738324e-06 3.2251304431757986e-06 1.9806583035395777e-05 1.8835370950431574e-06 0.0 5.239119901279393e-06 6.187601969051026e-06 0.0 0.0 1.6072468900856095e-06 0.0 1.3070380431011696e-06 3.1672196102233966e-06 6.578927531375246e-07 9.530727141610683e-07 2.685426620526339e-06 3.4888194500643584e-06 5.268093651971044e-07 5.563157599037887e-06 3.528347232775899e-06 1.1499096505900834e-06 3.6782968027679896e-06 0.0 0.0 0.0 0.0 0.0 0.0 0.0 0.0 0.0 0.0 2.6109342662174003e-07 0.0 1.3763577167359754e-07 0.0 0.0 0.0 1.1705572490983418e-07 1.0967837260986037e-07 0.0 3.626533835656413e-06 8.72634586990998e-07 0.0 0.0 1.325338807838584e-07 1.7912178611037192e-06 7.113849690377825e-07 3.073370280497323e-06 1.929551172958062e-06 1.6142924110373995e-07 3.191902571923335e-07 1.1840773527618972e-07 0.0 0.0 0.0 0.0 0.0 1.3217237191936564e-07 2.0812232514674984e-07 0.0 0.0 0.0 4.5288210981774646e-07 3.895921677606056e-07 0.0 0.0 0.0 0.0 0.0 0.0 0.0 0.0 5.4151293721805115e-06 6.904785170136151e-07 0.0 0.0 0.0 0.0 0.0 0.0 0.0 0.0 5.0986930001804985e-06 4.5657484367881957e-07 1.4645321173482503e-07 0.0 0.0 4.747663218599998e-06 3.769455084243373e-07 5.4533443532598665e-06 3.8308980429230504e-07 2.5296236972930667e-07 0.0 0.0 0.0 0.0 0.0 0.0 0.0 0.0 0.0 0.0 9.427864775245907e-08 2.6375757204470407e-06 1.5133875820483e-06 3.178839695751401e-06
5.02317501366904e-06 5.2955484428881724e-05 1.2601999219672719e-05 1.1626324268960516e-05 5.001074938848552e-05 2.379140061393528e-05 0.00029947313043522374 1.1732373340775433e-05 2.4214836022786063e-05 0.0006622332803459366 4.7154644255561134e-05 0.0 0.0007539490216592995 0.00022221949634147317 1.5229922993499735e-06 7.014836730231394e-07 0.0 0.0 0.0 0.0 3.79873793903664e-07 0.0 0.0 0.0 0.0 0.0 0.0 0.0 2.746611931487392e-07 0.0 5.581064488060107e-06 2.764733405007242e-06 0.0001362575383188633 0.0 1.1634859931809142e-07 0.0 0.000280738104999969 9.995995011457888e-06 1.15401632923958e-05 0.0 7.55456710751768e-07 0.0 0.0 0.0 0.0 9.162793274351779e-08 2.8721503251326216e-06 0.0 0.0 1.0869827619018225e-07 0.0 5.532500338564656e-07 0.0 3.5723230797350633e-07 0.0 3.9851448508900834e-07 2.123650556651233e-06 3.616746257164318e-06 8.347928746867301e-07 2.62121829448357e-07 0.0 1.688192248754235e-05 8.153288949218169e-08 6.917624445427391e-06 0.0 0.0 0.0 0.0 0.0 5.746304996962462e-07 0.00017863697505071682 3.1985610658175404e-06 0.0 2.9255944378502017e-06 1.4602544295472557e-06 2.6994622228514038e-06 2.8442010821359083e-06 1.9082969500294744e-07 5.128784504632371e-07 2.104156656855726e-05 0.0 9.099591999039895e-06 9.9656002354407e-08 0.0 0.0 0.0 0.0 0.0 0.0 0.0 0.0 0.0 1.4741373156140082e-06 4.4229637481307673e-07 0.0 0.0004315196345411905 1.5683990591724027e-05 0.0 7.166693356692623e-06 2.2331237865626488e-05 9.989421641432652e-07 3.907241092839294e-06 1.724380651756999e-05 2.889566298854819e-06 1.570625977080727e-05 4.136532617980384e-05 8.944288106528817e-06 2.3933224742798688e-05 5.785355989137564e-05 8.145473189348012e-05 6.941263884415663e-06 6.643086072215868e-05 4.094338396121381e-05 1.824874226646896e-05 3.053581698748619e-05 1.114830243736701e-07 0.0 0.0 0.0 0.0 0.0 0.0 0.0 0.0 0.0 0.0 9.256341466367287e-08 0.0 0.0 0.0 0.0 0.0 0.0 0.0 1.6297297615119733e-05 1.2253321968916525e-05 0.0 0.0 0.0 1.5400449467053676e-05 2.158553964520087e-06 7.531709418069942e-06 2.4442847222209357e-06 2.80135614432082e-07 0.0 0.0 0.0 1.0648677622915755e-07 0.0 0.0 0.0 1.0208658484338134e-07 1.2648556841197206e-06 0.0 0.0 0.0 0.0 1.7323387458353685e-07 0.0 0.0 6.530812155242141e-08 7.348490864557303e-07 5.777382999398247e-07 1.173777161392802e-06 0.0 1.3487019702176018e-06 2.311380467252887e-05 1.3869123042355118e-06 0.0 0.0 0.0 0.0 0.0 0.0 0.0 0.0 3.220484037468346e-05 2.0691305272747162e-07 0.0 0.0 0.0 4.425905516862425e-05 0.0 2.681879252302043e-05 2.8459065604601473e-07 8.806803303384884e-08 2.2783713106924595e-07 0.0 1.8763946022479614e-07 8.806230752899051e-07 0.0 0.0 0.0 0.0 0.0 0.0 0.0 4.055834867751867e-05 6.560445538015643e-06 6.29266758447181e-06
2.3987593708807556e-05 0.0004513843196774394 0.00029442861984795433 0.00015176493766281884 0.0007372009516121939 1.4917947671777651e-05 0.0024284995137400216 0.00011976325983034432 0.001240249301602742 0.003138843732532802 0.0005474770992464738 0.0007539490216592995 0.0 0.0021833302939556713 1.017307211424222e-05 4.782696053226806e-06 1.2885480359315242e-07 9.387432631022775e-08 0.0 0.0 2.178159049663843e-06 6.896526407117844e-08 8.581666047273416e-08 2.8634630366625473e-07 0.0 1.3289163677365697e-07 0.0 1.4223167479726053e-07 0.0 0.0 4.370769124220264e-05 2.1508596738232197e-05 0.0007936278646833556 9.335145060802774e-08 1.005096316387911e-06 9.476656955910953e-07 0.0006217492908363201 1.359193720098094e-05 8.851059376278117e-06 7.705108324302035e-08 2.7441829815666514e-06 1.9549523698427015e-06 5.469289193327808e-07 4.2345378709815653e-07 2.6475860327296506e-07 3.64839811749535e-07 4.115062648788803e-05 1.380855408348238e-07 0.0 8.101731766993704e-07 4.938510573791263e-07 1.2730621846321345e-06 8.898223737383353e-08 6.918956065626184e-07 4.5998859804796147e-07 2.9754089178398787e-07 1.9714297658618295e-05 5.923288122751586e-05 1.4793475365511247e-05 6.203753210453006e-06 1.2626443399639633e-06 3.3250911179880945e-05 1.2601130869500248e-06 6.42303082488723e-05 1.70498604733562e-07 1.8101935539357254e-07 7.733221013798062e-08 2.7641852075620694e-07 9.351120655475613e-07 2.487231861517091e-06 0.0002602637615693588 5.646731815268725e-06 0.0 5.3502754863198754e-05 3.6309756409354925e-05 3.839071469364332e-05 2.6287616674568375e-05 2.418403672210238e-06 7.011505606846945e-06 5.1311367780392794e-05 5.967350874501661e-07 4.385882715075611e-05 1.2527725114672255e-06 9.169110161810826e-08 8.711198481843837e-08 0.0 2.470176942791868e-07 8.446486010478214e-08 0.0 0.0 0.0 3.3569202657454737e-07 8.449407650524192e-06 2.745433450930789e-06 2.2267545363404046e-06 0.0005826759724709551 2.4913140421592882e-05 1.6648685620105837e-07 7.0271622003966345e-06 1.9604881675626487e-05 5.793499089777143e-07 2.709445567274523e-06 2.5017496594665343e-05 9.896372568203184e-07 1.891650878550784e-05 4.82684952631942e-05 1.1053964908771879e-05 2.9228879662328977e-05 6.785370428161e-05 6.066742280222532e-05 1.0121826197070682e-05 7.71357342904193e-05 5.218006385410096e-05 2.2898412710714836e-05 4.29104855244974e-05 9.316033851259114e-08 0.0 9.261241880724252e-08 0.0 0.0 0.0 0.0 0.0 0.0 3.310472615642977e-07 1.6047328772631815e-07 0.0 2.1961421003651005e-07 0.0 3.1907968964583854e-07 0.0 0.0 1.5730977693854314e-07 0.0 2.1997042944766805e-05 1.695035909079402e-05 0.0 2.3237918653777535e-07 1.0976292745089397e-07 2.0976580855521437e-05 5.855031297778294e-06 1.6698344437085405e-05 6.062565505460787e-06 1.2560911094630305e-06 2.118850155727449e-07 0.0 0.0 6.554068394563085e-07 0.0 9.059820895920159e-08 0.0 1.773801372546725e-07 9.833918772047211e-07 0.0 0.0 0.0 1.15203254477313e-07 2.3617325478973316e-07 0.0 1.4118916143275912e-07 1.3685376471566466e-07 4.0093493346147994e-07 2.237665436937484e-06 4.620952139676688e-07 0.0 1.3079622799455262e-06 4.517451260972726e-05 4.046730032682043e-06 0.0 0.0 0.0 0.0 1.5982176429249906e-07 0.0 0.0 0.0 3.6771603950528136e-05 8.121016665539457e-07 0.0 0.0 7.75900610808666e-08 5.9224405644533054e-05 9.880179997760572e-07 5.3813249909561884e-05 1.1015566036832502e-06 1.0310292766491166e-06 5.1881840433635e-07 2.342882007339649e-07 0.0 0.0 0.0 0.0 0.0 0.0 0.0 0.0 0.0 4.58718220902916e-05 8.431521937470013e-06 1.4179674209098048e-05
