0.0 0.0010435962209804305 0.00019326229225007322 0.0005639314717033268 4.818008735133249e-05 7.121964414644992e-05 0.00020541010868473547 1.7688976512974456e-05 1.1648282202998831e-05 0.0003625168898141085 5.574391467271885e-05 5.348300548008632e-06 7.578791817851821e-05 9.556738434006687e-05 1.1675411449788173e-06 3.7707451923557337e-07 2.482189065594573e-07 0.0 7.385836001861808e-08 1.394927136757892e-07 0.0 9.441138338919737e-08 1.0370227921281785e-07 0.0 1.010414235146556e-07 0.0 4.4264019128280233e-07 0.0 2.712916640915282e-07 0.0 0.00022504784504885218 1.6694545106519894e-06 9.683123669757034e-06 0.0 1.8363746272947706e-07 0.0 5.565618106876805e-06 2.0809725096835617e-07 4.1479443117411795e-07 1.64153229703839e-07 0.0 2.3251701204724208e-07 0.0 6.748819174876328e-07 0.0 4.420803432900728e-07 2.4521217492264254e-05 9.622683396796077e-07 3.913848698021805e-07 2.078278252759625e-07 2.1291517412031607e-07 1.0573471393018088e-07 3.860622948619701e-07 8.831371535383555e-08 1.0198933471489706e-05 3.712937548613164e-05 0.00015265420261616344 0.00024110217648349 7.907393086254156e-05 2.972034915985412e-05 4.3855857778644e-07 2.465634549125754e-07 1.4977326881028034e-07 6.525512602431791e-06 9.547953943671447e-06 3.482062563635589e-06 1.3844753229482228e-07 6.586804275353291e-08 5.647190319770781e-08 4.543177486119914e-07 1.0229796176949872e-05 1.1523650943821652e-06 5.787653607894453e-07 0.000139911685514089 2.2494452543363377e-05 4.225275824087531e-05 1.1640917705220702e-06 1.1234655663334971e-06 3.775178268213648e-07 7.184654271024051e-06 2.839164693214947e-07 3.399014174064095e-06 1.5079811400428957e-05 8.592251671265522e-07 2.0682868056008132e-06 9.646057216140887e-06 5.940128139739443e-07 8.540764034755228e-08 5.829574861788254e-07 6.954193318951427e-08 3.8139081571843026e-07 0.0 5.386994825298408e-07 2.987109910223043e-07 3.7451274840944847e-07 6.310166287778472e-05 1.8279334803792279e-06 6.287797805682489e-07 8.365477388992174e-07 0.0005598079599483212 2.721292256255183e-07 1.40642884831023e-05 7.920918859406817e-07 1.4495942115097422e-06 2.256699562828412e-07 7.669347007457872e-06 1.071453451827683e-05 3.4605561986771877e-06 1.2427306660441554e-05 1.7447635570533202e-05 4.2543540019866864e-06 1.3851187114799344e-05 1.4769110450141241e-05 8.72080794921667e-06 5.550726010147985e-06 0.0 0.0 0.0 0.0 0.0 0.0 0.0 0.0 0.0 4.4424586152554614e-07 0.0 0.0 9.03997364995281e-07 6.520610649399315e-07 0.0 6.782419558853935e-07 1.1783667863935736e-07 3.4004810364160515e-07 0.0 0.0 8.551917980348329e-07 0.0 0.0 0.0 1.5840768879588853e-06 0.0 1.1041209993114392e-06 9.885198511354347e-07 9.90408041437295e-08 0.0 0.0 0.0 0.0 0.0 0.0 0.0 1.3947621944445965e-07 0.0 0.0 0.0 0.0 8.753056794684292e-08 0.0 0.0 0.0 0.0 2.682005408633606e-07 6.469573413483078e-07 2.7370254392977544e-06 0.0 0.0 2.165272912974423e-06 0.0 0.0 0.0 0.0 0.0 0.0 0.0 0.0 7.244458117572215e-08 2.4407955130503537e-06 2.2740842762682694e-07 0.0 0.0 0.0 9.137358079163745e-06 4.583316418019827e-07 1.177534112843843e-06 9.29854388965884e-08 0.0 1.0113759732051172e-07 0.0 0.0 0.0 0.0 0.0 0.0 0.0 0.0 0.0 0.0 3.124653241465134e-06 1.6836850730221978e-06 2.51905972285456e-06
0.0010435962209804305 0.0 0.0007930016993932327 0.0010262733325604653 0.0008365733933868451 0.00019189434531460242 0.0025442324024979148 0.0002368668053159658 0.0003243991367389077 0.0008064697081999181 0.0004549291586906626 5.23157755639275e-05 0.0013152543746096843 0.0010092255919761082 4.877506903439091e-06 2.7209548387017377e-06 1.1651005635757705e-06 4.192243026867954e-07 1.7579172660769966e-07 4.4236368887541933e-07 6.268701646020508e-07 2.5893154864031705e-07 2.512347548300258e-07 0.0 9.096120513059442e-07 3.102710086233289e-07 1.265085563345662e-06 1.3859007134692825e-07 3.273106195122657e-07 5.9158404519952534e-08 0.001050468076313149 7.363848474595071e-06 7.268202279389337e-05 0.0 3.7499459503558067e-07 5.257034511886323e-07 2.5245860599359472e-05 1.7802066127940339e-06 1.0804732627598085e-06 7.478421592783765e-07 2.0157330182570752e-07 1.5189053666690757e-06 9.125180122592613e-08 1.5544682165849167e-06 5.683392360526073e-07 1.0706478984439533e-06 8.321810206319739e-05 3.0335601639503067e-06 1.0366811003040522e-06 3.361839891515179e-07 5.928534438495775e-07 1.2605264861157201e-06 1.3066947683243249e-06 1.055915465005429e-06 1.275386014205418e-05 5.962111169789105e-05 0.00013791863364978946 0.00040818829173296567 0.00012861219421544929 7.079416054095047e-05 4.514102235037111e-07 3.1541120255173265e-06 0.0 3.0201560766226786e-05 1.3980353364306257e-05 7.729770042127678e-06 5.846531930916326e-07 3.243848839470713e-07 9.26588840734957e-07 9.822542862718466e-07 1.0083320841981785e-05 9.027284225570935e-07 2.9121572880303964e-07 0.0002520037450921718 7.876662556233244e-05 0.00012259555418110728 6.790127432095216e-06 1.8397944728954955e-06 5.414364327376297e-06 3.295000744782133e-05 7.925225825270836e-07 1.254705621913438e-05 3.0015041277373585e-05 1.8525855727810694e-06 5.37521998078917e-06 1.552687686580368e-05 2.020194732271657e-06 2.0673931463008024e-07 1.0747777074651166e-06 0.0 3.325704001480201e-07 1.6325724589575844e-07 1.3113137179303538e-06 7.819703803829071e-07 1.5754263343665639e-06 1.6891253587700217e-05 1.5290801512552811e-06 9.876772875642195e-08 1.1339288288885221e-06 0.0005129705330177184 1.0302791117997768e-07 6.482310267605558e-06 6.533579666480848e-07 6.914430164419213e-07 1.0870462057980201e-07 1.3915569617669957e-05 6.1343553334700226e-06 3.686410486277556e-06 1.669284922581209e-05 1.2194380638164743e-05 7.712001073382973e-06 1.2320600981024749e-05 2.0411235922088545e-05 1.4451604459029377e-05 1.921511712825565e-05 0.0 0.0 0.0 0.0 0.0 0.0 4.962896420227227e-07 4.411079059770772e-07 0.0 1.1634249788648326e-07 1.8880878714341202e-07 0.0 3.833453251045067e-07 8.399138492596478e-08 8.094853325790832e-08 8.567392849716064e-07 4.344352426288745e-07 1.0435434120104371e-06 7.122838008769616e-08 1.5799583593191747e-07 5.841226512800867e-07 0.0 0.0 0.0 7.11321822764063e-06 2.2977271302667346e-07 7.345126913753471e-06 3.1501856218144897e-06 1.4990608674791248e-06 4.044250016235986e-07 0.0 0.0 0.0 0.0 1.8774751886313708e-07 0.0 2.3243498080917741e-07 5.092699720722705e-07 0.0 0.0 0.0 1.1064641957747524e-06 6.660065926546768e-07 7.364188748903763e-08 0.0 0.0 7.565903910894874e-08 5.197252346263899e-07 6.008867373584925e-07 0.0 0.0 8.845562749480476e-06 2.3621898666834212e-07 0.0 0.0 0.0 0.0 0.0 0.0 0.0 6.060425016892009e-07 1.3088485059746229e-05 7.457450945469136e-07 2.0113301392796978e-07 0.0 0.0 1.7186319391616336e-05 1.915053924722309e-06 8.752776327578562e-06 7.641585114296897e-08 0.0 3.777530855037833e-07 0.0 0.0 0.0 6.853898399255098e-08 0.0 0.0 0.0 7.801513985070706e-08 1.2082177062674518e-07 0.0 9.129291085718907e-06 4.288244493261201e-06 3.881046554460366e-06
0.00019326229225007322 0.0007930016993932327 0.0 3.498559415467877e-05 0.0004158901453130079 3.2378930587562225e-06 0.0001285113999012633 0.0010029003730175161 0.0004422019114721893 6.481931839321064e-05 0.0010886051618304558 1.1846536177904572e-05 0.00021689365764981821 0.00115908029890015 1.535097303327699e-06 2.4548099993608154e-06 1.4208234112421004e-06 1.359720669774425e-07 1.6648233791029665e-07 2.0492404382051575e-06 2.877657840814624e-06 0.0 3.8410214800071417e-07 4.2769018280269227e-07 2.6599169390608134e-06 2.511306190409201e-07 2.3866096223312137e-06 1.3266840876257032e-07 2.3242314645617535e-07 3.279444009824698e-07 0.0015448064035054863 0.0003319072141503892 7.663438464223261e-05 2.9343080033671893e-07 3.1021272973011005e-06 7.300370140190631e-07 2.5835949106032718e-05 2.820983868347621e-06 2.4639274749339963e-06 1.331453201539284e-06 5.998684833397029e-07 2.08048835484264e-06 1.1546538278386376e-06 3.031284318479e-06 5.501162821920567e-07 3.488170947218666e-06 1.2386479293976318e-05 3.8877327955426225e-07 2.0682680954832858e-07 2.4677510028614476e-06 1.3980062627002494e-06 2.2339900639932395e-06 2.324829482280457e-06 1.482090894072608e-06 2.5725518076567863e-06 1.0377029893538036e-05 2.9889897648824115e-05 0.0001708293506220187 2.652865494950141e-05 1.0382753967505333e-05 1.1578509823075851e-05 5.420842448950964e-06 4.8806847612324e-07 1.1751885402770706e-05 2.5623295390190452e-06 2.2091917882754714e-06 5.452976638601131e-07 6.972254257858145e-07 4.060075321488571e-06 9.322856902592588e-06 1.7942894119431816e-05 2.6087285340847068e-06 3.570471659855612e-07 4.997261392478704e-05 2.432877987103754e-05 2.305960536765022e-05 2.8364432808229005e-06 5.666206392526214e-06 6.106816556695456e-05 0.00027644611474388016 1.3913887564526517e-05 0.00011975646025504222 5.1181948383387205e-06 4.7579708301743577e-07 1.8009015479254057e-06 2.7844604969381915e-06 1.0787861261127365e-06 0.0 3.2307475209485506e-07 5.359527340860487e-07 6.040999461401862e-08 1.7156497799648014e-07 5.419259926029237e-06 2.1791041596171774e-06 2.324935231104369e-06 3.94697656056103e-06 2.215862371514817e-06 0.0 2.6037018369783756e-06 4.412744248282299e-05 8.180886193636139e-08 4.27177321373323e-06 2.598192065818753e-07 8.91575269903657e-07 2.5060231483994636e-07 2.0042166612176764e-06 2.220750980350265e-06 3.3322275161353596e-06 5.651310108424211e-06 4.368230707333531e-06 7.310541785604721e-06 8.372776485540913e-06 1.1299170636010114e-05 7.454505332101284e-06 1.2040557256201107e-05 1.6442047209659667e-07 0.0 0.0 1.0191336387127221e-07 0.0 0.0 9.691600824823295e-08 9.485818859928124e-08 0.0 1.4014238652593079e-07 6.435452296249006e-07 0.0 2.9730214361241693e-07 6.320154523531625e-07 0.0 8.786054653135492e-07 0.0 1.615456220768736e-06 0.0 1.1221014168241185e-07 1.4969429962279964e-06 0.0 1.3721515252200613e-06 4.550751472041228e-07 4.486922685458647e-06 1.6934331311514387e-06 6.36127926409703e-06 1.9319405036862624e-06 7.112317763180312e-07 6.100762020776311e-07 2.1118257921962926e-07 0.0 0.0 0.0 0.0 0.0 0.0 1.3325918140238275e-07 0.0 0.0 1.6146466456601796e-07 1.347908388736852e-06 7.945331625237122e-07 6.569142902004335e-08 0.0 0.0 1.0027920211138807e-07 7.73931384225689e-08 5.12383199851479e-07 0.0 0.0 7.3926063977397405e-06 4.312078261062661e-07 0.0 0.0 0.0 0.0 0.0 1.4158106150198943e-07 0.0 1.9466067103691613e-07 8.40233435446514e-06 0.0 2.177219309437895e-07 0.0 3.1380521133135576e-07 1.691087102915912e-05 2.201155714046622e-06 7.679114487177905e-06 4.6475465950076253e-07 8.319733188297938e-08 4.908578314964957e-07 8.035732613060618e-08 0.0 0.0 0.0 0.0 9.677947055457915e-08 0.0 7.384160509479462e-08 0.0 1.2965599837426447e-07 6.5145306758669726e-06 7.292537281191829e-06 5.570166881322146e-06
0.0005639314717033268 0.0010262733325604653 3.498559415467877e-05 0.0 4.4778493364349256e-05 0.0004497142075399525 0.0006076048980750466 6.155654627121902e-07 1.7301406584540713e-05 0.002574947040068959 1.4979724171183818e-05 3.868508341500887e-05 0.0012640213691234407 0.00034645831395808084 1.2218964858189595e-06 5.724938054295922e-08 0.0 0.0 0.0 0.0 0.0 0.0 0.0 0.0 0.0 0.0 0.0 0.0 0.0 0.0 2.6179185560340505e-05 3.858068162179974e-07 8.744813486216113e-06 0.0 2.3678962081300466e-07 0.0 4.184845334245606e-06 6.541711262784318e-07 2.373256371669214e-07 9.257357734286757e-08 0.0 0.0 0.0 2.1216397240600732e-07 0.0 2.431584470596255e-07 2.196242023877718e-05 6.079502765146611e-07 5.133830478939842e-07 0.0 9.901734181928302e-08 0.0 2.8640776627678223e-07 9.632256351035855e-08 3.6618069695770675e-06 1.693528641277655e-05 3.259252176990566e-05 5.680702008015341e-05 3.604476495745912e-05 2.434755666610128e-05 2.0571684608264001e-07 1.6859167148225175e-07 0.0 6.070756396200613e-06 4.3899556249303686e-06 1.1547021862962466e-06 1.5532902232405204e-07 0.0 3.4326363150027535e-07 1.1620219101385591e-07 2.766579332661452e-06 1.3438683285377908e-06 2.139852733588202e-07 7.42569578206687e-05 2.1260017889119907e-05 3.237302928614786e-05 9.616259988058554e-07 2.1535577724773715e-07 6.758545503199988e-07 1.885668932939157e-06 1.8402247295633138e-07 7.410283472380356e-07 9.764271355786965e-06 6.00098289204125e-07 1.632711462367742e-06 4.985057215673783e-06 7.811512574117631e-07 8.582465600912024e-08 6.518402909842025e-08 0.0 1.3481550472847828e-07 0.0 3.301508913882264e-07 0.0 2.3582064853773984e-07 2.3546701384736092e-05 4.292807051822154e-06 7.178815964864602e-07 3.9537868858392656e-06 0.00011303242103680481 0.0 6.669425346478615e-06 1.7328406229142952e-05 2.4352041750111715e-06 1.638919397896909e-07 6.723892654744866e-06 6.696017240865006e-06 8.138230818817464e-07 2.2450757907055793e-05 9.35413930124348e-06 3.1030474440447046e-06 1.0418665879239346e-05 1.2710117006080553e-05 5.876014514020769e-06 4.51423164170484e-06 7.695165025314083e-08 0.0 0.0 0.0 0.0 0.0 0.0 0.0 0.0 0.0 0.0 0.0 0.0 0.0 0.0 0.0 0.0 2.104640455334559e-07 0.0 9.69163449760375e-08 0.0 0.0 0.0 0.0 1.3456860992797491e-06 3.5966411129179064e-07 7.630859084570255e-07 4.216212941324328e-07 9.199318895406023e-08 0.0 0.0 0.0 0.0 0.0 0.0 0.0 0.0 0.0 0.0 0.0 0.0 8.221572688395006e-08 0.0 0.0 0.0 0.0 1.7697094194816064e-07 5.622932394419639e-07 9.82918150569622e-07 0.0 0.0 2.563358693242734e-06 0.0 0.0 0.0 0.0 0.0 0.0 0.0 0.0 0.0 4.68729174003339e-06 0.0 0.0 0.0 9.004901493914612e-08 4.352073366741279e-06 0.0 3.5811906182983536e-06 2.8116582678357575e-07 1.432761927188727e-07 0.0 0.0 0.0 0.0 0.0 0.0 0.0 0.0 8.479386702625122e-08 0.0 0.0 3.57740712296199e-06 1.9552116807927143e-07 1.5047501498606836e-06
4.818008735133249e-05 0.0008365733933868451 0.0004158901453130079 4.4778493364349256e-05 0.0 7.361293264530041e-06 0.001205188084010261 0.00017358742254299135 0.0009881673023922257 0.00032823346971849764 0.0005909140598637186 1.485287808487217e-05 0.00031110587642178004 0.0008560775295240348 1.259219933354201e-06 2.5224918535890565e-07 2.7425044243031807e-07 0.0 6.456812135732581e-08 1.1823393055123534e-07 3.058776938018202e-07 0.0 0.0 8.631182510700191e-08 1.2420738404437136e-07 0.0 0.0 1.0966598932399631e-07 0.0 0.0 5.6193783606163615e-05 2.902191551668791e-06 2.2819726910099465e-05 0.0 0.0 0.0 6.744852021678046e-06 1.2163634777252762e-07 3.843835546856377e-07 0.0 0.0 1.42219301900057e-07 0.0 1.5241136279507334e-07 0.0 0.0 1.7326233585312645e-05 8.579808438357528e-07 0.0 1.4940539368380306e-07 9.378026858596165e-08 0.0 0.0 1.181556902165187e-07 1.427521769094228e-06 6.9454093614064725e-06 1.1834397651073132e-05 3.154325640748552e-05 1.2871357545706078e-05 1.003043391135528e-05 0.0 2.870236794489703e-07 0.0 9.871951085551573e-06 1.756370436302552e-06 4.261076707431521e-07 2.9627144695813947e-07 1.292274199143756e-07 0.0 6.834776061721859e-08 5.7740498045903955e-06 6.690037633942796e-07 0.0 2.335908381021896e-05 1.1128754323452477e-05 1.9546182702707298e-05 2.5018413312257784e-06 2.7514965230801e-07 5.003521652250043e-07 3.3918122669357225e-06 0.0 1.5833278206643697e-06 3.170819150285826e-06 1.433757935448041e-07 7.420643826573431e-07 1.942458381318748e-06 2.4653276923361186e-07 0.0 6.502749954914436e-08 0.0 1.7821643835518303e-07 1.31488981609458e-07 2.2110787022703302e-07 2.141858219219013e-07 3.244318900623686e-07 1.7522186041967527e-06 0.0 0.0 1.8259414964471607e-07 8.157983554249584e-06 1.2983487687379434e-07 2.736022359754544e-06 2.7063758662445924e-07 1.8830848566115274e-07 1.5059631846211282e-07 2.485996273085691e-06 1.4357203525064313e-06 1.6702044414903908e-06 1.7645465784359092e-06 1.888765356914699e-06 2.2668733806799526e-06 6.5891106924505965e-06 6.554691120328721e-06 3.854078312441447e-06 5.8874972037108056e-06 0.0 0.0 0.0 0.0 0.0 0.0 0.0 0.0 0.0 0.0 0.0 0.0 0.0 0.0 0.0 0.0 0.0 1.0966580466681316e-07 0.0 0.0 7.079073930498978e-07 0.0 0.0 0.0 1.8308515635335089e-06 0.0 2.137801594184405e-06 1.1280138791358807e-06 0.0 0.0 0.0 0.0 0.0 0.0 2.7330679534461194e-07 0.0 0.0 0.0 0.0 0.0 0.0 0.0 0.0 0.0 0.0 0.0 7.755755935087738e-08 0.0 1.3525642263307613e-07 7.961739067690655e-07 2.32887075904449e-07 4.2592249651989575e-06 0.0 0.0 0.0 0.0 0.0 0.0 0.0 0.0 0.0 2.5005723887875903e-06 0.0 0.0 0.0 9.269721075807582e-08 4.168089096097484e-06 0.0 2.7090151605010765e-06 1.2692601571648308e-07 0.0 0.0 0.0 1.466784144207945e-07 0.0 0.0 0.0 0.0 0.0 0.0 0.0 0.0 2.0969097117580377e-06 1.3483470255821286e-06 1.1250924721523027e-06
7.121964414644992e-05 0.00019189434531460242 3.2378930587562225e-06 0.0004497142075399525 7.361293264530041e-06 0.0 3.027837453187505e-05 6.325923702731455e-07 2.3717041651120843e-06 0.0006277028806989687 7.896051130863815e-06 6.765563566723042e-05 7.173444267855019e-05 1.8268129751608192e-05 6.362960502576429e-07 7.392156219820517e-07 1.9270344610402878e-07 0.0 0.0 0.0 0.0 0.0 0.0 8.016333289752665e-08 0.0 0.0 0.0 0.0 0.0 0.0 1.1724220101609798e-05 1.0467465732689301e-06 3.6767177758803054e-05 0.0 1.2057224446138206e-07 0.0 5.965337463433107e-05 1.9456707211254624e-06 3.908647372246703e-06 3.0942488225469704e-07 0.0 1.9281554930747778e-07 6.79422860295971e-08 3.805791876564845e-07 0.0 0.0 2.7317603144658754e-06 0.0 0.0 0.0 1.8875178781585053e-07 4.792833785917335e-06 7.461327116987061e-07 0.0 3.158759515520338e-07 2.1365456700776294e-06 4.243765028623144e-05 2.156012264540511e-05 5.67003955521375e-06 1.1567690378538917e-06 0.0 2.8142007637106183e-06 0.0 2.52567806983545e-06 2.78101033497287e-07 7.212245215082185e-08 6.962967250697557e-08 0.0 9.741318142056608e-08 0.0 0.00018637539764341943 0.00019191953462362985 1.9684003399900658e-05 7.373938094202194e-06 1.1545650566133878e-06 4.068419246397189e-06 2.001315164623317e-06 1.0489594832273482e-06 0.0 1.5326196042015126e-05 0.0 1.8595154309988293e-06 6.380570715023467e-07 5.170806830712805e-07 2.5503102952968237e-07 1.0061590656224138e-06 7.635143837261355e-08 2.7033286045285147e-06 2.076537310268041e-06 7.264900759396023e-06 1.6951981225255804e-06 1.1360430558758306e-06 0.0 2.311827770015321e-07 5.347899749592618e-07 0.00013238694897241336 0.000245908615093757 2.6065061973770898e-05 3.130075532370461e-05 0.00010915052642250652 2.5564346680195243e-07 7.065006018520558e-06 5.8073859658633e-07 1.5130701399397106e-06 0.0 4.1719096532167235e-06 7.863573364800033e-06 2.200795806334488e-06 6.965329830734007e-06 1.2217398465615924e-05 1.6477930010731867e-06 3.3112719129500602e-06 7.743360919428913e-06 3.0306506727861358e-06 3.2927571409981123e-06 0.0 0.0 0.0 0.0 0.0 0.0 0.0 0.0 0.0 0.0 0.0 0.0 2.348137237802453e-07 0.0 2.2054696860214089e-07 0.0 2.533460707511529e-07 7.619356734321312e-08 2.7209588414177373e-07 0.0 1.2376279472048515e-07 0.0 0.0 0.0 8.3388081666948e-07 4.454008704817345e-07 2.1223911267248463e-06 1.3465481876325355e-06 1.179840003125067e-06 0.0 0.0 0.0 0.0 0.0 9.359492708502176e-08 0.0 2.1827237228236593e-07 0.0 0.0 0.0 0.0 3.504691801769217e-06 0.0 8.886357013430083e-08 7.031147570698414e-08 0.0 8.473048073259038e-08 8.58244279031881e-08 7.654179168674775e-07 0.0 0.0 1.1592031399622475e-06 0.0 0.0 0.0 7.602091830806747e-08 0.0 0.0 0.0 0.0 0.0 1.2282273867388185e-06 3.563595124115031e-06 0.0 0.0 0.0 6.400159094700398e-07 0.0 3.1641651916240575e-07 2.3181478793521533e-07 0.0 0.0 0.0 0.0 0.0 0.0 0.0 0.0 0.0 7.542102143097032e-08 0.0 0.0 3.6572182277137634e-06 2.101320552718665e-06 1.6464289982033349e-06
0.00020541010868473547 0.0025442324024979148 0.0001285113999012633 0.0006076048980750466 0.001205188084010261 3.027837453187505e-05 0.0 1.9506825299748476e-05 0.0005253072629618713 0.0015675439857871488 0.0002655360928117709 0.00012878144763853386 0.0018199481851921032 0.0028476693571722984 7.497542463921728e-06 1.8435844583887381e-06 1.788530543131483e-06 1.7527685893234648e-07 7.312143121834756e-08 3.70073872143546e-07 0.0 0.0 1.6497878852092482e-07 9.071252621583624e-08 0.0 1.3349062202598508e-07 2.630268647858874e-07 3.5995227968827335e-07 5.294785228987891e-07 6.840333156715756e-08 0.0001393716020151093 1.259552936514751e-05 2.895536260216647e-05 0.0 2.547670946729404e-07 0.0 2.4529180594319194e-05 6.779746700438869e-07 7.477425801768201e-07 3.4810099253630796e-07 6.15613538752931e-08 6.754663520411885e-07 7.523696166812522e-08 8.765868255739856e-07 5.667665977212716e-07 3.036716052969916e-07 0.00010315047874306258 1.7879476835950772e-06 6.689701883735093e-07 4.7513266474811085e-07 2.368262969882332e-07 3.261233878776188e-07 1.680318940937393e-07 1.8125732939844194e-07 1.0722606160737813e-05 3.4875785642595956e-05 6.253617490614156e-05 0.0001303879275921636 7.100892196646771e-05 6.0445336298939984e-05 6.349322374760681e-07 1.4990409245033453e-06 0.0 4.5067333880392084e-05 1.2333832645793833e-05 6.208476449798067e-06 2.4763410269153533e-07 6.345270453053149e-07 2.4142863830996667e-07 1.5560879587912344e-06 2.4136560797018182e-05 3.155718146540841e-06 0.0 0.00014342789471023652 5.6305273134051e-05 0.00011754731936697613 1.4331171907727046e-05 1.935532857113698e-06 3.0647677004067113e-06 1.4416716895001201e-05 6.130060109630419e-07 8.213522085990717e-06 2.5943986712280443e-05 7.446015126117053e-07 4.421716540946999e-06 1.2444779525961989e-05 1.0953654572483137e-06 1.0946912304239079e-07 6.677957035155928e-07 0.0 2.5235044809948544e-07 1.3653081245816674e-07 5.665130471155347e-07 3.2010033763752784e-07 1.4085734546628217e-06 2.6401295630273588e-05 2.543877827495142e-06 0.0 2.2810169912412745e-06 2.6878769031199604e-05 9.86834137434892e-07 1.1282096749489335e-05 7.885668031250644e-06 2.0974091714207856e-06 1.5324060172119736e-06 1.3907068652689262e-05 8.563761028531276e-06 6.168618234834188e-06 3.26286105995144e-05 2.8390836699878585e-05 1.866410347732664e-05 2.864036498879934e-05 3.588122757575435e-05 2.885875353217428e-05 3.180102721193479e-05 2.417455806404581e-07 9.543863129902493e-08 2.6109018024907786e-07 0.0 5.022621939543176e-07 0.0 0.0 0.0 0.0 1.2919018650894149e-06 0.0 0.0 5.694743889305141e-07 1.0195625647626025e-06 0.0 1.939986750353465e-07 0.0 9.267548638358835e-08 0.0 5.779229384266636e-07 2.6016510967599597e-06 0.0 0.0 8.75411390274685e-07 1.2635556574020524e-05 1.4915737844868553e-06 1.1107968382200826e-05 3.2360771834659377e-06 1.5836366760964582e-06 0.0 0.0 0.0 0.0 0.0 0.0 0.0 0.0 1.559074175015002e-07 0.0 0.0 0.0 1.3614364608714457e-07 1.3482730106382497e-07 0.0 0.0 0.0 4.1865610167207544e-07 5.969471795469039e-07 1.5862379364043078e-06 0.0 3.970201562509509e-07 1.9203201759630042e-05 3.062643876676973e-07 0.0 0.0 0.0 0.0 0.0 3.168072048820949e-07 5.020656752627039e-07 4.4963037808851397e-07 2.436619110133899e-05 0.0 0.0 0.0 4.7584778770748955e-07 4.2410728414889863e-05 4.227196643856762e-06 1.6421860703642158e-05 7.683583435409188e-07 1.0235234341855636e-06 2.611828455684542e-07 2.843950898780155e-07 0.0 0.0 0.0 0.0 0.0 0.0 2.506378233300462e-07 0.0 2.3590138717552248e-07 1.7713287152520293e-05 6.990745790160483e-06 1.188348781277046e-05
1.7688976512974456e-05 0.0002368668053159658 0.0010029003730175161 6.155654627121902e-07 0.00017358742254299135 6.325923702731455e-07 1.9506825299748476e-05 0.0 0.00030918241796657543 1.2561077955954821e-05 0.0014855342211912642 3.0325684245305795e-06 5.129500107777865e-05 0.0005218796239427495 6.420684739928029e-06 1.7619454810608684e-06 1.9802230563309242e-06 2.6976564083674904e-07 2.4362408187129646e-07 3.020821484980371e-06 2.826638679577962e-06 1.1299015534838467e-07 6.230514649168295e-07 2.9911055114897157e-07 4.406146649165263e-07 3.1132384241520906e-07 9.040525014577302e-07 3.310568086665414e-07 1.0055667668452933e-07 6.710549353846381e-07 0.0010288697013809997 0.0019757495857800488 3.0731685849959075e-05 2.5233383438409616e-07 1.8135853891430418e-06 1.159913450972677e-06 1.010105924996267e-05 2.5511907027283964e-06 1.722314139170856e-06 8.293281264056374e-07 8.345480482453006e-07 1.8585568592678506e-06 2.2169432731985353e-06 2.075569967320863e-06 5.040879429728068e-07 5.215585458996382e-06 4.0458746681509386e-05 1.7760688499362615e-06 8.051772044610337e-07 1.7182247646417083e-06 1.2562396587468554e-06 7.579917435901768e-07 2.6161260366187777e-06 7.182433236149576e-07 1.926326686350579e-06 5.507423889838637e-06 1.6678309704819016e-05 0.00011643314240454477 1.9553781465277716e-05 1.576511434285652e-05 2.37810955076542e-05 3.9242739103349146e-06 1.5022574190966804e-06 0.00019418388260008666 2.4222721599704838e-06 1.4390682578410403e-06 3.7714497138203625e-07 7.322483055115815e-07 4.244189650531329e-06 1.3373046384537828e-05 1.1893612202238949e-05 2.6380907098435528e-06 0.0 3.331641635824682e-05 5.5665781982277796e-05 4.523322709128393e-05 1.3866720341268037e-05 0.0004126648506589356 0.0008682191588894299 0.0003658919622828164 3.5340524486752095e-05 0.00035667862684271546 5.4115009244726005e-06 0.0 5.556632101786929e-07 1.8144006560377143e-06 1.292927179529913e-06 0.0 3.7362688815987904e-07 7.956564647553357e-08 8.905054639442092e-08 2.965631781520382e-07 6.034958423379695e-06 2.155965055845422e-06 1.885181867032054e-06 4.70993293200408e-06 6.759018768698197e-07 2.513285932656245e-07 6.645278796564378e-07 1.063787537586398e-05 0.0 1.128172445345265e-06 0.0 0.0 2.0697576272200196e-07 6.608016823577842e-07 2.378248861032368e-06 1.4911279351492486e-07 2.4823969352718566e-06 2.8762643416753123e-06 3.447875431458542e-06 3.0706067017461445e-06 5.882133010300171e-06 4.179421540013565e-06 4.874782047733689e-06 0.0 0.0 2.0880250563062392e-07 7.809160747646556e-07 0.0 0.0 0.0 0.0 0.0 0.0 3.445987409520584e-07 0.0 1.7564216515154062e-07 1.0110897545712445e-07 0.0 3.4078151852430234e-07 8.492195936932302e-08 7.759195555300338e-07 3.120380529508593e-07 0.0 4.141510420992969e-07 0.0 0.0 0.0 2.5145205288583673e-06 8.515269720941072e-07 3.0561602588355604e-06 3.7002325326477143e-06 7.748391915245845e-07 5.860497282122791e-07 1.0657425238224941e-07 0.0 0.0 1.2584146976894485e-07 0.0 0.0 0.0 9.140665256727285e-08 0.0 0.0 1.499098825392448e-07 5.662298644629968e-07 3.6000117582415106e-07 0.0 0.0 0.0 0.0 1.1751139958015636e-07 0.0 1.6859785206679345e-07 1.0469545244126181e-07 2.2477015224350695e-06 0.0 0.0 0.0 0.0 0.0 0.0 0.0 1.3021615050823684e-07 0.0 5.0602472038131725e-06 4.924812722775703e-07 2.7948094947145056e-07 0.0 4.0113943438158084e-07 3.838041373763699e-06 0.0 2.870501625476892e-06 2.799100438852335e-07 3.6506227076193657e-07 2.4268922229507054e-07 0.0 3.355592939009432e-07 0.0 0.0 0.0 0.0 0.0 0.0 0.0 0.0 5.051036058168295e-06 1.4199022923327376e-06 2.6543970524893206e-06
1.1648282202998831e-05 0.0003243991367389077 0.0004422019114721893 1.7301406584540713e-05 0.0009881673023922257 2.3717041651120843e-06 0.0005253072629618713 0.00030918241796657543 0.0 0.00016927892225382016 0.0015225012331070932 1.912686118887577e-05 0.0005538545010806649 0.001037416815385245 6.762989061068593e-07 4.886713818262037e-07 4.141113082183593e-07 0.0 6.541089131009934e-08 1.7298636037044668e-07 5.357657849813967e-07 0.0 1.1581371574927086e-07 1.2287044431403766e-07 1.506587760387644e-07 1.4946839980091035e-07 0.0 1.8897136149988903e-07 0.0 0.0 6.071406373735107e-05 8.790001651545336e-06 2.862552384659088e-05 6.70650232012311e-08 2.5110250770033325e-07 0.0 1.15121233064008e-05 2.3555197776735953e-07 1.1525443259027806e-07 1.8842339130891057e-07 7.237770811995607e-08 2.1248605798215864e-07 1.0178647179989082e-07 7.229448747238818e-08 1.5373517557212305e-07 0.0 1.9023289766432675e-05 3.8028199821349583e-07 1.476636908391123e-07 0.0 9.055490501674237e-08 0.0 0.0 2.963622168258418e-07 9.216044762878607e-07 4.42662584768024e-06 8.752731287519157e-06 2.1432620393370893e-05 6.932545669523548e-06 9.433378039331719e-06 1.4117451698892437e-07 5.849363214332342e-07 0.0 1.1390111773249784e-05 1.3945063736417254e-06 9.928889106928285e-07 1.1399933400973224e-07 6.479347915607165e-08 1.0776865849157083e-07 0.0 6.509540038506743e-06 5.30436491778376e-07 0.0 1.6962715906714577e-05 7.371288431987988e-06 1.891670762810248e-05 3.04087356056855e-06 1.5209991130023365e-07 6.398003493641877e-07 6.330214657731472e-06 1.892911660167192e-07 2.8018109727638564e-06 3.343349554053436e-06 1.3733493474872708e-07 7.516980293683466e-07 1.1872571010449262e-06 2.811248709065731e-07 0.0 1.4498070343444087e-07 0.0 1.6699957897356255e-07 0.0 1.0486624947348231e-07 9.867257599616672e-08 7.935179716417245e-08 3.636200308160245e-06 0.0 0.0 8.341767569609352e-07 5.317440389731376e-06 1.367353745994345e-07 2.827051877180714e-06 0.0 6.603567237195317e-07 9.233939184454876e-07 3.2685975401659006e-06 2.10318708381916e-06 1.1222381934858917e-06 6.2320040559898755e-06 5.251182541095321e-06 3.953895279605772e-06 9.923303493261778e-06 9.657060943115508e-06 6.1200448362638875e-06 9.366592130893908e-06 0.0 0.0 0.0 0.0 0.0 0.0 0.0 0.0 0.0 0.0 1.503430231177761e-07 0.0 1.1125584856698815e-06 0.0 0.0 2.35679385792635e-07 0.0 1.1773536701893503e-07 0.0 2.0292850089279797e-07 6.872638605041101e-07 0.0 0.0 0.0 5.036763437409079e-06 4.2691510056972815e-07 5.434925095486381e-06 3.2350571480484396e-07 0.0 0.0 0.0 0.0 0.0 0.0 1.718507295563011e-07 0.0 1.9261792810385877e-07 3.7948798861925946e-07 0.0 0.0 0.0 2.8565967657911867e-07 7.089601345131865e-08 0.0 0.0 0.0 7.98341217265434e-08 3.9833097242096344e-07 4.393318514652281e-07 0.0 0.0 4.565498585725812e-06 4.0524774170309464e-07 0.0 7.481844702471758e-08 0.0 0.0 0.0 0.0 0.0 9.316410015237337e-08 4.820219402050001e-06 1.518548114761723e-07 0.0 0.0 3.2603385086816865e-07 1.0050123379977794e-05 2.2044902425976412e-07 4.158967302804874e-06 0.0 1.554012775935974e-07 2.2789788321512344e-07 0.0 0.0 0.0 0.0 0.0 0.0 0.0 0.0 0.0 0.0 3.133006062505105e-06 2.1704085116545143e-06 4.146212488055787e-06
0.0003625168898141085 0.0008064697081999181 6.481931839321064e-05 0.002574947040068959 0.00032823346971849764 0.0006277028806989687 0.0015675439857871488 1.2561077955954821e-05 0.00016927892225382016 0.0 0.00011271339581673635 0.001372000409515254 0.005743705224027949 0.0009228215356461806 3.244582987551049e-06 8.945736952258867e-07 6.151218727095305e-07 0.0 8.525339728869122e-08 9.48432856783829e-08 2.2742419952270487e-07 4.6328154052895405e-07 4.2402516134259543e-07 0.0 1.5920009404506903e-07 3.43239979087552e-07 6.13617600984707e-07 1.3887418271647547e-07 2.990754771463615e-07 0.0 4.0287850857695866e-05 2.712202799693998e-06 0.00020967397943457404 4.514302642391758e-07 0.0 3.1135324635607784e-07 0.00028153897183597163 3.8569061036642645e-06 1.7797473948194771e-06 1.5092469758955319e-06 0.0 1.8788450625134276e-06 1.321250387078896e-07 6.654682409305027e-07 1.523775379439963e-07 1.0069212815945876e-07 5.1804459307849134e-05 1.945819907836161e-06 5.217776992170304e-07 0.0 1.815338806856675e-07 1.6067731132012455e-06 3.5978410804670964e-06 2.9758946367207596e-06 5.9309400599491775e-06 2.2362762594996632e-05 4.232173132674996e-05 5.7697568313959884e-05 3.8631944345860966e-05 3.3167962492165574e-05 6.27642661634451e-07 1.6741511813801848e-05 7.851290609846371e-07 1.7246965285781812e-05 6.506258832432904e-06 2.7285903643448807e-06 3.6644762326081564e-07 3.3812209663485627e-07 5.525065662370711e-08 1.0483676135066237e-06 0.00015288354747306572 1.433118353569849e-05 6.429526864485674e-07 7.859881761938425e-05 2.7845977146047668e-05 5.151770565151286e-05 2.984892095987084e-06 1.6733994180907953e-06 1.3107014435908928e-06 5.3372641589800815e-05 1.674151771196952e-07 1.0118507784183683e-05 1.3156182680439255e-05 8.650997801468643e-07 2.2415024721750683e-06 7.768379903929285e-06 2.5845722950994476e-07 2.984478871228864e-07 7.564479932458154e-07 6.110094540501449e-07 1.5467877377798653e-07 6.076202724040091e-08 3.1060388035141315e-07 8.084158416230648e-08 1.7696102205566038e-06 0.00021686793838010624 5.3387514112868226e-05 2.2880721013401427e-06 7.918691459290615e-06 0.00013841003381943287 1.90047055307933e-06 7.88332340966837e-05 1.954804581221881e-05 1.5733447379328455e-05 4.688752649906737e-06 7.302862042712856e-05 8.216251449503827e-05 2.6466534073498998e-05 0.0001386925311602843 0.00014417883054535709 6.428093998064244e-05 0.0001570395616458691 0.00017494909140035886 0.00011865077960857537 0.00011407026004626905 1.0963522760972202e-07 0.0 2.919070418479801e-07 4.2468020554432907e-07 0.0 0.0 0.0 0.0 9.351732544691505e-07 2.212492068350111e-06 1.123359040863198e-07 0.0 3.558849228126685e-07 1.4649910360621231e-06 0.0 1.5809419303740953e-07 0.0 0.0 0.0 3.5634705782760947e-06 1.2779121315312435e-05 0.0 2.0470647801178916e-07 0.0 2.956175573525989e-05 2.229134688019664e-06 2.563596817913257e-05 6.627274764656631e-06 3.9461081395530805e-06 8.451219421774027e-07 2.5139800264211195e-07 0.0 3.0633091856456515e-07 0.0 1.9914413658145412e-07 0.0 4.871343714690276e-07 1.385813919162111e-06 0.0 0.0 0.0 1.9755756423632227e-06 1.1714210693824379e-07 1.1478182968549025e-07 9.666813313533085e-08 5.515245158883647e-08 2.3024321192579214e-06 3.2228052417065514e-06 1.2486093605313239e-05 0.0 0.0 5.5327509911423667e-05 2.102075013089146e-06 0.0 1.57535366090281e-07 1.6749119613712055e-07 0.0 0.0 1.5295216394247097e-07 0.0 2.685266291555112e-07 5.8603773668342764e-05 1.6103934693473957e-06 0.0 0.0 3.3467892448702546e-07 0.0001182221949843952 5.83251342016549e-06 3.845511764832831e-05 1.839718166030108e-06 2.5405452758622013e-06 1.8272700668622227e-06 0.0 7.548057663119034e-07 0.0 0.0 0.0 0.0 8.004064992370226e-08 2.1222541436815152e-07 1.7701265600583284e-06 2.2063300798729847e-07 6.703595086664556e-05 1.81243149899214e-05 2.306987794993928e-05
5.574391467271885e-05 0.0004549291586906626 0.0010886051618304558 1.4979724171183818e-05 0.0005909140598637186 7.896051130863815e-06 0.0002655360928117709 0.0014855342211912642 0.0015225012331070932 0.00011271339581673635 0.0 4.746904416974047e-05 0.0009530231934226018 0.003205311145867354 5.908421686729653e-06 8.780297194235693e-06 4.108003169408788e-06 7.101039119677648e-07 1.7737279942742997e-06 3.425326828771918e-06 7.6811933034348e-06 6.939454710359455e-06 2.4636648109531618e-06 1.9503152783379182e-06 8.464582442973452e-06 2.4582601884816062e-06 7.122520213757426e-06 8.659339472473407e-07 2.5234364293917724e-06 1.9853904757885453e-06 0.0008554892348695676 0.0005359603302471253 0.0006321246389452836 1.329849003122911e-07 8.216539780833118e-06 3.029210194686994e-06 0.0001606649677532156 1.6591503753383203e-05 1.226091194779575e-05 1.1386453605829833e-05 3.896856598339872e-06 1.0829023416496736e-05 2.6879971540500605e-07 4.63722983620305e-06 2.9234455662931447e-06 5.0258827029806225e-06 2.955174890724395e-05 7.043736302604543e-07 3.633543058708248e-07 7.75038284554575e-07 3.574675348043313e-06 1.1425328119392542e-05 1.189717714493687e-05 8.577923647920271e-06 2.109704124610722e-06 5.2216863938345566e-06 1.8601802593157235e-05 8.268805163527804e-05 1.8256420769971308e-05 1.3271586793969757e-05 5.512410128013031e-06 1.1196218694967721e-05 1.8892101254646747e-06 1.8121419038473627e-05 2.3799010105743277e-06 9.90279362536112e-07 4.5357208661317695e-07 6.495588514864639e-08 2.822723404185957e-06 7.2722350114137735e-06 6.79484385842646e-05 4.573342551311069e-06 9.183951941868556e-07 3.220736659802478e-05 2.0757290429668285e-05 3.021070903610081e-05 9.712174980579152e-06 7.350945135728712e-06 9.086929429331292e-05 0.0005304521986803566 4.821514191062735e-06 8.85341518512779e-05 5.085241476837567e-06 3.9093042304337065e-07 6.261849017954051e-07 2.2582191448061554e-06 1.108473651535001e-06 2.063706194084661e-07 3.5942918390608304e-07 9.334403554272211e-07 2.9762508187026685e-07 6.159847594330794e-07 7.214352376216691e-06 3.2629867642426463e-06 8.681629299842227e-06 3.768520395905814e-05 5.424328673377935e-06 8.077708883932807e-07 1.0457258312661525e-05 2.3015198003495543e-05 6.188951684520729e-07 4.88644964986827e-06 7.866763361087588e-07 1.258861128154072e-06 0.0 9.488358732584772e-06 7.093035854685369e-06 9.354220295142661e-06 1.643016502501609e-05 1.2329088721292477e-05 1.5595805066405097e-05 2.9579583799734296e-05 3.6002429387157285e-05 2.074136374219106e-05 3.337939998519543e-05 1.001031993759309e-06 7.41776290296171e-07 0.0 4.2516477314836585e-07 0.0 1.7665426031016311e-07 0.0 1.3167083743451137e-06 0.0 1.3398409879599913e-06 1.6262152226647525e-06 3.8325038958799643e-07 2.7216966283307996e-06 2.1768291396721e-06 3.4055184300612715e-07 3.109097861565556e-06 8.168399457668229e-07 9.150119438380644e-06 3.655297195588772e-07 1.1366719222063064e-06 4.358324609810987e-06 0.0 1.1226267882345358e-06 1.0916804493636885e-07 1.2074602663990088e-05 4.596280639445691e-06 1.6464619649416204e-05 1.0485222296816168e-05 5.779128181268086e-06 1.4269773779939464e-06 7.419833235850368e-07 0.0 0.0 0.0 8.504387818827481e-07 0.0 3.8887637800448617e-07 2.8229911136527664e-07 0.0 0.0 2.496429773247667e-07 6.075286802687325e-06 3.0112990670667436e-06 6.792939804443241e-08 0.0 0.0 2.7134599675212136e-07 8.491482888650688e-07 1.309409516764497e-06 1.1455821744023451e-06 2.098375916947666e-06 2.2808144630445687e-05 3.5764239212214354e-07 0.0 0.0 0.0 0.0 0.0 2.4245260040815295e-07 0.0 4.0043718311408597e-07 2.3098239435836106e-05 3.4803861208118584e-06 1.2516498904068565e-06 0.0 4.761691074994402e-07 3.30656779510629e-05 5.758705379229279e-06 2.214719340292502e-05 8.802900493466187e-07 5.423862663820805e-07 6.694941639928663e-07 0.0 1.9113961157545417e-07 0.0 0.0 0.0 1.0692745812485407e-07 0.0 1.0372127717830719e-07 5.793527009780887e-07 7.402612541437892e-07 1.780827642056414e-05 1.0998349605373689e-05 1.650801625446129e-05
