0.0 0.0014051591661765974 0.00031469485196076465 0.0006629592170942566 2.0121123412264623e-05 3.631759762206949e-05 0.000340460171425086 0.00011084793200915382 1.982990100114721e-06 0.0004346824766917966 8.500541997868097e-05 3.4137212744814355e-05 3.2694018871516514e-05 7.888482566594203e-05 2.68122202745645e-06 2.042472350992562e-06 3.1682874987935787e-07 3.0033157760109703e-07 0.0 2.557274876452747e-07 4.4581106080828476e-07 0.0 1.0538019203567993e-07 4.2443434045342665e-07 2.5278050194996543e-07 9.175148702498923e-07 0.0 1.8430266148590926e-07 0.0 0.0 0.0007029770474299581 4.583883407440242e-06 6.1024361068078015e-05 8.29574671338651e-08 5.9586733040461765e-08 2.4390795702875388e-06 2.3989292622201433e-05 1.2559630587650884e-05 2.163315407920037e-06 9.11229473135453e-07 1.6962976097170929e-06 6.72648504230509e-07 5.610041471322887e-07 8.80794061250035e-07 0.0 1.0878272216079991e-06 2.2251514702606735e-05 1.569761001185087e-06 1.8568187555012024e-07 1.3888674017475972e-06 9.30512198189936e-08 5.561128303697595e-07 9.092968062169826e-07 0.0 4.996726054415146e-06 5.143150432706284e-06 0.0002970971943616139 0.000769392594732079 3.5623923141738196e-05 2.3426533504854527e-05 2.7629113760409884e-06 5.417957491147346e-06 2.70867855330012e-07 2.5188670409047402e-05 2.308581371181622e-06 1.570786989612632e-06 5.145401591407147e-07 2.2125162563687602e-07 2.582268473272263e-06 1.4416135737107474e-06 3.9291034228541476e-05 7.576163963401316e-06 5.249196944741247e-07 0.00012919237826449205 5.905229822861377e-05 2.4234569313166785e-05 6.106929135255597e-06 3.6661714846019207e-06 9.84385005329058e-06 7.148403219549822e-05 2.2754425892510547e-06 6.946126008556385e-06 2.2032927905806528e-05 3.569558919569841e-07 1.8510309718798616e-06 1.7588407147914334e-06 1.0325340067027307e-06 8.427218175666447e-08 6.201991573432542e-07 4.5666965703593283e-07 1.1698171751128617e-07 1.2715781798619615e-07 4.253560838526962e-06 1.4758877064673024e-06 6.198356045333798e-07 0.0004018903835833548 0.00016492303440293672 4.1677517621216436e-07 4.36737299967814e-06 0.0006649340206785596 1.4576668646075552e-06 1.0215763642459357e-06 3.650108548774566e-06 6.976878993397384e-07 4.040449391220306e-06 4.426916300270381e-06 9.692067132052086e-07 2.1354135041626225e-06 1.1494789254752991e-05 1.0300422694319479e-05 4.0676489096505815e-06 4.883219576490563e-06 1.7295415522015744e-05 2.80524643693975e-06 3.029538399975631e-06 0.0 0.0 0.0 7.145683654494368e-08 0.0 0.0 0.0 7.326409735848375e-08 2.3021743863203815e-07 0.0 0.0 0.0 0.0 3.196160742857202e-07 0.0 0.0 1.5674462453637525e-07 0.0 0.0 2.875663387113873e-06 2.033988443403385e-06 9.244784220730295e-08 7.554852639306854e-08 3.6082249674598157e-07 2.738189889506715e-06 0.0 2.2432336545521595e-06 1.9189875129261175e-07 0.0 0.0 0.0 0.0 0.0 0.0 0.0 0.0 0.0 7.022535552699588e-08 0.0 0.0 8.034073640492398e-08 7.11181388256244e-07 0.0 0.0 0.0 0.0 1.7915506356830424e-07 1.1340891887440113e-06 0.0 0.0 9.75674087546014e-07 3.279779732283884e-06 6.560983426047913e-07 0.0 0.0 0.0 0.0 0.0 0.0 0.0 1.1856980236747111e-07 3.6177375649374037e-06 1.00615639261058e-06 0.0 0.0 0.0 3.438965316530283e-06 7.371527213407893e-07 3.4326028865164826e-06 6.700320045837601e-08 1.1822778971908497e-07 1.7629723708548968e-07 0.0 0.0 0.0 0.0 0.0 0.0 0.0 0.0 0.0 0.0 3.2915091947646207e-06 2.260778685536871e-06 3.121276396202161e-06
0.0014051591661765974 0.0 0.0008614801703493632 0.0005287767035860946 0.0011661226385092443 5.690321090889536e-05 0.002750873240625264 0.0006485147245625944 0.0007503659659008948 0.0012840570457874239 0.0014562154479935614 0.0004565317683936654 0.0009962918770914167 0.001752949265629931 1.7910100992229366e-05 6.645954240797073e-06 1.995190519107097e-06 5.405922554514378e-07 9.321311050089963e-07 1.553877324617361e-06 1.728040655206707e-06 1.0400303020141402e-07 5.426249809591353e-07 7.855453763281252e-07 9.418567437619331e-07 1.58952068538625e-06 6.639007282876118e-07 8.314129301776889e-08 4.4655459527150824e-07 1.8731827309034816e-07 0.0024075185597563255 3.100382364731959e-05 0.0003323621544314736 1.6966942567980666e-07 3.8825908899959474e-07 4.516168798445317e-06 8.953472008872214e-05 3.060547390323663e-05 8.475762580128627e-06 1.965394110004669e-06 3.4746134034801984e-06 1.7805671230246338e-06 3.2246871407371103e-06 3.1018665264243493e-06 5.376938355301915e-07 2.8721775617619837e-06 0.00012286969457481916 5.5998116002226315e-06 1.2069975900871557e-06 4.46628899200218e-06 6.774756296612161e-07 0.0 5.054110645689278e-07 3.173842659674761e-07 7.962776146122896e-06 6.7506973667386114e-06 9.825647718363451e-05 0.0005730769618723895 4.354153009740814e-05 0.00010586134594036809 1.0075481142735424e-05 2.1886216974593135e-05 8.749568535493462e-07 0.00013725012072410186 4.268918148374529e-06 4.416031652276539e-06 8.516707615617756e-07 2.300277063973405e-06 6.896289227416654e-06 4.9132777136854555e-06 9.256354947901444e-05 4.028932474838791e-06 1.0281415633814433e-07 0.00029842734352523065 0.00021003415227791708 0.00018473230435845357 4.958338343375102e-05 2.4833129532388553e-05 3.981941869237822e-05 0.0002395607351720125 1.2784358916395014e-05 2.3026086403775495e-05 3.4984236509514246e-05 4.783083310634899e-07 6.0488341478049954e-06 3.010156656201786e-06 6.241334752667221e-06 0.0 6.03094436969929e-07 0.0 6.297385108375268e-07 7.918814794778837e-08 1.1221126801429513e-05 2.7800760347334072e-06 5.981809253130337e-07 5.6062213228576546e-05 6.5208036522500335e-06 0.0 4.696535926625466e-06 0.0003223957552359285 2.2561596496202506e-06 2.230869282744409e-06 7.591401121512851e-06 1.0849408784822745e-06 1.5209014028135153e-05 1.1254907947838772e-05 2.235266793368054e-06 7.797902149099761e-06 2.503973756203437e-05 1.573907269345838e-05 1.0607824259101056e-05 1.3449911634768867e-05 3.1794307074032645e-05 1.3432478398047579e-05 1.2170047953387574e-05 2.3543101051551928e-07 1.771865734080844e-07 0.0 2.910264314105871e-07 1.4029241975232726e-07 5.8570020912346216e-08 0.0 9.96363360386872e-08 0.0 0.0 0.0 7.242766785399144e-08 3.473627403275818e-07 4.553654456489651e-07 6.966714072899011e-07 0.0 9.168833886420629e-07 0.0 0.0 1.212301633950062e-05 6.527668878600386e-06 6.897081030548265e-08 2.755010092681859e-07 0.0 8.052807864453882e-06 1.5200143145905333e-07 1.0342541462286329e-05 1.4709349658573007e-06 2.636143998928318e-07 0.0 0.0 7.465489854404711e-08 0.0 1.1708460410638964e-07 2.343797571016252e-07 0.0 8.973078659441779e-07 1.2445178169270527e-06 0.0 0.0 0.0 1.2127430361497094e-06 7.77401869313946e-08 0.0 1.2962474143110114e-07 0.0 1.1279556731513812e-06 4.393255828283069e-06 0.0 0.0 1.993026621443579e-06 1.6912706807194783e-05 2.6948256215355875e-06 5.146204381946802e-07 0.0 0.0 0.0 0.0 0.0 0.0 1.2959497584396156e-07 1.670992590579679e-05 1.7578403104637402e-06 0.0 0.0 1.610482002488867e-07 1.2463417591238917e-05 3.917154915362631e-06 1.0702060528923237e-05 8.317119670402806e-07 1.035170907605878e-06 3.1603130724186574e-07 2.2831340939953124e-07 5.544241697403932e-07 0.0 0.0 6.43571498008089e-08 0.0 5.747181379777761e-08 8.360244504211065e-08 8.844906940827475e-08 0.0 8.614208818223898e-06 1.3702622586480935e-05 7.855732662981381e-06
0.00031469485196076465 0.0008614801703493632 0.0 5.902839466300078e-05 0.00044011254401771693 5.417857465569861e-06 0.00011978749395173964 0.0018467603761517996 0.0010010999553743602 4.270048132591701e-05 0.002381583928267947 3.4224765743504714e-05 0.00013904270282265964 0.0015731848131163018 1.0334226228191599e-05 7.255109584033665e-06 1.0092728055684357e-06 3.0968393608425845e-06 6.229729964531139e-07 6.707358132671641e-06 3.5391900318459944e-06 2.0691582562389067e-07 2.2431262563523506e-06 4.3929469704273086e-07 1.1520252328057723e-06 1.7382990594557427e-06 3.119200854465421e-07 2.6669839532029426e-07 0.0 6.747296854731304e-08 0.0014900352561646852 0.00010504502360167057 0.0005362694411780803 1.618643066247698e-06 8.081490000727425e-07 7.882148114031526e-06 0.00013287764391658154 6.995181891443195e-05 1.2624732729933513e-05 3.183765284992643e-06 8.005159613238969e-06 4.157404721346024e-06 1.066701986902533e-05 4.466071917792382e-06 8.506774382526857e-07 5.996086649870219e-06 3.0612886860406006e-05 1.8619327694735394e-06 1.1687189294845942e-06 9.584472881011311e-06 2.8189394543253153e-06 3.990708195578796e-07 1.1161039901987929e-07 9.030086251123236e-07 5.4198991207537e-07 5.590160920131283e-07 9.4892342426628e-06 0.0001009115483821626 5.14248554321581e-06 1.7850423851032177e-05 3.70716577526032e-05 5.123782315079039e-05 2.067902203481187e-06 8.699390885012001e-05 3.518813930395151e-07 2.693895565229551e-06 2.229427511429592e-07 4.387539823192195e-06 2.405871201806157e-05 1.938455420096895e-05 0.0001061564882592335 6.65744520444762e-06 0.0 2.902303786774615e-05 4.345930678940284e-05 4.446331482187635e-05 2.1555024546284882e-05 4.2132239734042285e-05 0.00014717293287743862 0.0008112808244797026 4.149945686387521e-05 0.00010001875141117107 3.270186366078161e-06 0.0 2.4051668170678597e-06 3.02954657588367e-07 8.560289238398485e-06 0.0 3.0183686350703e-07 0.0 1.7196513372615412e-07 7.357471584047092e-08 3.0160296524818964e-05 7.093573360202656e-06 1.0796256469400917e-06 3.5250625821398545e-05 1.3100517219807368e-05 7.560855824543081e-08 7.052856270790272e-06 3.0355987521952286e-05 2.1574390097799406e-06 8.954014543643087e-07 4.545157129627455e-06 5.305403396470134e-07 7.213167786512348e-06 2.945424680081297e-06 8.201965306851869e-07 3.435863621307288e-06 9.173636093488278e-06 7.2000162552246584e-06 5.964464955543258e-06 5.753788157201995e-06 1.151189371103238e-05 5.797920586395687e-06 5.079867578515107e-06 5.961367997505204e-07 4.043323189884168e-07 0.0 0.0 8.292130827274105e-08 0.0 0.0 2.456725017488681e-07 7.177088824807228e-08 0.0 0.0 1.1411488982688935e-07 4.5077422212476363e-07 0.0 8.318992481531537e-08 3.873311234372021e-07 2.7132400607547947e-07 1.2819440868479886e-07 0.0 6.30428248816208e-06 3.147141866132889e-06 4.924181932140194e-07 4.320288126847838e-07 0.0 4.623481030176373e-06 1.4583430441137065e-06 1.0387083016999376e-05 2.6300842315667443e-06 3.043457943933047e-07 0.0 1.0451481123367772e-07 1.2710657275909495e-07 3.120442150974581e-07 0.0 2.7066789220635216e-07 0.0 6.215476649856859e-07 1.7041651110605045e-06 0.0 0.0 3.305893973198441e-07 8.832882028760082e-07 7.152037864584473e-08 0.0 0.0 0.0 3.986078848994837e-07 5.684793539928758e-06 0.0 8.003993341414882e-08 1.0374049662245173e-06 1.3327984070599649e-05 1.924065257998192e-06 5.737694025278692e-07 8.317642851489883e-08 0.0 0.0 0.0 7.508216951744514e-08 0.0 1.810930178674105e-07 1.4674842760025418e-05 2.8041087807937966e-06 0.0 9.181071559163569e-08 1.7811084165540165e-07 7.908525403508216e-06 5.493088474026918e-06 8.746291173788733e-06 4.932350412537003e-07 7.479225820066282e-07 4.840508830966836e-07 1.3559779685063395e-06 8.77371453383586e-07 6.454356710643965e-08 0.0 0.0 0.0 0.0 1.49165156141641e-07 8.314582112834486e-08 0.0 7.612732758832398e-06 2.017709427019659e-05 8.871891002623298e-06
0.0006629592170942566 0.0005287767035860946 5.902839466300078e-05 0.0 3.589053701049376e-06 0.00018285167546056846 0.0006968784764825752 4.840863751206244e-06 1.9620306371715984e-06 0.0015992408196788385 1.083385016937402e-05 0.00037097426566354877 0.00021551684703256555 6.028816440529184e-05 1.1420655187960402e-06 3.4935186282639194e-07 2.486845865988973e-07 2.1125313383450795e-07 6.846782140043682e-08 1.0626677737979593e-07 0.0 0.0 0.0 0.0 0.0 7.706224129706027e-08 0.0 6.320469889259725e-08 0.0 0.0 0.00027122385153762477 3.3345017120100063e-06 1.783762240926569e-05 0.0 0.0 4.1162723717322805e-07 6.641108782845783e-06 7.720140834653658e-07 2.209637962606064e-07 7.473149128685107e-08 0.0 0.0 0.0 3.7038068343891945e-07 6.31123650509381e-08 1.3465433887784066e-07 1.721168112353993e-05 1.3684806265002574e-06 7.21070743240405e-08 1.182767076183933e-07 1.6021391650760778e-07 0.0 0.0 0.0 2.3858188773175606e-06 3.3894377838852566e-06 4.497482624724528e-05 0.0002447260709806994 1.7459701508392967e-05 2.1141115091863773e-05 5.613180612864933e-07 1.3452218517289797e-06 0.0 2.6869556949295497e-05 1.3969194662371449e-06 1.213195208980296e-06 2.1379186331966395e-07 5.746424200461283e-07 2.998618920415144e-07 1.6043437992289093e-07 1.0773247466969632e-05 2.066478759184996e-06 0.0 8.259656780779212e-05 4.31319568948219e-05 2.116717924846414e-05 4.6340517860238385e-06 1.2895947010481388e-06 7.592832538144675e-07 3.5077245050653123e-06 3.629864659349409e-07 1.2820919574431758e-06 1.1537105267876765e-05 2.2441882165744837e-07 1.331369178556424e-06 1.3034629282530129e-06 4.008162053634767e-07 9.858571534984318e-08 2.8737902458677247e-07 0.0 0.0 0.0 4.2704089256199656e-07 8.395241902221411e-08 8.061232400425529e-08 5.519252656204777e-05 1.1379860961111473e-05 0.0 8.934018506374947e-07 0.00013592122260096005 1.4531820434289535e-07 6.236541277205266e-07 4.1572465015698005e-06 0.0 2.4065927702564238e-06 1.7586769655484674e-06 4.7472299731806873e-07 1.1087032968914752e-06 6.10805594154243e-06 3.971191598839925e-06 4.03727102622711e-06 3.661087901953515e-06 1.8670085641018717e-05 3.925014152766693e-06 2.5166148863496672e-06 0.0 0.0 0.0 1.207396311405902e-07 0.0 0.0 0.0 0.0 0.0 0.0 0.0 0.0 0.0 0.0 0.0 0.0 0.0 0.0 0.0 1.4551207790059476e-06 1.6219055616647295e-06 0.0 0.0 0.0 7.297164193680436e-07 0.0 2.4821510571211346e-06 2.3985389616465205e-07 0.0 0.0 0.0 0.0 0.0 0.0 0.0 0.0 1.9989718820769542e-07 2.30991024784163e-07 0.0 0.0 0.0 0.0 0.0 0.0 0.0 0.0 0.0 4.750377642756018e-07 0.0 0.0 0.0 1.8868522989484953e-06 0.0 0.0 0.0 0.0 0.0 0.0 0.0 0.0 0.0 4.070933170809337e-06 1.020308537300327e-07 0.0 0.0 0.0 2.582521728351012e-06 5.467960585441985e-07 2.237153480432231e-06 9.596677283420521e-08 0.0 1.9606291841973653e-07 0.0 0.0 0.0 0.0 0.0 0.0 5.4529686330461743e-08 0.0 6.504322732752625e-08 0.0 2.680951507236769e-06 3.323176428789319e-06 7.743269686213336e-07
2.0121123412264623e-05 0.0011661226385092443 0.00044011254401771693 3.589053701049376e-06 0.0 1.2510035568001822e-06 0.001376163985668765 0.00014727379022427118 0.0017569476953874456 0.00024125407013196273 0.0014288758178993253 6.570950548992885e-05 0.0007925989411739445 0.002178270528103224 4.747203101622907e-06 9.203096663138031e-07 5.972658618397061e-07 7.605018932648768e-08 7.438860382730879e-08 6.431466148840105e-07 3.8340582927334e-07 0.0 1.0716514791571466e-07 9.064474637517971e-08 2.0322284609059795e-07 0.0 1.3025749949294428e-07 0.0 0.0 0.0 0.00010072748585358807 5.235700919422584e-06 2.609320288366843e-05 1.7410754624775444e-07 0.0 1.147907502195368e-07 7.584428860091852e-06 2.102025037923371e-06 7.363418044107085e-07 4.2295394540076896e-07 4.1862785568038783e-07 3.0339283344045456e-07 1.0731726822245575e-06 7.938303221498089e-07 8.919799028735959e-08 5.57899117723378e-07 3.453999284070203e-05 1.526431874213047e-06 2.7220166174345363e-07 2.218544359968043e-06 7.698730464330044e-08 0.0 0.0 0.0 9.554887994644103e-07 1.1657165060709823e-06 5.690607754951322e-06 2.718183658762921e-05 4.871566866309382e-06 2.6396318979677842e-05 2.664614089780723e-06 2.1102520591422064e-06 0.0 2.641109729658696e-05 5.498422720332345e-07 1.1900220006436205e-06 3.479617548874052e-07 1.4424046450820824e-07 1.5085542334243886e-06 8.740129873313465e-07 1.2208249812172963e-05 5.821034148016988e-07 0.0 4.476877804171987e-05 3.552952318319459e-05 4.907612439938902e-05 1.6920177986072682e-05 7.050292677961626e-06 3.475311865912026e-06 2.138272108622151e-05 3.4149640691734744e-06 3.4298114631521876e-06 6.116239249713239e-06 7.774700385606485e-08 1.1972000792704849e-06 1.2118629651226305e-07 1.0855770477574314e-06 0.0 6.156876351675376e-08 0.0 1.4442361915336325e-07 0.0 1.2490229458287846e-06 1.8286777311924622e-07 6.58765262185098e-08 1.4113084663225385e-05 2.4595354721220913e-07 0.0 5.361106584196126e-07 1.887300884503146e-06 6.620209516813732e-07 5.9330182289495e-07 3.8100637907758215e-06 7.306485224020682e-07 7.984112405086287e-06 2.127575355759579e-06 9.137292047496954e-07 3.3766222461050423e-06 9.051092964872708e-06 6.52775230477373e-06 5.063082004657053e-06 5.007093237855187e-06 1.3057803233630993e-05 5.337212157333646e-06 5.551353614998384e-06 0.0 3.61155167071454e-07 0.0 0.0 0.0 0.0 0.0 0.0 0.0 0.0 0.0 0.0 8.450529967294969e-08 0.0 0.0 0.0 0.0 0.0 0.0 4.348410350969655e-06 2.1091524710364425e-06 0.0 8.805835893885863e-08 0.0 2.6934936472738128e-06 4.911273900961569e-07 3.4563030117690118e-06 6.413563441135549e-07 4.917842192196886e-07 0.0 7.7786117268075e-08 0.0 0.0 3.39033800858067e-07 0.0 0.0 2.6623582379105754e-07 9.489382520402806e-08 0.0 0.0 0.0 5.042687152536899e-07 0.0 0.0 2.1394163759195843e-07 0.0 6.842477408920209e-08 2.5168543370184105e-06 0.0 0.0 0.0 6.698866890973839e-06 1.2007950744523234e-06 0.0 0.0 0.0 0.0 0.0 0.0 0.0 0.0 5.774430404816738e-06 5.902117257972217e-07 0.0 0.0 0.0 3.905848212250588e-06 9.955062655320477e-07 3.2535643268867516e-06 4.7297241766510383e-07 1.5692746556998372e-07 0.0 3.075438013728386e-07 7.071923319132026e-08 0.0 0.0 0.0 0.0 0.0 0.0 0.0 0.0 2.8398875392214503e-06 3.614369398935049e-06 3.1398301614774013e-06
3.631759762206949e-05 5.690321090889536e-05 5.417857465569861e-06 0.00018285167546056846 1.2510035568001822e-06 0.0 5.7412124656812296e-05 9.177749147435271e-07 1.3106250126910015e-06 0.00024898360076591665 7.976568726921565e-07 2.4407230174852165e-05 2.4759206223559166e-05 8.790535600818248e-06 0.0 9.640258284480112e-08 1.1292357309473062e-07 0.0 0.0 0.0 0.0 1.2567960170849363e-06 0.0 0.0 0.0 0.0 0.0 0.0 0.0 0.0 3.143983057845698e-05 4.750186669830026e-07 8.146962947399199e-06 0.0 0.0 3.9264861078173777e-07 7.23977838097186e-06 2.8006325728626687e-06 5.07656567258039e-06 4.2478413286895054e-07 0.0 2.1243181257153555e-07 0.0 4.113847769340292e-07 0.0 2.2270594691551257e-07 4.178681234558817e-07 0.0 0.0 0.0 8.985421419562606e-08 9.524846088222242e-06 4.955239488812485e-06 2.103408708572718e-07 8.677436724370938e-08 4.6044740522006825e-07 1.666745289433123e-05 6.242977202360102e-06 4.367492936837855e-07 4.697685455994534e-07 0.0 1.3709048107435172e-06 0.0 4.087796443303543e-07 7.738069456575482e-08 6.865469536849503e-08 4.019187645259987e-07 0.0 7.764421079422963e-08 0.0 6.757889173848475e-05 0.00033063382851630454 4.6953789696145065e-06 8.439278850454064e-07 5.73151763843745e-07 3.9559094182146106e-07 6.904812380464809e-08 1.0981198535312673e-07 4.695966479582332e-07 1.074565502628324e-06 0.0 1.3113580109066522e-06 1.827498276679503e-07 7.557224698009905e-07 7.663517389606967e-08 1.5775490102543774e-06 0.0 4.988608208528216e-06 4.572034150850672e-06 9.384305849324632e-06 2.929010218721977e-06 4.427067609588666e-06 0.0 1.038744934829751e-07 2.0161316165178962e-06 0.00015038446689682254 0.00030511260900090034 5.859110847185122e-05 2.298980269224416e-05 4.703118675903277e-05 0.0 0.0 1.0916060316698277e-06 0.0 2.2989356043378365e-07 5.888535016988032e-07 1.4984198597910433e-06 9.966138094675731e-08 1.5803626615247813e-06 2.4015154213252506e-06 2.84260025709147e-07 3.01670638383433e-07 2.806625623494176e-06 1.1600988484607218e-07 7.187281640227374e-07 0.0 0.0 1.027928197490635e-07 9.244871151650229e-08 9.609220644892012e-08 0.0 0.0 5.708766551242461e-07 0.0 0.0 9.347643306048962e-08 8.361855477208186e-08 0.0 4.961682665546591e-07 0.0 3.202442877311166e-07 1.73775778243223e-07 9.445966027856236e-07 0.0 0.0 1.5671783000599274e-07 0.0 0.0 0.0 4.5881954671703824e-07 0.0 1.4423376752619974e-06 5.438881697550286e-07 0.0 3.1166530632571567e-07 0.0 0.0 0.0 0.0 1.4891320502669062e-07 0.0 0.0 2.7184308820462575e-07 0.0 0.0 0.0 2.119528617164366e-06 0.0 8.297610776403673e-08 0.0 0.0 6.137824725318975e-08 0.0 1.30650064121855e-07 0.0 0.0 3.0479541981782067e-07 0.0 0.0 0.0 1.0706452812687771e-07 0.0 0.0 0.0 9.656337203492428e-08 0.0 1.7372164999067602e-07 4.439328995766088e-06 0.0 0.0 0.0 1.2965044657400612e-07 0.0 0.0 0.0 0.0 6.36487728425432e-08 0.0 0.0 0.0 0.0 8.339328814837493e-08 0.0 0.0 0.0 1.2947394379481262e-07 1.8917407216816645e-07 5.64107272864092e-07 3.854578061284314e-07 3.358791162876158e-07
0.000340460171425086 0.002750873240625264 0.00011978749395173964 0.0006968784764825752 0.001376163985668765 5.7412124656812296e-05 0.0 2.4048548847185508e-05 0.0009852412041296702 0.0016485976188967363 0.0007102410264767168 0.00041222868306983875 0.0037332573515014176 0.003129211129764989 1.3712713929308915e-05 4.0082876137944924e-06 1.2405620694314313e-06 8.255487023663819e-07 2.1404323672913376e-07 9.810312329962988e-07 2.608152242711831e-07 1.0754875535869874e-07 2.9175998532388985e-07 3.213571355531489e-07 3.6821896455035563e-07 3.7245851949171074e-07 1.5172630610139844e-07 9.716786104192033e-08 0.0 2.2529061223930592e-07 0.00033003234999308905 1.730656094076154e-05 4.938534278738533e-05 0.0 8.20864633318524e-08 1.072169614949696e-06 3.2854119805338e-05 8.191600032590893e-06 2.8230053730070518e-06 7.958810335548002e-07 7.676946456109459e-07 5.593441572006273e-07 1.6161817823086743e-06 2.0109147324563265e-06 4.098744292276954e-07 2.133036686266809e-06 9.477070921165405e-05 3.93891908352643e-06 6.840112612800348e-07 3.1207166105954438e-06 5.718648230996666e-07 1.5304905908331256e-07 1.2869014050861785e-07 2.382739156910654e-07 3.2620382814357926e-06 3.94493276099457e-06 3.609828115023563e-05 0.00016612126481167877 2.2405725874034684e-05 7.939350667557768e-05 7.22146280641722e-06 6.6043604585591825e-06 4.0687048177200614e-07 8.767516226097708e-05 2.434081939210722e-06 2.414427727524432e-06 5.732639872598052e-07 4.844364987539572e-07 3.052100016278879e-06 2.12787728665153e-06 5.897198476540948e-05 1.745952507163726e-06 6.615178912508869e-08 0.00016317335072715643 0.00012005627669192781 0.00013317977926675543 4.170382906877422e-05 1.6161974463801318e-05 6.3808009765549964e-06 4.499904067342636e-06 7.350895876173796e-06 1.0058284182053707e-05 2.2797451421497678e-05 3.2961798280335886e-07 3.4204893434244636e-06 1.7237513075548866e-06 1.529473922720666e-06 2.2320712567671945e-07 6.354983885331796e-07 0.0 3.1384339903818467e-07 0.0 3.142186622132472e-06 6.203163545284038e-07 3.278428974341057e-07 5.1194044128797945e-05 3.840002623536049e-06 0.0 2.536054021036535e-06 1.7814800737464896e-05 1.017286574236777e-05 1.3424729502390298e-05 0.00019358731047689574 0.00014425010948277027 3.530098566808426e-05 0.00010410759415612721 6.405320490100734e-05 3.200336363408126e-05 0.0001074935878910198 0.00018066668950578426 2.0622994864350444e-05 5.1268652447774394e-05 6.429821097271778e-05 2.3203045091628363e-05 1.6227559276261942e-05 7.253464240311423e-08 2.571583210696601e-07 0.0 0.0 0.0 0.0 0.0 7.644898217067419e-08 1.3216510499747344e-07 7.873890766025944e-08 0.0 0.0 1.3749912022070912e-07 8.428275101597966e-08 2.1354426425266689e-07 6.323941954217264e-07 0.0 0.0 6.42668247236349e-07 3.475654799037811e-05 9.303677052461247e-06 6.862344865454255e-07 2.334308730988805e-06 7.634081369689166e-07 9.222796414522053e-06 6.873265919897283e-07 1.163849703629445e-05 3.7067706230610517e-06 6.627150400574205e-07 1.0203400084941237e-07 1.3155735883195864e-07 0.0 6.594608746032225e-08 1.7557889058121724e-07 2.3811922817120793e-07 0.0 2.2596368368997164e-06 2.404557117707625e-06 0.0 0.0 0.0 8.338531416215657e-07 0.0 6.0747117770606e-08 3.449843598759924e-07 0.0 4.867583311923298e-06 2.318214754220688e-05 2.5914827436397077e-07 7.782679323586104e-08 1.0643457771366993e-06 2.2421438126129487e-05 7.36003942438651e-06 2.9919547300700583e-07 2.613783660716442e-07 0.0 0.0 0.0 0.0 0.0 0.0 2.2012702409423477e-05 3.2261597450187166e-06 8.260583706471744e-08 6.865658253973143e-08 0.0 1.3780201307481503e-05 1.812212888413283e-06 1.3620733120717948e-05 2.2534947492581473e-06 3.2350651410245295e-06 1.7991874399712297e-06 1.3465208582646656e-06 4.930693278121003e-07 7.760655540081319e-08 0.0 0.0 8.437848506703849e-08 0.0 0.0 1.1323511590548664e-07 0.0 1.5651034185580222e-05 1.205670845985665e-05 8.929418903370295e-06
0.00011084793200915382 0.0006485147245625944 0.0018467603761517996 4.840863751206244e-06 0.00014727379022427118 9.177749147435271e-07 2.4048548847185508e-05 0.0 0.00012601206972700878 5.118534770812129e-06 0.0022818888002098863 8.300251358116028e-06 6.695854478207175e-05 0.0018418748765698476 8.338890600471709e-06 5.216762776430387e-06 1.209299663897703e-06 2.696158024950005e-06 9.083473830224568e-07 9.969727499869305e-06 1.409122271428254e-05 1.0270006775867564e-07 2.4005750818616613e-06 2.900374199851649e-06 1.1624636390786263e-06 3.3889589595751675e-06 2.806095102796515e-07 6.756228401538535e-07 0.0 9.294933458005644e-08 0.00046091020460184846 0.0004441259157148379 0.0007877872595053348 1.2636518460928046e-06 6.363530680288996e-07 1.0622887577380558e-05 0.0001401556661747841 0.00010647323865574384 1.5188660391174567e-05 1.7666870776162145e-06 1.5221930119680725e-05 8.208809004044645e-06 1.3104409612268627e-05 1.9165233239538208e-05 1.3535429564117874e-06 5.930696370101734e-06 2.046430093497776e-05 1.1041856290298376e-06 4.454086586803342e-07 9.960878493420344e-06 2.6773984974884724e-06 1.8381045091454298e-07 4.0083023535371813e-07 6.992548181675082e-07 5.10600741453343e-07 4.6044242044706484e-07 3.390353898232363e-06 2.7620120564174946e-05 2.4136472914358948e-06 9.276214991648879e-06 6.631960839119657e-05 0.00010482198699814583 2.889056712903969e-06 0.00010143346661056367 1.3819011649694644e-07 1.6238418103571786e-06 6.053679281140825e-07 7.057155252368724e-06 2.3851323695378087e-05 3.195629471142417e-05 7.266732205662833e-05 5.1059158069500885e-06 0.0 1.779275185953442e-05 2.22828854746847e-05 3.3152634510206757e-05 1.9876964350321898e-05 0.0002699370207886698 0.0013753319675508316 0.002168859111465529 0.0001233810350213737 0.00037925555933021956 1.0655539738728035e-06 0.0 6.73112462252899e-07 6.400522262598555e-08 7.779412146003706e-06 0.0 0.0 0.0 5.751859033543806e-07 0.0 5.71970961076234e-05 9.614456433677683e-06 1.9213715383855455e-06 1.1027741360845488e-05 1.7574716903515078e-06 0.0 5.481107330027121e-06 7.173746055838187e-06 3.272443560425806e-07 1.7339908125817742e-07 1.3589752090764974e-06 1.599546202801193e-07 1.4752727747460012e-06 1.0676061377944312e-06 3.816615108473926e-07 8.248873891479298e-07 1.8072824802465715e-06 1.9122858872658943e-06 1.3748874848164878e-06 1.5773353912735492e-06 4.930508830515963e-06 1.3912567971170155e-06 1.649750140532605e-06 0.0 0.0 0.0 0.0 0.0 0.0 0.0 0.0 0.0 0.0 0.0 0.0 0.0 0.0 0.0 0.0 8.270646785746833e-08 0.0 0.0 2.4442759100418296e-06 6.751611764475147e-07 0.0 7.602076486067945e-08 9.091976719565245e-08 1.6276916671891982e-06 0.0 2.5633540767262932e-06 7.677237894769493e-07 5.345419954714872e-07 0.0 1.074541877225149e-07 0.0 0.0 0.0 0.0 0.0 2.711225134077854e-07 1.6066087898495637e-07 0.0 7.411292827395806e-08 6.123496418971366e-07 2.0627080920194648e-07 1.533844583794359e-07 0.0 1.9520710001892637e-07 0.0 1.4555426580615274e-07 1.04533329720405e-06 1.010122874424225e-07 0.0 0.0 2.4239316869295976e-06 2.894729483617072e-07 0.0 7.193721240689458e-08 0.0 0.0 0.0 0.0 0.0 1.0429644956595231e-07 4.820985235738715e-06 1.506389813074958e-06 0.0 0.0 2.6132252671048363e-07 2.1454991689710237e-06 2.085003342080533e-07 1.576845419998665e-06 2.17940889061242e-07 1.8967710508886794e-07 0.0 2.631840533254946e-07 7.060829723318813e-08 0.0 0.0 0.0 0.0 0.0 1.6673291571054428e-07 3.8377249068889527e-07 1.802391086456645e-07 1.9913958193935763e-06 4.767860105486211e-06 3.174875679603298e-06
1.982990100114721e-06 0.0007503659659008948 0.0010010999553743602 1.9620306371715984e-06 0.0017569476953874456 1.3106250126910015e-06 0.0009852412041296702 0.00012601206972700878 0.0 7.344162709995118e-05 0.0009172471106536202 2.4024132702756497e-05 0.0006193120297977859 0.001708271619818977 3.7367415872499106e-06 1.3896250047147612e-06 1.564950447648735e-07 7.620911885515922e-08 0.0 3.1248938393683856e-07 3.6795404532285663e-07 0.0 1.0702732389393175e-07 0.0 0.0 7.680609218895138e-08 0.0 0.0 0.0 0.0 2.1319308187775684e-05 2.801166389232547e-06 2.948567746719437e-05 0.0 1.0593364488993908e-07 5.425715019375094e-07 6.842834353879778e-06 1.0242295179299345e-06 6.151984836842396e-07 4.3422896824465203e-07 8.795285341224347e-08 3.8527736945001336e-07 1.1411465654391438e-06 5.052781097790522e-07 0.0 1.6180788845773717e-07 1.5139507910429457e-05 3.6224134140615673e-07 2.0080607298335975e-07 8.424276114222617e-07 0.0 0.0 0.0 0.0 9.388386397709926e-08 2.18938553414371e-07 1.457849942225313e-06 6.365250823116072e-06 1.1464363009127861e-06 1.1444909695897913e-05 2.7299271385793975e-06 3.21256361709517e-06 0.0 9.672518904562663e-06 1.3544962474820548e-07 1.8792439067660356e-07 1.8313055208548878e-07 1.5186982464863225e-07 1.310998914681913e-06 1.0916633785671944e-06 1.0920756561576883e-05 7.599130408195533e-07 0.0 1.685147812513952e-05 1.291121161785618e-05 2.4312082769953923e-05 8.997223953533692e-06 4.059393459820146e-06 3.3055543208895896e-06 1.3917528568574693e-05 2.817112986180037e-06 2.0286347366761984e-06 2.485821682203309e-06 1.965580395263333e-07 2.1438663587067324e-07 1.4194474545794687e-07 9.24970704169837e-07 0.0 1.0648638248979372e-07 0.0 7.397601207507304e-08 0.0 9.289595514385141e-07 3.555158042409963e-07 0.0 9.39637392974632e-06 7.404558982275636e-07 0.0 4.3149538145189265e-07 7.104207702166677e-08 8.446586714743594e-08 6.439120141241827e-07 2.380356011764339e-06 1.4418920277523612e-07 3.793222988273829e-06 3.3127533784783313e-06 6.562334431578804e-07 2.488926667596564e-06 9.131291734282258e-06 4.044927043348992e-06 4.599368995414272e-06 3.159953844146952e-06 9.053228890587054e-06 2.9329971733174607e-06 2.7084184427830023e-06 7.157905701679544e-08 0.0 0.0 0.0 0.0 0.0 0.0 1.1072050149767492e-07 0.0 0.0 0.0 0.0 0.0 0.0 0.0 1.0841332187107127e-07 0.0 0.0 0.0 2.6405677263768646e-06 2.0051247150404615e-06 0.0 0.0 0.0 7.258909527112166e-07 0.0 3.6083940866127716e-06 7.464005096300181e-07 2.4453346461171856e-07 0.0 0.0 0.0 0.0 7.864759718259433e-08 0.0 0.0 2.1538301826783119e-07 3.225999891161276e-07 0.0 0.0 0.0 0.0 0.0 0.0 0.0 0.0 1.6753256463277636e-07 5.686271745202547e-07 0.0 0.0 0.0 3.7400742986416327e-06 1.6126450583529715e-06 0.0 0.0 0.0 0.0 0.0 0.0 0.0 0.0 4.603407993020616e-06 2.912716976478342e-07 0.0 0.0 0.0 1.6948235089031953e-06 6.117996992914163e-07 3.0099535679665745e-06 7.166276929190233e-08 2.5433718163583754e-07 0.0 0.0 0.0 0.0 0.0 0.0 0.0 0.0 0.0 0.0 0.0 3.396782346227694e-06 3.1695608552059295e-06 1.7281719318997103e-06
0.0004346824766917966 0.0012840570457874239 4.270048132591701e-05 0.0015992408196788385 0.00024125407013196273 0.00024898360076591665 0.0016485976188967363 5.118534770812129e-06 7.344162709995118e-05 0.0 0.00010880742059413457 0.0018711257367093038 0.004766131482531389 0.0011839072252775873 7.919228888565326e-06 2.8723461252172876e-06 3.777126793116667e-07 4.211078572769805e-07 0.0 1.679534148224051e-07 4.3612456297714324e-07 0.0 1.3456253872600637e-07 0.0 1.919359720314286e-07 3.0292087557264855e-07 4.869525051568791e-07 0.0 8.679140130244952e-08 2.9581639112204696e-07 0.0001919607058368446 6.195463683067162e-06 0.00042470947119749747 2.724907675737373e-07 0.0 1.9135074097417498e-06 0.0005412260935639375 1.1380756393602378e-05 5.659053553130358e-06 7.436002006052363e-07 8.8608869346537e-07 2.992254751782945e-07 5.798487953699092e-07 1.2965654219211918e-06 0.0 1.103018317335884e-06 5.09262895668162e-05 9.111779858222456e-07 2.9689486271700933e-07 5.381551746210698e-07 5.655652364382344e-07 2.2497972966338479e-07 1.9480436227160137e-07 0.0 1.051593132226465e-06 2.110893697362579e-06 2.4683441970935758e-05 0.00011560040248629729 1.0534813675413296e-05 3.339127656183784e-05 1.8605864956256328e-06 1.9655985522714882e-05 3.6410706601432623e-07 4.086757587999457e-05 1.2720968603482499e-06 1.3687029660828628e-06 1.1975677255363357e-07 2.9150418283906926e-07 7.849140927907464e-07 4.4042462844111583e-07 0.0008160217787392123 4.142545635708777e-06 0.0 8.30045878189332e-05 5.163063046552057e-05 5.990234081255901e-05 1.4796574526052389e-05 5.946120512220464e-06 1.9793354582175074e-06 7.321090922532213e-06 1.4403140775008916e-06 8.667250445275656e-06 1.0308845931829285e-05 2.3435972997830025e-07 1.1898911696091307e-06 8.627214641185484e-07 6.077226721585829e-07 6.388653991245739e-08 6.950121546204722e-08 0.0 0.0 3.8741738862033724e-07 1.9178321074670203e-06 2.9443597212926224e-07 1.6877133024173574e-07 0.00038751361295078055 0.0002620145833348696 3.451780562706778e-07 7.98026092517697e-06 6.194120733501649e-05 3.7877109847430213e-06 3.659522353113028e-06 2.08198636323979e-05 2.4979559401632727e-06 3.4830540981492354e-05 2.7259109735442312e-05 7.131174047661098e-06 2.286315725500354e-05 7.347122309476948e-05 5.392159676030345e-05 3.1924385198724854e-05 4.384689137699315e-05 9.2587340744184e-05 3.6454098951392057e-05 2.283625722459632e-05 2.4818949300208536e-07 1.6058519956700728e-07 7.37312410139521e-08 0.0 0.0 0.0 0.0 0.0 0.0 0.0 0.0 0.0 4.6442406015212774e-07 1.5735498963340177e-07 0.0 0.0 5.11852084535907e-07 0.0 0.0 2.6065209553892256e-05 8.606490997619514e-06 0.0 1.1957748853519804e-06 0.0 1.0183095767522814e-05 5.079002159199406e-07 1.583848375186944e-05 2.3324134883815597e-06 3.9937741610933095e-07 2.1805736549003016e-07 1.8904693844875173e-07 0.0 0.0 0.0 0.0 0.0 9.754398362265954e-07 5.24965641316676e-07 0.0 0.0 9.205653202457853e-08 7.080178345311775e-07 0.0 0.0 4.947445361567057e-07 1.74923024300153e-07 1.2193256379750733e-06 8.279018827547153e-06 3.139543019845751e-07 7.002857803641435e-08 2.2600679317332e-06 3.194176824659478e-05 6.645823651848688e-06 7.393593031863834e-08 2.812826196938203e-07 0.0 0.0 0.0 0.0 0.0 0.0 2.9398028283292482e-05 2.2127492917556912e-06 0.0 0.0 8.571252256267227e-08 1.7358068429645087e-05 5.8977061190011885e-06 1.601723010806712e-05 6.288362284102114e-07 8.714531083236463e-07 1.9802339112827807e-06 7.13175957692442e-07 0.0 0.0 0.0 0.0 0.0 0.0 0.0 0.0 5.101492398615045e-07 1.90896304693515e-05 1.5344330692591526e-05 1.2167233080682727e-05
8.500541997868097e-05 0.0014562154479935614 0.002381583928267947 1.083385016937402e-05 0.0014288758178993253 7.976568726921565e-07 0.0007102410264767168 0.0022818888002098863 0.0009172471106536202 0.00010880742059413457 0.0 4.160227862391788e-05 0.0006799741138882824 0.0025552116742574836 7.412909329859677e-06 4.522932854811137e-06 5.525790444590723e-07 4.4980116802510507e-07 7.318443452369751e-08 1.8989616550512695e-06 1.3142722599580645e-06 0.0 8.04260057338498e-08 8.051625433382213e-08 6.215148788241768e-07 4.413399395025064e-07 1.5053157815592605e-07 1.658062100962949e-07 0.0 8.765235302910095e-08 0.00012111118519337767 6.0012272096844846e-05 0.0007040517242151679 2.953150748119162e-07 2.0593679639897637e-07 3.4511140336331303e-06 9.897338281341118e-05 3.458293519110388e-05 7.16600310229442e-06 1.0876521823493568e-06 1.358301824564481e-06 8.989038846222956e-07 2.679124422872311e-06 1.3671033051092395e-06 4.003533147207365e-07 1.2370417578133328e-06 2.909608972161305e-05 1.2366748433077572e-06 4.366203773303166e-07 2.4511853996359036e-06 4.995110960452257e-07 0.0 0.0 1.6599744711622034e-07 5.198977062338573e-07 4.2288532499359625e-07 5.301338847775679e-06 1.7923900709066204e-05 2.9661739682686468e-06 1.8339789239412724e-05 9.030770001322159e-06 3.967964746750651e-05 5.380117110934055e-07 2.2214325467995444e-05 5.172929972808681e-07 5.592013539077979e-07 2.2572085977141787e-07 1.1618165924345648e-06 5.599999855181886e-06 4.236434049804281e-06 5.325921076478187e-05 7.544303076997592e-07 0.0 3.0400083632728103e-05 2.3715898383777674e-05 5.230171907142039e-05 1.850652959376908e-05 2.2063188619554632e-05 2.964065533632432e-05 0.0006475322916895573 9.212402282496835e-06 1.5312349406863704e-05 2.8242601438088006e-06 1.4249375273098438e-07 5.331227161567124e-07 0.0 2.766171703686979e-06 9.144885738450421e-08 6.777803555473018e-08 0.0 4.499466562729297e-07 0.0 5.695507709786274e-06 1.7458887559884608e-06 1.292024002111369e-07 8.733870483949563e-06 1.271482841951804e-06 0.0 3.343552381687323e-06 2.7973246312811688e-06 3.3655907563819647e-07 3.27696259277277e-07 1.8369449772186132e-06 0.0 2.2844993550966793e-06 1.4683966215091321e-06 4.869235758671971e-07 1.5863471621151765e-06 4.966508822632873e-06 2.5114338035220197e-06 2.1913808463440966e-06 1.0824296477779914e-06 6.711304763424584e-06 2.185708664340388e-06 1.6865060080021945e-06 7.347718264948704e-08 7.415224525837565e-08 0.0 0.0 0.0 0.0 0.0 0.0 0.0 0.0 9.282067681856448e-08 0.0 1.0253010130434752e-07 6.262980491207511e-08 0.0 0.0 6.040393320538795e-08 0.0 0.0 1.8227016265883837e-06 5.46741099496151e-07 0.0 8.390409533425722e-07 0.0 2.2506454177968746e-06 0.0 2.1555500834192818e-06 4.492475556140942e-07 0.0 0.0 9.606246286960837e-08 0.0 0.0 0.0 1.1308558371929832e-07 0.0 6.867977328830688e-08 0.0 0.0 0.0 8.762971797817823e-08 9.750536208560138e-08 0.0 0.0 0.0 0.0 8.820196001544685e-08 3.7833984738524113e-07 0.0 8.08661842982699e-08 4.4996949489625987e-07 3.3120717190230516e-06 5.654688971719103e-07 0.0 0.0 0.0 0.0 0.0 0.0 0.0 8.87996155919018e-08 3.91652150256791e-06 9.49483628021726e-07 0.0 0.0 6.489908155719923e-08 1.0635267228122784e-06 6.455220407847138e-07 2.328858596963983e-06 0.0 6.924569357703149e-08 0.0 8.377961906005294e-08 0.0 0.0 0.0 0.0 0.0 0.0 0.0 0.0 0.0 1.5301224438891923e-06 4.054474198618231e-06 1.5997006977525564e-06
