0.0 0.0020679088561666188 0.0004308290421795077 0.001174951271971211 4.054455515294736e-05 6.232538541778471e-05 0.000446225939840336 6.676563826073817e-05 2.6451710126937272e-05 0.000999765954499216 0.0001955910954281699 7.35674962462872e-05 7.316598331281451e-05 0.0001106548065763247 6.253337580093249e-06 2.0749729860791427e-07 1.1476699749240642e-06 1.8504568514118046e-07 7.534365407327563e-08 0.0 0.0 0.0 0.0 3.058721832481793e-07 0.0 2.3906929415457564e-07 8.446265762363623e-07 1.0745230508741667e-07 0.0 0.0 0.00035313188906656556 8.622241662283569e-08 3.0440960209321557e-06 0.0 7.817301619448307e-08 0.0 8.315755887401191e-07 0.0 0.0 0.0 0.0 0.0 8.865011381689603e-08 8.846815679960346e-08 0.0 8.468979893049278e-08 5.181220951868444e-05 3.248393182470548e-06 4.408030380741362e-07 0.0 6.528453524724992e-07 0.0 0.0 1.7696646099995826e-07 1.2580362065438188e-05 2.347876353944308e-05 9.57122674371912e-05 0.00035788839800636056 2.988429600081873e-05 3.8032781370781396e-05 7.631087154487513e-08 0.0 0.0 1.005389310096676e-05 1.061620137890182e-05 7.070656501098993e-06 3.219968823088352e-06 1.315720897498674e-06 0.0 2.062216510127545e-07 1.949085577166396e-06 0.0 1.9165779078495532e-07 0.00011208438558113116 1.3384673049435962e-05 4.254069707171523e-05 7.92273145918233e-07 0.0 2.6551903686848676e-07 3.5893294108562696e-05 0.0 3.1290753935803906e-07 1.7243350772402993e-05 0.0 4.10803258672034e-06 8.751466350378561e-06 3.860296981115722e-07 4.88673213519019e-07 3.439019119756693e-06 8.100715747206223e-08 3.0817755815704386e-07 9.161544388890259e-08 0.0 0.0 0.0 6.53712896671203e-05 2.036710285854832e-07 0.0 0.0 0.0007781236015205085 0.0 0.0 1.6517588238114788e-07 2.800651386905381e-07 2.223000024115185e-07 6.7795605300226844e-06 3.237997889026721e-07 2.165206422343035e-06 0.0 6.904980597102395e-07 8.346844839079141e-08 2.5343095798692313e-06 8.196056045261429e-07 2.0728946877395584e-06 8.226769582464759e-07 0.0 0.0 0.0 0.0 0.0 0.0 0.0 0.0 0.0 0.0 0.0 0.0 0.0 0.0 0.0 0.0 0.0 8.487308243341842e-07 0.0 0.0 0.0 0.0 0.0 0.0 1.0686143761188276e-06 0.0 1.8102931512984338e-07 0.0 0.0 0.0 0.0 0.0 0.0 0.0 3.4009218049994933e-07 0.0 0.0 0.0 0.0 0.0 0.0 0.0 0.0 8.107724541869316e-08 0.0 0.0 0.0 0.0 0.0 0.0 0.0 8.718490317390469e-07 1.665738459146823e-07 0.0 1.1751073464865888e-07 0.0 0.0 0.0 0.0 0.0 0.0 1.8316295838506803e-06 0.0 0.0 0.0 0.0 7.530257617703506e-07 0.0 5.788017368282965e-07 0.0 0.0 0.0 0.0 0.0 0.0 0.0 0.0 0.0 6.650451868166248e-08 0.0 0.0 0.0 1.7876834258216964e-07 1.2424675562975346e-07 4.2019110785674524e-07
0.0020679088561666188 0.0 0.0005736433183675586 0.00030548965926119125 0.0007972551432876239 8.559416221320223e-05 0.0013611924384150343 0.00029404021419026467 0.0006686463546896925 0.0011084273869039535 0.0013691839090451785 0.00010097930544690537 0.000637313867231017 0.001105445278146908 2.7856162917044136e-05 6.472226845213829e-07 6.740640127756762e-06 3.6761117218324474e-07 1.4582682360781945e-07 8.971415839288761e-08 5.440539823523844e-07 0.0 4.0919024516073177e-07 1.22355825607226e-06 5.231065972467175e-07 2.6470430177647676e-07 7.60294407987456e-07 2.1160410447468417e-07 1.0360671534121991e-07 9.743365740152374e-08 0.0009122087499601491 3.4588125131361692e-06 1.2745325297574668e-05 2.3424065796467956e-07 1.671126719950161e-07 0.0 1.254362914587714e-06 1.0148946655986488e-07 0.0 7.7444413813125e-08 1.8229323379940564e-07 7.140536646456656e-07 3.033128402885644e-07 1.671333816726269e-07 3.727741462208836e-07 8.092802530520591e-08 0.00023284502898873792 1.46301440865478e-05 2.017076699086623e-06 2.5456596573619054e-07 3.929692908442749e-06 3.7072246644945747e-07 0.0 3.093900294938713e-07 2.0089488367157343e-05 4.7259943830528445e-05 0.00010305136184015262 0.00041676013875940546 5.080810126938674e-05 0.0001112416148471509 3.326453409305293e-07 1.0963288498954162e-06 1.0342152779193097e-07 7.000890006364707e-05 3.0069805981318767e-05 2.3881191824164436e-05 6.308984953498396e-06 4.231781212087364e-06 4.2174938574724354e-07 7.466676305241474e-07 8.596120557971954e-07 0.0 0.0 0.00022148221250560432 8.828724396768333e-05 0.00019967699245407934 1.2610164472028966e-05 1.524243360055842e-06 7.338206362084408e-07 0.00012380175604810746 9.2789377327338e-08 2.2759213299143296e-06 4.069838285553536e-05 2.5703529807739384e-07 1.2233748646733739e-05 2.7603489021219562e-05 1.2477091293690477e-06 5.383260523714869e-07 9.595124960218414e-06 7.427154586093576e-07 8.026938583810092e-07 3.544492612927004e-07 8.433612231852064e-08 3.26890589283195e-07 5.570909052928243e-07 9.9430641092842e-06 4.2445150044999547e-07 0.0 0.0 0.0006367326271787627 1.4586271615113077e-06 1.880477963114679e-06 1.864790829775349e-06 1.058129148218444e-06 1.8667622666862066e-06 1.524523717554505e-05 4.26730027035774e-06 1.6623162626701886e-05 1.6253492437821895e-06 6.8336431962074465e-06 2.8480649529918944e-06 2.8688202236276035e-05 9.757914444171123e-06 1.9768302237310203e-05 1.0137462482855267e-05 2.3263483603649124e-07 1.4707172973976253e-06 0.0 0.0 0.0 0.0 0.0 0.0 0.0 0.0 0.0 0.0 0.0 0.0 0.0 0.0 0.0 4.576543497877006e-07 0.0 3.399601285378373e-07 1.9520796139107392e-07 0.0 1.0892530835749072e-06 0.0 1.4066309956631808e-05 4.613028072670897e-07 4.256581619066865e-06 8.618970510631515e-08 0.0 0.0 0.0 0.0 0.0 0.0 9.339444645001322e-07 0.0 0.0 7.235169908628979e-08 0.0 0.0 1.0781761542266826e-07 0.0 0.0 0.0 8.083167421240467e-08 7.898410821111796e-08 3.777200716667554e-07 7.24604747162933e-07 0.0 0.0 4.944791141984913e-07 4.549783382912244e-06 0.0 0.0 0.0 1.656913965871743e-07 0.0 0.0 1.8794170157874381e-07 0.0 0.0 1.934750175210855e-05 0.0 0.0 0.0 1.3486791974683052e-07 4.313350881976519e-06 0.0 3.429647289314036e-06 7.491968133893685e-07 1.1770427969211817e-06 0.0 1.3527599496340043e-07 0.0 0.0 7.410226661901175e-08 0.0 1.005618532526208e-07 0.0 7.82569148240687e-08 0.0 0.0 5.418850412509958e-06 3.482958042409497e-06 2.14957671504202e-06
0.0004308290421795077 0.0005736433183675586 0.0 1.0996552334896883e-05 0.00023214107167591021 1.017248003435403e-05 0.00015214773689769103 0.003782584344875315 0.00036820293631229206 3.239611840598198e-05 0.002516954464920081 4.2369997081169545e-06 0.00022458481930006505 0.0009590503528510189 1.937350016601934e-05 5.760024269055223e-06 4.97040872758259e-06 3.999800872947773e-07 2.734580026077713e-07 1.0656427373065376e-06 5.321336651877933e-06 0.0 5.420753563971409e-06 5.748420102922195e-06 9.964308601784387e-06 4.405190355960521e-06 8.260651605140232e-06 3.6524367585773314e-06 9.285162948850209e-07 1.6582039890169456e-06 0.002818775143322515 0.00026336656799587436 0.00010432638596167757 0.0 7.125943292550691e-06 6.660213742506415e-06 7.498345362724912e-06 9.101196172540296e-06 1.3024669577005732e-06 1.6155865126211587e-06 1.6334716282116915e-05 1.2206912604746833e-05 1.0412151235644956e-06 1.2080085821867144e-06 4.393144419337114e-07 7.453748845926456e-07 7.774147396825497e-05 5.643432814337558e-06 1.4574865488842286e-06 8.527974357822261e-07 3.5532324523007756e-06 6.740606242078317e-07 2.4433478204841143e-07 2.6544089290169293e-06 1.3623802809756219e-05 3.858901283080019e-05 0.00017275382442822671 0.0009673427877246901 5.298068731211575e-05 4.714162256873024e-05 1.699304680500582e-05 4.508850691786058e-05 3.3392907374122964e-06 0.0001262965778135477 1.8812381828205805e-05 1.13822438616807e-05 4.4879918232570895e-06 2.0210766689119513e-06 7.907089940447042e-06 2.4728154386028356e-05 3.6577438943119524e-06 3.7214642656267135e-07 0.0 0.00019097818399737925 5.82800769799346e-05 0.00010942016253708868 1.5368161437692288e-05 4.162504192455722e-06 7.879042493389272e-05 0.000995984069860229 6.339353953512297e-06 0.0001508225766014911 1.9891798576534103e-05 7.524963861067997e-08 7.86938124155258e-06 1.477250900479208e-05 1.6547977262349606e-06 1.945447630022932e-07 5.214466445497865e-06 6.041151129385189e-07 5.958883950191788e-07 6.329959103149109e-07 1.3125297303915697e-05 6.730394390807946e-06 1.7594131164839292e-06 3.3926546832163248e-06 1.2920040642640297e-06 0.0 6.80615119755476e-07 0.00035759705034574225 0.0 3.1108286634085974e-07 0.0 0.0 0.0 2.7289476728774295e-06 1.1974186063490673e-06 4.003971318390824e-06 0.0 2.9326672356047106e-07 7.302408132536253e-07 3.670346104427201e-06 1.526424305534869e-06 3.0342593873849456e-06 1.9960198884364606e-06 9.611063713284654e-08 0.0 0.0 0.0 0.0 0.0 0.0 0.0 0.0 0.0 4.0833622959224813e-07 8.840913770916416e-08 1.2844916366442175e-07 0.0 0.0 1.2641317958184985e-07 0.0 5.417104884353278e-07 0.0 0.0 0.0 0.0 0.0 1.1162974472744161e-07 4.906636610634497e-06 3.899145112128518e-07 2.717297251111417e-06 3.950616562783909e-07 7.934565488139149e-08 1.1511779264754887e-07 0.0 0.0 0.0 0.0 2.8100907602193634e-07 0.0 0.0 0.0 0.0 0.0 1.345452219691883e-07 1.7766210433876866e-07 3.3013491292198613e-07 7.35679658222013e-08 0.0 0.0 0.0 0.0 0.0 0.0 2.1961713761749892e-07 2.2332394586705382e-06 0.0 0.0 0.0 0.0 0.0 0.0 1.753086903401595e-07 0.0 0.0 6.332904650179401e-06 0.0 0.0 8.030869614463428e-08 4.0092333916948484e-07 1.0308675455225309e-06 1.242682967409429e-07 7.421300087804092e-07 1.0752234860629914e-07 3.6574146212275355e-07 0.0 0.0 0.0 0.0 1.5620046169767509e-07 0.0 0.0 0.0 0.0 0.0 2.7177107465133004e-07 1.210822756364764e-06 1.1762786586878644e-06 7.616662289644231e-07
0.001174951271971211 0.00030548965926119125 1.0996552334896883e-05 0.0 0.00011290381812053655 0.00032321520282531596 0.002436870740415125 1.5959272275738676e-06 0.00022646537635726555 0.0021281228344997996 9.037504101701315e-06 0.00038322041006556547 0.0012141062836707982 0.0002515093347497139 2.443818475357823e-06 0.0 0.0 0.0 0.0 0.0 0.0 0.0 0.0 1.2207836416308175e-07 0.0 0.0 0.0 0.0 0.0 0.0 1.3420455361156522e-05 0.0 1.301426351935313e-07 0.0 1.2051228602931546e-07 0.0 0.0 8.575101282422434e-08 1.7252542518140613e-07 0.0 1.3271206959887134e-07 4.515326884061696e-07 0.0 0.0 0.0 0.0 2.523583377765161e-05 1.0508910936795747e-06 9.486257282266888e-08 8.978663274429382e-08 6.82852374232285e-07 0.0 0.0 0.0 3.7733753161596276e-06 7.2476160440638324e-06 2.188938232806372e-05 6.4875527473199e-05 1.1285719989365641e-05 1.440603327892345e-05 0.0 1.9646876377142165e-07 8.837602634290744e-08 5.52326343436462e-06 4.31107871998305e-06 3.0098186801507456e-06 1.0532659155061279e-06 0.0 7.995321068861707e-08 0.0 5.223166655319995e-07 6.182984368069818e-07 0.0 3.615994126116729e-05 7.169136101942416e-06 1.86689160792098e-05 3.967863605146788e-07 9.11969662323681e-08 0.0 1.2613283287278306e-06 0.0 6.798575885630391e-08 6.057500242523627e-06 9.801242402773711e-08 1.5116471794207441e-06 3.86694909712041e-06 6.512364713764873e-08 2.0648214359570956e-07 1.3242280179791068e-06 8.32863580902534e-08 1.1904914064194606e-07 0.0 0.0 0.0 0.0 3.469268701790785e-05 0.0 0.0 0.0 0.0004933486851602881 3.3043399417790287e-07 6.462441075091803e-06 4.939778033532478e-05 1.0768482304039372e-05 1.0626725836504113e-07 5.2438657927648684e-05 2.8930035126790423e-06 1.1336354103898689e-05 4.31343381588928e-06 4.11887785074755e-06 9.176362375839335e-07 1.7989801950936573e-05 2.433270997835003e-06 6.04014879495183e-06 3.1125641826282286e-06 0.0 0.0 0.0 0.0 7.361626513161552e-08 0.0 0.0 0.0 0.0 0.0 0.0 0.0 0.0 0.0 0.0 0.0 0.0 1.85671062822366e-07 0.0 1.4155608823472416e-06 1.0232517154915523e-07 0.0 0.0 0.0 2.9131183662060243e-06 0.0 1.0579307275469303e-06 4.521327486175452e-07 0.0 0.0 0.0 0.0 0.0 0.0 0.0 0.0 2.467704698903762e-07 4.0948930737618493e-07 0.0 0.0 0.0 0.0 0.0 0.0 0.0 1.934877633978456e-07 2.4474577680273836e-07 4.5154053942400736e-07 8.494145039150122e-08 0.0 3.2230418587163063e-07 5.105376190873291e-07 0.0 1.4318490850425195e-07 1.5251325052797275e-07 0.0 0.0 0.0 0.0 0.0 0.0 4.064865913538362e-06 0.0 0.0 0.0 0.0 1.4953449883315173e-06 8.33143793058991e-08 7.544147762859778e-07 6.248364369662993e-07 4.443753019648896e-07 0.0 2.4826529860922996e-07 0.0 0.0 0.0 0.0 0.0 0.0 0.0 0.0 0.0 1.5826702666888703e-06 3.7701162044274154e-07 1.6060035107431758e-07
4.054455515294736e-05 0.0007972551432876239 0.00023214107167591021 0.00011290381812053655 0.0 3.066475959746955e-05 0.0007912096079201232 0.00013742329869770913 0.002361898487042307 0.001419814567765813 0.0013859448634706104 0.0003536769246927141 0.0005903598323381784 0.000384148668692203 1.569070456234204e-05 7.131500804035256e-07 2.2281401940242135e-06 7.065924304857396e-08 1.0468205091214546e-07 0.0 7.599968055408813e-08 0.0 2.0155791158473642e-07 4.1436770264437364e-07 4.6895803836414525e-07 9.423185111802387e-08 0.0 3.0708267437678893e-07 8.937263594353414e-08 8.279387649840094e-08 5.549521836286078e-05 2.0884443933592108e-06 1.8966902000722026e-05 0.0 0.0 1.2322842086012216e-07 5.89561250223491e-06 8.911732236668709e-07 0.0 1.1305478380026136e-07 0.0 5.46854117361916e-07 0.0 4.049402550074461e-07 1.2636805368304098e-07 0.0 0.00012135113049275828 3.4251232180335825e-06 2.0688842075783048e-06 1.298914914782197e-07 1.254050238440764e-06 9.344306183112373e-08 0.0 4.2787238630804995e-07 4.895541415134828e-06 7.996879594278232e-06 1.4825672828976512e-05 4.024261380360105e-05 1.1590534430431288e-05 3.1449258858468186e-05 2.3772149589589135e-07 9.139432190728236e-07 0.0 3.0454856777460888e-05 5.8044812002147886e-06 4.300895156494816e-06 1.3206226363752755e-06 8.919957463085067e-07 0.0 3.248871390061497e-07 6.526064327348397e-07 2.6852902952135366e-07 0.0 4.6797461853695424e-05 3.507933659735344e-05 8.005056482669564e-05 1.2338864350551934e-05 6.771577142881746e-08 1.6872899791230831e-07 1.3236812697965379e-05 0.0 2.5411787254252217e-06 8.986671794982317e-06 0.0 4.157288615963889e-06 5.306896440420962e-06 2.772235208575725e-07 0.0 1.912501014551149e-06 0.0 1.717520459764059e-07 5.285339862028198e-07 0.0 0.0 2.1512426096329693e-07 9.781284848863621e-06 1.3892359943001892e-06 0.0 8.778940235203508e-08 8.502918979994257e-06 3.9123961323888614e-07 5.24364541018792e-06 6.708481755745255e-06 1.8902102485743608e-06 3.582619008818992e-06 3.339520836337837e-05 6.811371864197206e-06 4.607465255878481e-05 2.336070954228607e-06 1.854626680578516e-05 6.073537758474722e-06 6.450596293985171e-05 2.0910230147882534e-05 5.001104265835649e-05 3.6126853359108535e-05 1.313794656301658e-07 8.536828681157033e-08 0.0 0.0 0.0 0.0 0.0 0.0 0.0 0.0 0.0 0.0 0.0 0.0 0.0 0.0 0.0 0.0 0.0 2.7817831886942674e-06 1.5930430606515042e-06 0.0 6.19720327856481e-07 0.0 4.4999077350930776e-05 3.885961425294399e-06 1.3750128638037744e-05 7.517733689281071e-07 5.197859213487605e-07 0.0 0.0 0.0 0.0 0.0 0.0 0.0 5.254025534729053e-07 1.1495923953347117e-06 0.0 0.0 1.1133063173741879e-07 0.0 0.0 0.0 0.0 0.0 1.1105879738495994e-07 1.086465578739585e-06 0.0 9.393140783427519e-07 3.925348978988722e-07 1.7490402704773608e-05 0.0 1.8862642203825035e-07 0.0 0.0 7.9243636077249e-08 0.0 0.0 0.0 0.0 5.665232618786174e-05 0.0 0.0 0.0 1.368129158005243e-07 1.303203783658174e-05 1.6275216273994026e-06 1.0918802175665567e-05 2.0749038882366207e-06 1.489284008907583e-06 1.1937557669728135e-07 0.0 7.552740851033512e-07 0.0 0.0 0.0 0.0 0.0 2.123097757910076e-07 2.709835991564206e-07 0.0 1.4350552185887208e-05 9.403219706874458e-06 5.151935303460658e-06
6.232538541778471e-05 8.559416221320223e-05 1.017248003435403e-05 0.00032321520282531596 3.066475959746955e-05 0.0 8.36604488972281e-05 2.575277796692463e-06 1.8310863492683334e-05 0.0008885727154343279 5.570545970327237e-06 0.0001825615046656274 0.00016848562292829755 3.64148984386161e-05 4.000714015502657e-06 2.672332758312802e-06 8.0934263595774e-07 0.0 0.0 0.0 0.0 3.941965718537156e-07 0.0 1.2477674058814055e-07 0.0 0.0 2.8827765877082953e-07 0.0 1.0165310030432187e-07 0.0 1.4326822690744244e-05 8.374411622326154e-08 5.605821618483947e-05 0.0 0.0 3.417537021310837e-07 4.9996724572433256e-05 2.3979526006640274e-06 5.886674959380423e-07 1.265248074733055e-06 0.0 0.0 0.0 0.0 0.0 0.0 1.8298513187901948e-06 0.0 0.0 0.0 1.931889779037973e-06 4.581112644281698e-06 7.519745504668473e-08 9.870357381713019e-08 1.0980248220720825e-07 1.1199917668838747e-06 2.069069429400428e-05 2.510989508007666e-05 3.680375668645576e-06 6.372427968726244e-07 0.0 1.903931638101459e-06 1.2242272998833766e-07 2.7406773981744704e-06 3.4234550512806407e-07 6.081990448616451e-07 2.0289748880590623e-06 4.2158090937820266e-07 2.2833640059690354e-07 0.0 0.00015580651200447284 7.822369760552777e-05 8.266197292496883e-06 2.2224380384842528e-06 6.683761382181222e-07 2.327926668823153e-06 1.157346173524707e-06 4.952292132632903e-07 0.0 6.432933078496538e-06 0.0 3.7392026154195206e-07 4.53150436011413e-07 2.2930999408509144e-06 1.6221311007808932e-07 3.7543649745406783e-06 5.248788518675168e-07 4.235424274768724e-06 4.610839879122048e-06 6.588649785481526e-06 1.6041874567092004e-06 1.4458658048541987e-06 0.0 2.3213117769248666e-07 2.1322374343264844e-07 0.0004992146375960915 6.176110598854575e-05 1.3355094799876713e-06 6.0663218543418774e-06 0.00018627846128554696 6.760615547968563e-08 4.366835893395144e-07 2.4900293251717107e-07 1.8644868805075632e-07 0.0 1.0841704095192272e-06 0.0 4.135381286843729e-07 0.0 1.0699661855685173e-06 1.422243425012813e-07 4.431223569492009e-07 1.8311255129632973e-07 3.641021099381086e-07 4.1927908234239495e-07 0.0 1.4035071010528185e-07 0.0 0.0 0.0 0.0 0.0 0.0 0.0 0.0 0.0 0.0 0.0 0.0 0.0 0.0 0.0 0.0 0.0 0.0 0.0 0.0 1.6290346651483106e-07 0.0 1.6375156303785345e-06 3.8293685405461937e-07 6.087876046329867e-07 3.344016015618774e-07 1.6386913536205506e-07 0.0 0.0 0.0 0.0 0.0 0.0 0.0 0.0 0.0 0.0 0.0 0.0 0.0 0.0 0.0 0.0 0.0 0.0 0.0 0.0 2.457942081985513e-07 0.0 1.0129426626543379e-06 0.0 0.0 0.0 0.0 8.504096220126544e-08 1.3075501458487708e-07 0.0 0.0 0.0 1.5431783014388078e-06 0.0 2.7009887766691914e-07 0.0 0.0 1.205226821224588e-07 0.0 4.105071090128346e-07 1.4889471196377131e-07 4.88070221076244e-07 0.0 0.0 0.0 0.0 0.0 0.0 0.0 4.430935360340826e-07 1.0277692558929799e-07 0.0 0.0 6.19508159970225e-07 1.6810270057672936e-06 1.0910578466139477e-06
0.000446225939840336 0.0013611924384150343 0.00015214773689769103 0.002436870740415125 0.0007912096079201232 8.36604488972281e-05 0.0 6.151356076219017e-06 0.0005299270033031627 0.0019640958784912623 0.00020743104890775737 0.000316990541040274 0.003732284828542961 0.002608563251304527 1.4058478277558276e-05 6.766785737145072e-07 3.8010760173341897e-06 0.0 1.0087529736493758e-07 1.6980408595720665e-07 2.649295885421756e-07 0.0 3.131533898244609e-07 1.0868709184762128e-07 7.88394641557237e-08 8.190669878909091e-08 1.3676865306940017e-07 0.0 9.653305616535285e-08 0.0 5.508703926152125e-05 1.3312525844929088e-06 1.2441960032542907e-05 0.0 2.916148681380409e-07 3.0624401811563555e-07 3.895592034678285e-06 2.0242830829876503e-07 7.411975845826873e-08 2.7993396893657427e-07 0.0 3.360736271821157e-07 0.0 8.267189059472925e-08 9.567287148665245e-08 0.0 0.00011677092735430284 5.54638419953843e-06 1.3509865081576394e-06 0.0 1.2680968581271672e-06 8.274811591747103e-08 0.0 0.0 9.718356211760805e-06 2.207917231918137e-05 3.3274796134985445e-05 9.421272071993492e-05 2.1634240102695694e-05 4.279288250348578e-05 2.37068573010651e-07 6.663457329913946e-07 8.931464503813108e-08 2.733832458759895e-05 1.3533531482969692e-05 9.985957132922859e-06 2.610946068729505e-06 1.1032817798382115e-06 1.884475368824238e-07 1.5803684459998834e-07 1.055502579728564e-06 0.0 0.0 8.667071530118749e-05 3.614562771956805e-05 9.513368919097818e-05 8.427267746271464e-06 5.568738376605936e-07 7.383659502994864e-08 5.037466511362841e-06 7.192477381072374e-08 1.6391640965984376e-06 1.731022531076125e-05 9.511711843414942e-08 6.281081572935289e-06 1.0791129723287282e-05 8.180587191797181e-07 1.7844839932493293e-07 4.126053433525242e-06 0.0 5.628637136465034e-07 0.0 1.4506868312054626e-07 0.0 3.9534320126730217e-07 1.2611422069264594e-05 6.810395570771275e-07 0.0 8.947129093243491e-08 0.00012461789543143166 2.0575811727244448e-07 6.24846678197005e-06 3.657154858529021e-06 2.074548897832658e-06 2.6333253792090055e-06 2.6230237946763094e-05 9.209707273382562e-06 4.220151721503023e-05 1.508436119471919e-06 1.5656756437523656e-05 3.954369101784333e-06 6.122231385735865e-05 1.5794052581250712e-05 4.1971674980326496e-05 2.164199667983385e-05 6.710569593357119e-08 1.5076339383922638e-07 0.0 8.725109671104061e-08 0.0 0.0 0.0 0.0 0.0 0.0 1.731327144221409e-07 0.0 5.395041493246366e-07 0.0 0.0 0.0 1.7028030064629582e-07 0.0 0.0 1.6310758409306325e-06 1.2079791265894746e-06 0.0 0.0 0.0 2.6274619382484364e-05 9.444600936741154e-07 9.916269416837485e-06 2.1776040553701954e-06 6.276493862078556e-07 0.0 0.0 0.0 0.0 0.0 0.0 0.0 3.166207724947057e-07 5.402652601242365e-07 0.0 1.7445644553479377e-07 0.0 0.0 1.36347985759548e-07 1.0410157699102636e-07 0.0 2.3372577209395303e-07 1.3590097914167092e-07 2.799675626612432e-07 1.1880255394426385e-07 5.981484980523466e-07 1.4765777616990473e-06 9.316112727432646e-06 0.0 0.0 2.2047945482812617e-07 6.611821306184558e-08 0.0 0.0 0.0 0.0 0.0 3.9071844636348465e-05 0.0 0.0 7.926562146592324e-08 0.0 1.021541720013421e-05 0.0 5.984690537778302e-06 5.946019007065697e-07 1.1328088168971087e-06 1.5189413081250113e-07 0.0 0.0 0.0 8.668944746163278e-08 0.0 0.0 0.0 0.0 0.0 0.0 1.1413610315422448e-05 5.679335150794033e-06 4.296256207750447e-06
6.676563826073817e-05 0.00029404021419026467 0.003782584344875315 1.5959272275738676e-06 0.00013742329869770913 2.575277796692463e-06 6.151356076219017e-06 0.0 7.600327430196868e-05 2.973744116353893e-06 0.001650323074579415 9.73744701203224e-06 0.0001850612791476122 0.0006747430671676681 6.180823057751571e-05 1.2323079647530134e-05 6.061932043717317e-06 5.1549339479972e-07 2.836498423508646e-07 6.934730623377712e-07 6.115909847722035e-06 1.114544442562349e-06 2.7201695558249364e-06 5.803067877373924e-06 1.295295538437596e-05 5.345629725703948e-06 1.0618657884317358e-05 5.775214808062556e-06 1.5409952234278544e-06 2.788444482202426e-06 0.0011868944189753858 0.0004219653797321577 0.00024448068445631307 2.2503129979819776e-07 7.029203076141017e-06 1.2522280800341478e-05 3.728173887639663e-05 2.2957292752854775e-05 5.551799167765423e-06 3.03623788196099e-06 1.8988135735360257e-05 1.4835954964944976e-05 1.1241210024168037e-06 3.1145827256461135e-06 9.625185898224388e-07 9.391362086783199e-07 0.0001869459151925622 5.147547764998091e-06 1.6181287255103256e-06 2.220619064912521e-06 3.7282944226600066e-06 1.923873502669519e-06 1.0414064802240011e-06 3.810791534492233e-06 5.0684341372065245e-06 1.1541602812607111e-05 3.774158129914358e-05 0.00015715590935110797 1.5753068782981406e-05 4.583425262817611e-05 2.953793443667357e-05 0.0001429073978722433 6.8059904389203114e-06 0.00016362704603457652 9.136318916253803e-06 7.039322460573168e-06 3.020783473861818e-06 1.392820818550119e-06 6.811032715458985e-06 2.030611171555652e-05 2.078158287454084e-05 2.235928429106563e-06 0.0 7.632213557216583e-05 9.482869740068749e-05 0.00019178272269262836 9.759530398799374e-05 2.4595108130905452e-05 0.0005088694817519034 0.003191349328885533 6.914225351490769e-06 0.0006667746326107156 1.1827886179563901e-05 0.0 5.61629724681725e-06 6.763051000978143e-06 1.3321690210480002e-06 4.132795655350659e-07 2.632453148263647e-06 1.0513047921797368e-07 0.0 1.101485070915287e-06 1.2411956761754458e-05 7.958898039193096e-06 3.491365536837385e-06 1.287349048541766e-05 1.3880087983381525e-06 0.0 2.5517817566740995e-06 3.271933381766849e-05 0.0 0.0 2.814323836094122e-07 0.0 0.0 1.397881418361627e-06 3.4756025653314064e-07 3.4207863272042785e-06 0.0 1.218970678498772e-06 3.3635243034426393e-07 3.8111949130611068e-06 1.0987452878286488e-06 2.4437768465575013e-06 3.7403396293989733e-06 0.0 0.0 0.0 0.0 0.0 0.0 3.731739705698796e-07 1.1830106621311321e-07 0.0 3.5385333286193313e-07 0.0 0.0 0.0 0.0 0.0 3.6547238229070035e-07 0.0 1.6133528123642283e-07 0.0 6.020329938125657e-08 0.0 1.0411708227524437e-07 2.394059295515967e-07 0.0 5.991016668351961e-06 5.722038099831066e-07 2.6716189186375793e-06 3.3201402262469056e-07 8.66265948911822e-08 6.196446102794361e-07 8.470309552092942e-08 0.0 0.0 0.0 2.3730855901427397e-07 0.0 0.0 0.0 0.0 0.0 8.899660582725757e-08 5.526622203883484e-07 9.925306192241605e-07 0.0 0.0 0.0 0.0 0.0 0.0 8.609121005730894e-07 1.034850912063572e-07 2.329462009301795e-06 0.0 0.0 0.0 0.0 0.0 0.0 7.771006001490327e-08 0.0 2.4597607001352565e-07 7.65420852895616e-06 0.0 0.0 2.6663642012993384e-07 3.221004656044062e-07 2.229329201163025e-06 3.000639088575742e-07 3.0842214243263405e-06 0.0 2.979477136485402e-07 0.0 0.0 6.860122280275814e-08 0.0 0.0 0.0 0.0 0.0 0.0 1.2976381882274316e-07 0.0 1.3366271298156096e-06 1.9576406351874342e-06 1.3350730535207528e-06
2.6451710126937272e-05 0.0006686463546896925 0.00036820293631229206 0.00022646537635726555 0.002361898487042307 1.8310863492683334e-05 0.0005299270033031627 7.600327430196868e-05 0.0 0.0008692776324149813 0.0015844951939850947 0.00017391676548966607 0.0003098645910010524 0.0005048089360814822 7.537869684069507e-06 4.829338656067634e-07 1.4096067135774634e-06 0.0 0.0 0.0 8.390776900818216e-08 0.0 0.0 0.0 0.0 0.0 0.0 0.0 1.4765623135362201e-07 8.570735304111515e-08 1.3480911429039318e-05 1.0550501783126577e-07 1.740003474128733e-05 7.997798233180285e-08 1.3371716489945697e-07 0.0 6.236625441475196e-06 1.1867586885416762e-06 0.0 6.193478202259764e-08 0.0 0.0 0.0 0.0 0.0 0.0 4.142815204919846e-05 1.7162353236711892e-06 2.0037136066573388e-07 8.503782052476609e-08 1.9606318920240876e-07 1.0643021934644976e-07 0.0 0.0 1.143579778688403e-06 1.970163592546224e-06 3.799822247231743e-06 1.0110991738509974e-05 3.962722089711662e-06 1.1069251268571612e-05 3.250831669260667e-07 1.183506253665378e-06 0.0 5.325268425109351e-06 1.5849847302457085e-06 1.8962588961246834e-06 4.1355049229209156e-07 3.264824950261614e-07 0.0 9.050219240806369e-08 1.6731346066552322e-06 0.0 0.0 1.1937419144008397e-05 9.975843143288736e-06 2.5663231948519258e-05 6.217499435386499e-06 8.884806609300411e-07 1.1456908456658993e-07 6.067867901907902e-06 0.0 1.8597821533081662e-06 3.669292773285414e-06 0.0 1.0036214227235523e-06 1.4020246613289686e-06 8.891315147515665e-08 8.139680151983601e-08 8.526763320867025e-07 0.0 2.025491771619036e-07 0.0 9.377916409516315e-08 0.0 1.2218034488629692e-07 1.6685664992251725e-05 0.0 0.0 1.365710079794387e-06 7.532783652545407e-06 6.404844358060434e-07 6.44947930486132e-06 5.25831086398284e-06 2.354034946209101e-06 3.973153426753146e-06 3.249814517538509e-05 9.265667837027179e-06 5.0392432550902826e-05 2.312761567875232e-06 1.7992495161049167e-05 7.83647694033781e-06 7.651234709376102e-05 2.0891723293243418e-05 5.70708251189409e-05 3.84715097472445e-05 6.8997613521479e-08 0.0 0.0 0.0 0.0 0.0 0.0 0.0 0.0 0.0 0.0 0.0 2.672940396628703e-07 0.0 0.0 0.0 0.0 1.121416285517355e-07 0.0 9.381609243969606e-07 7.250699056894729e-07 0.0 1.119215125412772e-06 0.0 4.8754809570390334e-05 8.203134845362477e-07 1.1923945077410239e-05 6.633097501056694e-07 3.548358969472203e-07 0.0 1.3514465384526407e-07 0.0 0.0 0.0 7.506949043743246e-07 0.0 6.520462369074892e-07 4.980495121238088e-07 0.0 0.0 8.912570017068534e-08 0.0 0.0 0.0 0.0 0.0 6.70052936647911e-07 5.423460273772717e-07 0.0 2.342138388369713e-06 1.207681974767206e-06 1.6702464596412886e-05 0.0 0.0 2.7513495336126916e-07 0.0 0.0 0.0 7.907872662172864e-08 0.0 0.0 5.780585535137616e-05 1.2471987307009177e-07 0.0 1.0897230529919248e-07 0.0 1.2811811524717605e-05 1.0703512852923041e-07 7.438890734373682e-06 1.524735486225707e-06 1.1813855585601056e-06 3.4071632689781994e-07 2.2690485603234267e-07 9.481589829948459e-08 0.0 0.0 0.0 0.0 0.0 0.0 1.43651425250531e-07 0.0 1.7782548897049307e-05 1.118503090773503e-05 6.595528178356022e-06
0.000999765954499216 0.0011084273869039535 3.239611840598198e-05 0.0021281228344997996 0.001419814567765813 0.0008885727154343279 0.0019640958784912623 2.973744116353893e-06 0.0008692776324149813 0.0 2.821602344002025e-05 0.0011231428342731696 0.005925293751759738 0.00028596103067504496 7.842159712685792e-06 3.968840317462919e-07 2.0569524439216603e-06 0.0 0.0 0.0 9.182407024892299e-08 0.0 0.0 8.069717237730527e-08 1.876968094823249e-07 0.0 0.0 1.2293292555818947e-07 0.0 0.0 1.5750035668858864e-05 1.9557584218891586e-07 1.9034733861857606e-05 8.034132515247904e-08 9.827433195182225e-08 0.0 1.6508144072950793e-05 4.2075470558026487e-07 1.0478931853742929e-07 0.0 0.0 1.0853903320241564e-07 0.0 0.0 7.980736073719276e-08 0.0 5.878263320478285e-05 1.88483633158696e-06 9.040401596948219e-07 1.8672294054209647e-07 9.362351338242509e-07 5.273883976679118e-07 0.0 0.0 4.4224020782633615e-06 9.685245911769996e-06 3.1884084682464744e-05 5.6766211269159615e-05 1.361090480603844e-05 2.2533952955261244e-05 8.880799099451484e-08 1.0385250233942959e-06 8.726021709312056e-08 8.233987581048602e-06 6.1879145978268354e-06 4.406421118836077e-06 1.518291025517394e-06 4.220497617546873e-07 7.803205456475531e-07 1.872718009467645e-07 1.5765322121028333e-05 2.7366009935813004e-06 7.10866379889096e-08 4.527543743753719e-05 1.3101247757619539e-05 3.895415247146868e-05 4.137502832423044e-06 4.4335816039764593e-07 1.8638991013952304e-07 6.517598683344576e-06 9.082980262532304e-08 6.165674682581588e-07 9.163295768816096e-06 2.523481642663927e-07 2.3572919571434927e-06 4.550683577951857e-06 1.0578234218407193e-07 6.598725909980304e-08 2.068744666367164e-06 0.0 0.0 1.0079313776436376e-07 2.0401483589047256e-07 1.2031076176223e-07 0.0 9.017040226955714e-05 7.113998797170697e-06 0.0 7.988874602557891e-08 0.0005558420553033022 1.6490479695359198e-07 1.3735950480481743e-05 3.1074494266606926e-05 6.840781777017479e-06 5.6160956210010245e-06 7.737530634882201e-05 2.3745258831656578e-05 7.77076973662798e-05 1.7140404945207634e-05 4.103436594531291e-05 8.70122789667979e-06 0.00012670567190436712 3.9875956590379886e-05 7.56902402958512e-05 4.0803907510431456e-05 0.0 9.394320403617765e-08 0.0 0.0 0.0 0.0 0.0 0.0 0.0 0.0 0.0 8.153245212957455e-08 0.0 0.0 0.0 0.0 0.0 0.0 0.0 4.641917273238573e-06 1.6643766090259781e-06 0.0 0.0 0.0 4.3345989388514976e-05 3.8151941339615324e-06 1.4872626129935642e-05 1.5534371953479937e-06 4.4036073445077635e-07 0.0 0.0 0.0 0.0 0.0 9.364781409147702e-07 0.0 1.7477155314894992e-06 2.126283608285052e-07 0.0 0.0 0.0 0.0 0.0 2.2357671627264166e-07 6.515368664243947e-08 1.917408072063926e-07 5.563012211041334e-07 7.690516757322709e-07 6.462317235916338e-07 0.0 0.0 2.141465141787769e-05 1.0514833663413249e-06 1.9691498973028976e-07 0.0 0.0 0.0 0.0 0.0 0.0 0.0 6.380562783405088e-05 0.0 0.0 0.0 0.0 1.6086279968410164e-05 4.453688714381564e-07 8.647541151548982e-06 2.267749435836609e-06 1.4177226667730322e-06 4.6302612154953247e-07 1.8136583628408273e-07 1.634146331483281e-07 0.0 0.0 0.0 0.0 0.0 0.0 0.0 0.0 1.8912905194334607e-05 7.69059905655335e-06 3.791587170548868e-06
0.0001955910954281699 0.0013691839090451785 0.002516954464920081 9.037504101701315e-06 0.0013859448634706104 5.570545970327237e-06 0.00020743104890775737 0.001650323074579415 0.0015844951939850947 2.821602344002025e-05 0.0 0.000226477506852588 0.00032295779011351527 0.0008176948671916571 3.234164619095177e-05 6.56899618718604e-06 3.999804509676327e-06 6.788181061851334e-08 0.0 2.916337181970369e-07 1.0096873526680314e-07 0.0 1.806667656618185e-07 1.4449402923447756e-07 1.7350366327335608e-06 4.1038781416135625e-07 1.8979562646020164e-06 1.0473614106123243e-06 2.7283525885738825e-07 0.0 0.0004022687688516146 2.6643859739244673e-05 9.585203388432311e-05 0.0 6.014706337191822e-07 2.524962349705587e-06 2.1867885232079343e-05 2.470317437670223e-06 2.3816834955537727e-06 4.173583565330113e-07 6.585715243839213e-07 1.55850318361071e-06 0.0 1.6860902331627835e-06 8.63428919830592e-08 0.0 0.00010394583805112673 4.8690991045485544e-06 8.804882676498041e-07 9.884464334281852e-07 1.1095580878653651e-06 1.1477737200635766e-06 5.689852353979678e-07 8.503100911624265e-07 2.961434526430569e-06 8.080082834397909e-06 2.0328665709596205e-05 7.31739077379864e-05 1.0303775740984676e-05 2.644249821100184e-05 1.6521672988777845e-06 6.224614591983489e-05 0.0 3.419865308878954e-05 5.647503475057532e-06 4.019495268610003e-06 1.9927279699854103e-06 1.2145322956514858e-06 2.740295275109831e-07 1.0983581634688953e-06 1.4879771939775034e-05 6.540212026509403e-07 0.0 4.271080849614275e-05 4.339152026529162e-05 0.0001048240068602714 3.54234865227922e-05 8.830439802276866e-06 6.883089934734736e-05 0.00029309808446528133 2.344647705684544e-07 4.3532863599193814e-05 7.522280653545632e-06 6.516431756796757e-08 3.540192768493108e-06 3.0466191806640475e-06 1.1258396898665837e-06 1.8227755715101493e-07 1.770143166665699e-06 0.0 3.9065481713252256e-07 1.8063731006457919e-07 1.680705412336542e-06 9.326320878506254e-07 7.738675675051756e-07 1.0977596188784252e-05 9.394094774123721e-07 0.0 7.383988204865372e-07 5.0188948544097964e-05 7.254282726023198e-08 1.0389153909796872e-06 9.57568418353177e-07 4.5693145954543226e-07 8.586907702706983e-07 6.405261617127296e-06 5.498268224401695e-07 7.242775666254696e-06 7.98171050117977e-07 1.7087865800554056e-06 1.36618060138485e-06 1.5773492840944138e-05 5.229204234014125e-06 1.374893061206599e-05 1.0349595036357601e-05 0.0 0.0 0.0 0.0 0.0 0.0 0.0 0.0 0.0 0.0 2.1647879954610697e-07 0.0 8.679445561856556e-08 0.0 0.0 0.0 1.152078413468878e-07 0.0 0.0 0.0 5.73616282349929e-07 0.0 0.0 0.0 1.351801999156055e-05 1.0959058279148947e-06 3.5387928501386407e-06 6.056470769082771e-07 3.4215209209848595e-07 0.0 0.0 0.0 0.0 0.0 0.0 0.0 6.427640870485406e-07 3.156840070712756e-07 0.0 3.43818602331092e-07 0.0 0.0 0.0 0.0 0.0 0.0 0.0 6.955661805048829e-07 9.233427851241721e-08 0.0 6.793818181514347e-07 5.549447131027017e-06 0.0 0.0 0.0 7.611961008768751e-08 0.0 0.0 8.064635337987035e-08 9.351626606696915e-08 0.0 1.603207155900357e-05 0.0 0.0 1.168194008014507e-07 0.0 4.333245024795895e-06 0.0 3.40511188750737e-06 3.3089648069271315e-07 2.400036223986607e-07 0.0 0.0 7.390988812129102e-08 0.0 0.0 0.0 0.0 0.0 0.0 0.0 0.0 5.863769002370493e-06 3.47800255230406e-06 3.3289051419112795e-06
7.35674962462872e-05 0.00010097930544690537 4.2369997081169545e-06 0.00038322041006556547 0.0003536769246927141 0.0001825615046656274 0.000316990541040274 9.73744701203224e-06 0.00017391676548966607 0.0011231428342731696 0.000226477506852588 0.0 0.001963170762042522 0.001163766419294909 5.849737608708174e-06 1.5536426229101232e-06 8.188320476101487e-07 0.0 9.885243216180848e-08 0.0 0.0 4.1175203926269825e-06 0.0 0.0 1.8080322485657932e-06 0.0 0.0 7.235701137564323e-07 7.975347622511302e-07 0.0 7.4106802057449e-07 3.0658657509684637e-07 8.351784269822868e-05 1.0192363355843238e-07 9.997852326195684e-08 1.0957534724717293e-06 0.0006948077056226406 3.656212540271713e-05 8.935132598357316e-06 1.0178584876659357e-05 1.8084080184623998e-07 3.0083088792806557e-06 2.9568570656900906e-07 0.0 0.0 0.0 7.329561401340918e-06 8.770363141019229e-08 1.556273564359818e-07 2.876021158147939e-07 7.70668147626451e-07 5.440462252675005e-06 1.3495977665553244e-06 2.0049721686097995e-06 1.3511228505708896e-07 4.466793503881211e-07 1.266016382827908e-06 2.337051811018988e-06 2.545735565343587e-07 1.8814947111790076e-06 0.0 6.613794393268932e-06 0.0 2.1923333264523907e-06 1.4551879968081663e-07 2.485964440059038e-07 6.381979553839234e-07 2.5572029384390583e-07 1.1171726739193864e-07 0.0 6.083506421770168e-05 1.820303656012713e-05 1.2148771247946904e-06 1.9156588310168377e-06 1.42705005042675e-06 6.553419336212069e-06 2.6462543871483983e-06 8.135192758982925e-07 0.0 6.418206551779834e-05 0.0 8.608096438382833e-07 4.374481845439589e-07 4.1967931288794835e-07 0.0 7.1586961078368e-07 4.4508652674977246e-07 5.758027305229454e-07 1.5948793737387845e-06 1.4062372877457863e-06 1.12337318820764e-06 1.73425711615245e-06 1.9234769025056987e-06 2.624179673312447e-06 1.9943185722363346e-06 0.0005922541373082719 4.7619914762806335e-05 1.562601725916264e-07 9.393589814681368e-06 5.4645761735093394e-05 7.68884462380651e-07 5.673527276253165e-06 6.140191262437486e-06 1.658095549133784e-05 2.266248571290783e-06 2.769956176148297e-05 1.0833562469104912e-05 4.099287486466469e-05 1.872567957285897e-05 2.46852356260297e-05 6.205724419173298e-06 7.48428696905048e-05 6.933318415673334e-05 6.530660956123614e-05 3.760789472592236e-05 2.042939310063965e-07 8.550238245011224e-08 1.8605460122813495e-07 0.0 8.481443780543057e-08 0.0 0.0 0.0 6.76506593900158e-08 0.0 5.427922089083914e-07 2.5514023246616547e-07 5.159370566428189e-07 0.0 1.0158408497047552e-07 0.0 0.0 7.533752177462176e-07 0.0 2.8187936928277926e-06 1.2686059810842347e-06 0.0 1.1217529970762307e-06 1.2446615254536861e-07 6.603936718740045e-05 4.54315110072384e-06 1.7048405391699058e-05 2.6606142478488398e-06 1.0308136863977364e-06 0.0 2.8859554565799406e-07 1.180600393308117e-07 9.899778071435709e-08 0.0 2.168481528064698e-06 0.0 2.620611490427732e-07 0.0 0.0 0.0 0.0 6.720883685570375e-07 1.691376824237145e-07 0.0 1.7413051087833408e-07 2.847344696680428e-07 6.129251735421654e-07 7.347628598981121e-08 9.188648488871e-08 8.165450784827955e-07 8.808538318579044e-07 2.317287186510697e-05 2.476444144774617e-07 1.7121008456639393e-07 0.0 0.0 1.2761451859427352e-07 0.0 0.0 0.0 0.0 9.640188455177055e-05 2.818699842382548e-07 0.0 0.0 1.5400399189396678e-07 1.5718498999719062e-05 1.5030846448443189e-06 9.573558334807681e-06 1.1502460290639269e-06 7.00740877121298e-07 1.8952772777157564e-07 4.73495285645432e-07 1.0899077454891588e-07 0.0 1.5031618412307064e-07 0.0 0.0 2.7994058867109713e-07 6.761214687890863e-08 1.7376941483236648e-07 0.0 2.7301860474956643e-05 2.5463806289601217e-05 1.7297529605622744e-05
