0.0 0.0025530088145780715 0.0005281619252050021 0.0005661180271367065 6.486773479328759e-05 0.00013790702416312855 0.00011091947685131241 4.813930565650478e-05 2.2686954967475648e-06 0.00036338328538655515 4.277640318807602e-05 9.600339792436353e-05 7.813105067466717e-05 8.39651384748789e-06 2.0326787784078154e-06 1.896792906882167e-06 0.0 1.4207192911503635e-07 0.0 0.0 0.0 0.0 3.017245770243554e-07 0.0 0.0 0.0 0.0 0.0 0.0 0.0 0.0003893741109118311 2.8038058221705523e-07 1.8423880808463366e-06 9.304797614763515e-08 0.0 0.0 1.4195859709989583e-06 1.534612664025305e-07 8.025146330200418e-08 0.0 3.6661010892913674e-07 2.937451306185681e-07 6.065489739396638e-07 4.6373021842156134e-07 0.0 0.0 5.448432199371836e-06 2.183636735612012e-06 1.543243505479896e-07 2.1510988997060333e-06 8.014836701701565e-08 0.0 0.0 1.7391342683159875e-07 7.890969802955182e-07 1.4000232715705578e-06 5.239690749728987e-05 0.00013965983470680708 2.541128971446364e-05 4.257366644462464e-06 1.1372015514980303e-06 3.7092159740133063e-07 0.0 1.6081719901245597e-06 4.039540182216021e-07 8.2172071628722e-07 6.781214377986723e-08 4.6036069653461476e-07 2.1587140488377523e-06 9.003423218810759e-07 1.094941206762317e-06 0.0 0.0 4.391519557679742e-05 3.345950310079529e-06 2.5399677517022825e-06 5.810980056837317e-07 5.944452392171017e-07 1.1769038645004217e-06 4.5612136683144894e-06 2.0660935072014476e-06 2.5005301188447187e-06 2.1899895499455224e-06 0.0 8.460695527305643e-07 0.0 6.140593006936196e-07 0.0 0.0 3.025457009332778e-07 3.0686563107794633e-07 3.153413561265615e-07 1.4219746460609157e-07 8.927129055137688e-08 0.0 1.1373902867972105e-05 0.0 0.0 2.1679652965818072e-07 0.0004735931812651071 0.0 1.4763868942956751e-06 4.585935928747447e-07 0.0 9.066857883434048e-08 1.7728282465562713e-06 6.945149176185113e-07 7.787908363464533e-08 4.2858357129045615e-07 2.3132350121408214e-06 0.0 1.7573292873465448e-06 2.2105363002586252e-06 2.511300846058042e-07 2.835998477279938e-07 0.0 0.0 0.0 0.0 0.0 0.0 0.0 0.0 0.0 0.0 0.0 0.0 1.4647904852096964e-07 0.0 0.0 8.869022838908842e-08 0.0 0.0 0.0 0.0 0.0 0.0 0.0 0.0 1.904033251150053e-07 1.7988825381772412e-07 4.823402980358732e-07 1.6191825255646406e-07 0.0 0.0 0.0 0.0 0.0 0.0 0.0 0.0 0.0 0.0 0.0 0.0 0.0 0.0 0.0 0.0 0.0 0.0 0.0 0.0 2.7617894336782957e-07 0.0 1.355121562578802e-07 9.777649942219412e-08 0.0 0.0 0.0 0.0 0.0 0.0 0.0 0.0 0.0 4.563617387353783e-07 0.0 0.0 0.0 8.222650720078543e-08 2.6855271487811525e-07 0.0 0.0 5.356587158854811e-07 0.0 0.0 0.0 0.0 0.0 0.0 0.0 0.0 0.0 0.0 0.0 0.0 3.4376906846459473e-07 7.549530636093573e-08 0.0
0.0025530088145780715 0.0 0.0011267270784152356 0.0005424318823882716 0.001846622709514256 0.00015736090048132817 0.0012725230278244277 0.000272293785851127 0.0018450156734172397 0.001056378589256568 0.0007397112898712088 0.0002066961466749889 0.0006649039904647878 0.001718640059403889 5.356267945505797e-05 1.4353009636650921e-05 2.1794408575974205e-06 3.760424184111821e-07 0.0 6.838040049138592e-07 1.4682798896338622e-07 1.6874873070103898e-07 6.817611741154049e-07 5.23822989430378e-07 1.8670086150804448e-07 1.2783053637222872e-07 1.4143025952020817e-07 2.5335164691700344e-07 8.67425700309804e-08 0.0 0.0010875809221492859 2.2142808244312657e-05 2.335291871936448e-05 6.114297062326817e-07 7.01418177543725e-07 2.5825286037959705e-07 1.2322508448340881e-05 1.1404714994080558e-06 2.259995190846886e-06 8.950952210026604e-07 1.4002551020122739e-06 6.967990669749008e-07 7.421449751540584e-07 1.7181040448108254e-06 3.8882036497140884e-07 7.073324887959894e-07 0.00023503125246891943 1.3204050146147476e-05 2.3293739040645218e-06 3.545311026431834e-06 3.798011418545072e-07 3.626956217950455e-07 9.140572832979028e-08 1.4187601219110663e-07 1.783774868556746e-05 2.9238606488005952e-05 0.00013940940135415556 0.0003791328548410785 8.681429823156e-05 8.719876819545522e-05 1.6055162992984888e-06 2.687093410758646e-06 0.0 7.129157888011864e-05 8.45452394192536e-06 7.0844472769087735e-06 5.812065175847998e-07 2.01051247300281e-06 2.888203646200683e-06 1.3462875923689083e-06 1.1750683444564202e-05 1.0632882792873131e-06 0.0 0.0004658780153435483 0.00014458648731931523 0.00013793167951589038 7.774497997548536e-05 1.1655583964001922e-05 3.5969532140121023e-06 2.3195076829080103e-05 4.277202578983005e-06 1.0997501460022129e-05 3.0887395517816555e-05 6.731868514110944e-07 9.844622867783443e-06 4.892613696203064e-06 3.87202217184522e-06 3.05544862645286e-07 1.5490668408548717e-06 4.373367333883101e-07 5.699886190680788e-07 2.3682495588730336e-07 1.0817013415935518e-06 2.9530909473505584e-07 4.929978852618773e-07 3.367707879951989e-05 3.4112253078486445e-06 0.0 2.004359324450974e-06 0.001071361960627733 6.375836958934906e-07 5.243201284225731e-06 4.371135474349694e-06 1.869211756745318e-07 1.614450355919096e-06 9.725402920942924e-06 3.66721571370041e-06 6.54709563350338e-06 5.94747212675128e-06 1.1803592837760723e-05 1.9596266323060668e-06 2.0119279850496433e-05 2.0193856659739813e-05 5.054028490649567e-06 8.93926391347059e-06 4.991199048093362e-07 0.0 0.0 1.9578733751466715e-07 0.0 0.0 0.0 0.0 6.150866441427188e-07 0.0 0.0 0.0 5.090823675049063e-07 0.0 0.0 0.0 8.768313955988847e-08 2.823166865416549e-07 0.0 1.664524016025104e-07 4.905544337245342e-07 0.0 6.601235978973859e-07 0.0 2.5063842595816766e-06 1.4302830318090967e-06 2.4600666960215526e-06 3.1943092031135207e-06 2.4703560267481868e-06 0.0 0.0 0.0 0.0 0.0 6.628111027709036e-08 0.0 3.7289992627042306e-07 9.959121627243688e-08 0.0 0.0 0.0 4.0108363381864097e-07 0.0 0.0 0.0 0.0 0.0 0.0 7.400473409100179e-07 9.665436650958309e-08 9.468891860781936e-07 1.351127382280722e-05 3.026669157983572e-07 0.0 1.1500672429056332e-07 0.0 7.523721233884967e-08 0.0 0.0 0.0 0.0 6.8115236662998065e-06 3.0691412889086593e-07 0.0 0.0 9.713118885042003e-08 5.770913673110533e-06 4.397566129712034e-07 1.2689233374803747e-06 3.6073370159538936e-07 0.0 7.341453064926115e-07 0.0 3.3408711202697795e-07 0.0 0.0 0.0 0.0 7.989026760088966e-08 7.075844390066066e-08 7.10492581689007e-08 0.0 2.3390018769506204e-06 1.877872491969145e-06 5.396457226498711e-06
0.0005281619252050021 0.0011267270784152356 0.0 2.6509172194101547e-06 0.0003277916846630193 2.1388639927206995e-06 3.541714540066583e-05 0.0020052549062251654 0.00041791680668808466 2.1427431343294084e-05 0.0007944889100130337 6.750979500454335e-05 0.00020902679273639827 0.0005315765272627512 2.7454204460361167e-05 2.6460005067132553e-05 3.822589345257853e-06 1.7339029180341378e-06 2.228913740325233e-07 2.9168434575824056e-06 5.539328061472241e-07 3.047962508150065e-07 1.652430060696917e-06 1.179915254500928e-06 1.6671092714779009e-07 1.7184232047588448e-07 1.9593430892036386e-07 0.0 2.5460413219831807e-07 0.0 0.0018716613618357657 0.00020393067819323083 3.2030069160992095e-05 1.167514604850977e-06 2.0545087923940157e-06 1.4512960159626737e-06 1.189600118326062e-05 1.2425934589658585e-06 9.314383632807114e-07 1.1831932665006345e-06 3.188400366811774e-06 1.6771293640959746e-06 3.756518839875394e-06 4.699406910538383e-06 3.68680136476867e-07 5.798244404944101e-07 8.18533612739304e-05 1.7162898964923903e-05 3.3421765804171473e-06 1.4658190504088374e-05 1.5031758973060508e-06 1.037704854987109e-06 5.907554839681921e-07 6.609651058831654e-07 5.2602652108433704e-06 1.0645750765959623e-05 6.776105942231932e-05 0.0003027866230832194 3.8194327094050203e-05 2.867671314156286e-05 1.327059674028134e-05 8.690705162300545e-06 3.86407325031134e-07 8.690226566399387e-05 4.735976311214914e-06 6.200775154489466e-06 8.818281213263399e-07 6.456055157192724e-06 1.7155448803291217e-05 5.483751693118134e-06 6.35395747081456e-06 1.889385056098608e-06 2.57966625651249e-07 0.00021269833320790912 9.309679839587378e-05 5.2374778254333154e-05 5.441653105390942e-05 1.4620972367624725e-05 6.687762951386858e-05 0.00010154647632694109 2.4525052844731314e-05 7.497184012791163e-05 1.4394145885043491e-05 3.571409851246382e-07 8.18012913389845e-06 1.4336583199247173e-06 5.5601599623116674e-06 1.9804434406217984e-07 6.22961618783338e-07 1.0515823226446023e-07 2.1218839596059342e-06 3.1397244588761633e-07 1.6393782587299578e-06 1.8146664914861347e-06 9.088521480500639e-07 1.369103025168334e-05 8.688011373370523e-07 0.0 1.3202705088353056e-06 0.00017426304018049526 0.0 1.175452910914295e-06 2.818836260466878e-07 0.0 1.7541418898234527e-07 2.870542049171842e-06 0.0 1.9571494949894238e-07 3.1175988622904336e-07 1.7920488020325546e-06 2.8983784992180985e-07 4.006634203085512e-06 4.525908857144854e-06 9.511980368648668e-07 3.052685788417821e-06 6.880275921115189e-08 8.182020653786092e-07 8.954342525937438e-08 0.0 0.0 0.0 0.0 0.0 0.0 0.0 2.2845643198805572e-07 9.767197371662681e-08 4.143262014014059e-07 0.0 0.0 0.0 3.276741002079616e-07 0.0 1.617721226209948e-07 3.098420137593729e-07 2.3235746099254696e-07 0.0 4.893874547640294e-07 3.2886063256317597e-07 7.906418171464498e-07 9.566518535351317e-07 1.8986089183019902e-06 2.357197554054048e-06 1.2178893980235915e-06 0.0 0.0 0.0 7.485284923627928e-08 0.0 3.418827457344157e-07 0.0 5.437707046401796e-07 4.888398734075235e-07 0.0 0.0 1.309283011339722e-07 2.5609751530245425e-07 0.0 0.0 0.0 0.0 1.2481683232859656e-07 0.0 0.0 7.960643322030598e-08 1.9287779238188774e-07 5.057232900974566e-06 3.3360146503683205e-07 0.0 8.13053130632695e-08 8.064467802408311e-08 1.4611974073382704e-07 0.0 0.0 0.0 2.167596452132086e-07 2.5503959088343344e-06 3.393420828096366e-07 0.0 1.4019403726925194e-07 1.4973824071539512e-07 1.7647396355705852e-06 0.0 7.727780029550523e-07 4.772603962128539e-07 0.0 4.285202560498767e-07 0.0 2.5707763393205485e-07 2.530234681342384e-07 1.2505695340966968e-07 0.0 0.0 6.495814107614274e-08 3.1924584810468123e-07 7.072499545911753e-08 0.0 9.501172816324805e-07 1.0732926267028608e-06 2.3234505308251924e-06
0.0005661180271367065 0.0005424318823882716 2.6509172194101547e-06 0.0 5.4295288371766164e-05 0.00027409318709636514 0.0004582613902892326 7.574117533094745e-07 4.897015545631995e-06 0.0009615562695471059 1.546036706565644e-06 0.000664461252841049 0.0006071903979276722 7.467288950064453e-06 5.686153396567986e-07 7.706427075242913e-08 7.51867079430799e-08 0.0 0.0 0.0 0.0 0.0 0.0 0.0 0.0 1.7776590408277108e-07 0.0 0.0 0.0 0.0 3.562566508892128e-05 3.318750540141175e-07 1.6844403756808514e-07 0.0 0.0 0.0 1.7299731927372726e-07 0.0 1.6784689577279548e-07 1.9658744624406173e-07 8.707996722796846e-08 1.0919446287954304e-07 7.863577034268489e-08 1.369370188729142e-07 0.0 0.0 1.2116716984566298e-05 8.119470989292452e-07 3.310245379816717e-07 1.3818379725999355e-07 6.013944563624329e-08 0.0 0.0 0.0 1.240537660895437e-06 2.8811296055775667e-06 2.125334373751943e-05 4.48382548114964e-05 1.4236518709912168e-05 7.396329286898623e-06 3.215965545196421e-07 7.28668985887801e-08 0.0 3.065790441187915e-06 4.866732709690679e-07 4.133025636577318e-07 0.0 1.6771658116237135e-07 0.0 0.0 2.237585786850772e-06 0.0 0.0 4.935972073281025e-05 7.157627760705315e-06 6.015734235947223e-06 2.4176798502616384e-06 1.333419182365185e-07 2.6900658018505323e-07 1.242249065699095e-07 1.9261422340928298e-07 2.3367121717331133e-07 3.1603506310330466e-06 6.333907684187354e-08 7.580604405502384e-07 1.9525260476125045e-07 3.139530597081443e-07 0.0 7.730939210850796e-08 6.360223047340447e-08 0.0 0.0 0.0 0.0 8.127704290004943e-08 1.8157222280825635e-05 6.747615550610626e-07 0.0 7.222141540772859e-08 0.00030459770561276156 0.0 1.4893398181168627e-06 6.648635889008145e-07 3.2283761522440637e-07 0.0 1.8304676086300527e-06 4.137793266641296e-07 8.379926899638238e-07 8.508509214142179e-07 2.8692609916610718e-06 0.0 3.950292015913781e-06 2.602712583348303e-06 5.443409679345485e-07 9.842828284187195e-08 0.0 0.0 0.0 0.0 0.0 0.0 0.0 0.0 0.0 0.0 0.0 0.0 0.0 0.0 0.0 0.0 0.0 0.0 0.0 0.0 0.0 0.0 0.0 0.0 0.0 2.1110917263554505e-07 4.6525290195054223e-07 1.2097732234939152e-07 0.0 0.0 0.0 0.0 0.0 0.0 0.0 0.0 0.0 0.0 0.0 0.0 0.0 0.0 0.0 0.0 0.0 0.0 0.0 0.0 3.0984200297129303e-07 0.0 0.0 2.5455727956757407e-07 0.0 2.8778355139448597e-07 0.0 0.0 0.0 0.0 0.0 0.0 0.0 2.9363892197254584e-07 0.0 0.0 0.0 0.0 1.4008525566618792e-07 0.0 2.2850812307260787e-07 0.0 0.0 0.0 0.0 0.0 0.0 0.0 0.0 0.0 0.0 0.0 0.0 0.0 4.844413574952625e-07 1.3159029007717857e-07 0.0
6.486773479328759e-05 0.001846622709514256 0.0003277916846630193 5.4295288371766164e-05 0.0 3.1842834521475704e-05 0.002121024081327191 5.2997568731017916e-05 0.006665189111685816 0.0007669984853837167 0.0005083911967248228 0.00013694289696858242 0.0011138168539165405 0.00294676368243732 2.8499284704799594e-05 6.850220568019413e-06 1.3084089017766668e-06 3.0292599153570873e-07 0.0 2.958930319206216e-07 0.0 3.8473166653002545e-07 2.522393527332063e-07 9.854551690549052e-08 0.0 1.6661269089276934e-07 1.3881588703992406e-07 4.013676300204223e-07 3.8259290812563616e-07 2.1859357563364605e-07 3.582633001939774e-05 9.517214453708754e-06 1.7913942752041736e-05 0.0 1.8940595634574098e-07 1.2072565802289e-07 1.0440923017539252e-05 3.568858901887476e-07 1.934823660853789e-06 3.2701660450000857e-07 3.4603968417482534e-07 4.476146125681947e-07 6.88802014422815e-08 7.746050667626713e-07 7.072304821070647e-08 6.538194539860724e-08 9.633866091551688e-05 2.0606209246663014e-06 2.7306948432753984e-07 4.5751080948334913e-07 2.0021406964974906e-07 0.0 7.33316220980767e-08 4.569561673285882e-07 1.9566361064519704e-06 5.14294993455982e-06 4.258240910452675e-06 2.268514582806268e-05 4.490365127765047e-06 2.167880042702066e-05 5.239283188478933e-07 1.5355793622835854e-06 0.0 2.235904782316699e-05 1.6893780690354232e-06 1.4462612191014642e-06 0.0 3.5533247142030326e-07 3.7447865926821135e-07 2.610463473494605e-07 1.391950824364896e-05 2.587418937480046e-06 0.0 6.115050563854283e-05 3.67853646792794e-05 5.384976506083915e-05 2.92834760916721e-05 7.131328218271308e-06 3.9872689686704975e-07 3.0402133953399155e-05 9.356527158820287e-07 2.891925954480509e-06 3.896002951368672e-06 1.388897206583473e-07 1.071257131798698e-06 4.4164058389997746e-07 7.972492247701381e-07 0.0 2.1030618348883323e-07 0.0 1.4696662657740684e-07 0.0 0.0 3.0653782987797575e-07 1.8815012136563608e-07 4.178996779251072e-05 5.032488195941502e-06 0.0 1.6087447562534512e-06 1.5825509326866417e-05 5.415746291676017e-07 6.733847166622432e-06 7.700948375866499e-06 4.918301781059833e-07 2.7445077388810105e-06 1.8485785340388553e-05 5.52940599474163e-06 6.743906964768356e-06 1.3181199838722349e-05 2.653301770728593e-05 1.4595251093240325e-06 3.562859684131641e-05 3.589082039472607e-05 8.846502689879134e-06 1.6246548626709702e-05 8.876879473813733e-07 6.818526030920468e-08 0.0 0.0 0.0 0.0 0.0 0.0 0.0 0.0 0.0 0.0 7.051532804862409e-07 5.983874732925409e-07 0.0 0.0 4.5268207034111885e-07 7.37087571871545e-08 0.0 3.14673924597076e-07 8.976627246700806e-07 0.0 2.633950040292518e-06 2.6656503813784173e-07 5.388355723757617e-06 6.409046719605623e-06 4.694417946834372e-06 3.5894877818523995e-06 3.531857168911368e-06 0.0 0.0 0.0 0.0 0.0 4.570656771270415e-07 0.0 7.984061977865917e-07 1.3796764405590045e-06 0.0 1.0446751466464067e-07 0.0 7.762344066429883e-07 1.0776129883707233e-07 0.0 0.0 0.0 6.834793268630022e-07 0.0 3.2987859254043042e-06 9.266634135045623e-07 4.958030611162471e-07 2.2163843268513344e-05 3.8905320949262997e-07 0.0 2.3940660812143353e-07 2.436319969284264e-07 0.0 0.0 0.0 0.0 2.2948560941072753e-07 9.51536050600617e-06 0.0 0.0 0.0 5.127312413252632e-07 1.0412751932044442e-05 2.3582912981345612e-07 4.2705463337218816e-06 7.939794063170704e-07 5.960247058043192e-07 6.509426668577264e-07 3.428853467224023e-07 4.420781430242376e-07 1.6162604123188478e-07 0.0 0.0 0.0 0.0 0.0 0.0 0.0 4.075152043714055e-06 2.3467877258696436e-06 7.111692855731147e-06
0.00013790702416312855 0.00015736090048132817 2.1388639927206995e-06 0.00027409318709636514 3.1842834521475704e-05 0.0 0.00010501312575097308 3.980143927399938e-07 1.0066620603131383e-05 0.000625899732499202 3.3772162799187596e-06 0.00013223818319659737 0.00015643245557825933 2.7994277965977347e-05 1.3220391012501937e-06 2.562346878952325e-06 0.0 0.0 0.0 0.0 0.0 3.5772394491017055e-06 0.0 0.0 1.5941049327519617e-07 0.0 0.0 0.0 6.727123808716626e-07 0.0 5.138991491394422e-06 0.0 1.2535967059792001e-05 0.0 0.0 1.2674306556014287e-07 1.9757349141320307e-05 6.69942327768827e-06 5.69154193996118e-06 7.818447745338474e-07 9.897517376126809e-08 2.967868405174643e-07 0.0 0.0 0.0 2.1463546150468282e-07 1.069392557837476e-06 6.914499486194807e-08 0.0 0.0 0.0 1.9204636467002956e-05 4.4489857861754075e-07 2.4910315327941777e-06 0.0 1.4830274105363914e-07 1.8276615006855846e-05 3.2925073870004905e-06 1.7535032462850191e-06 1.4255973372115015e-07 1.0277292146520148e-06 1.203083293532301e-05 0.0 1.2431075271523426e-07 0.0 0.0 0.0 0.0 0.0 0.0 6.356280452943141e-05 0.0002467382409698909 1.39388771837694e-06 4.45328861181949e-07 1.8546257873383888e-07 1.0820082301007528e-06 4.6608588195920854e-07 4.4868500045585434e-07 3.7108162777767343e-07 1.4642536164164713e-06 8.331064018096886e-07 3.812639116244821e-06 0.0 0.0 0.0 3.4830004042112837e-07 1.1801191653920194e-07 4.689391996198632e-07 4.749426581698833e-07 2.942609195037862e-06 5.399072882760496e-07 4.235865618365015e-06 0.0 0.0 1.6689325270933368e-06 0.00046677837170611526 0.0001782729347193117 3.4160107975787976e-06 3.2374032787082564e-05 0.00015678908017036628 0.0 1.1941054146525767e-06 7.615914438102657e-07 0.0 2.085665678563948e-07 1.5235812374686143e-06 1.768857003334143e-06 6.939946408920798e-07 1.7222770736723165e-06 2.357792856481726e-06 3.9982794447761393e-07 1.5452197630376594e-06 3.4743866402870793e-06 4.163137594728012e-07 1.211906091606712e-06 0.0 0.0 0.0 0.0 0.0 0.0 0.0 0.0 2.465330194781325e-07 0.0 0.0 0.0 0.0 0.0 9.281325989456175e-08 0.0 1.072858681585347e-07 0.0 9.464736292427665e-08 0.0 0.0 0.0 0.0 0.0 2.196597238059287e-07 0.0 1.1601569024565537e-07 4.08973361158441e-07 3.2014111309230226e-07 0.0 0.0 0.0 0.0 0.0 0.0 0.0 0.0 0.0 0.0 0.0 2.773857195548631e-07 3.128980232580966e-07 0.0 0.0 0.0 0.0 1.4750357088719067e-07 0.0 0.0 0.0 0.0 1.2360335242875054e-06 4.1097362758788757e-07 0.0 0.0 0.0 0.0 0.0 0.0 0.0 0.0 3.91919025143779e-07 5.596670589529231e-07 0.0 0.0 0.0 8.982468668291631e-08 0.0 4.060236034580589e-07 0.0 0.0 0.0 0.0 0.0 0.0 0.0 0.0 0.0 0.0 8.902154650308674e-08 0.0 0.0 2.464538026078692e-07 1.8987901364671383e-07 1.9016325258029152e-07
0.00011091947685131241 0.0012725230278244277 3.541714540066583e-05 0.0004582613902892326 0.002121024081327191 0.00010501312575097308 0.0 5.331544362993656e-06 0.0016589091043514436 0.00190596467699728 3.766179085841737e-05 0.00037538574568808176 0.0028819679337822074 0.0017382143217066297 2.977398575486531e-05 5.468684640078831e-06 4.5822298457396997e-07 7.063570791632389e-08 0.0 7.42002297404138e-08 0.0 0.0 6.767984955679244e-08 0.0 0.0 8.037665896854443e-08 0.0 1.0099952457895684e-07 8.102203426879757e-08 7.012278326630325e-08 5.924626427454459e-05 6.887025990306678e-06 3.512640583448466e-06 0.0 1.4115068643116112e-07 7.391684845918334e-08 4.9851693043868134e-06 2.322446500416627e-07 1.3648586083461201e-06 6.566008798826749e-07 0.0 0.0 5.735192447453123e-08 6.306358919866185e-07 4.5859660274901996e-07 1.6726168019976879e-07 0.00011203707836583772 4.336223818567698e-06 7.95794489962028e-07 3.563228495138315e-07 1.6890785487867523e-07 0.0 6.274569469240809e-08 2.038838831330749e-07 6.0305468359413855e-06 1.0806390728147792e-05 2.2445638087086793e-05 7.8561843801136e-05 1.637433879948121e-05 3.8628331966738275e-05 1.0392408564006518e-06 7.128680467472e-07 8.337402446525934e-08 2.5349871368932596e-05 2.5587332443947657e-06 2.2852529122286483e-06 1.3299213632387442e-07 8.343089059171062e-07 2.1550081114690825e-07 6.294043571563526e-08 1.2981096443983675e-05 1.5357846810190953e-07 0.0 0.0001475282250640517 5.3447022846049784e-05 6.820598838556373e-05 2.9678618050273967e-05 3.669331601375539e-06 7.860165573721168e-07 2.1109317499195066e-06 1.2694262777625044e-06 1.7371575414767507e-06 1.1965046922394003e-05 1.9970809791718518e-07 1.7968024669271804e-06 1.3552688684149734e-06 1.3635432824997389e-06 2.2032370314986542e-07 3.736721532074718e-07 2.423976518033623e-07 1.1156843378867826e-07 2.738447211388638e-07 0.0 0.0 1.3529652951208323e-07 6.288280087916098e-05 4.208462083174648e-06 0.0 2.832220351475021e-06 9.293991437919839e-05 1.9934043476220678e-07 7.816525449756074e-06 1.0261289810111057e-05 5.908004217147646e-07 2.4771178549467013e-06 2.9508960078627875e-05 6.6199981651198706e-06 5.867784615716939e-06 2.019811329622006e-05 3.396543640621882e-05 1.6209943835737264e-06 3.6086754131878194e-05 4.9627943915001585e-05 9.429975243634266e-06 1.3765088634355985e-05 1.5726232766518666e-07 0.0 0.0 0.0 0.0 0.0 0.0 0.0 0.0 0.0 0.0 0.0 6.69702204530138e-07 0.0 5.043383741238571e-07 1.0792387520025731e-07 3.5628004780706726e-07 0.0 2.1009371225638948e-07 9.682067878481657e-07 3.3941180616964083e-07 0.0 6.176133418981453e-07 0.0 4.008489110927197e-06 3.940396617316535e-06 4.05962070408269e-06 2.5881792597709917e-06 2.0854321597877367e-06 0.0 0.0 0.0 0.0 0.0 6.714025785221594e-07 0.0 1.7290037219424738e-07 1.0320963588281013e-06 0.0 0.0 0.0 5.28408522100701e-07 0.0 0.0 1.7589560704519387e-07 0.0 1.0433066733246952e-06 5.938475795939799e-07 5.021885735803479e-06 4.1180331723220274e-07 8.42668179037891e-07 2.2249157345740424e-05 5.373864052956567e-07 0.0 1.8267769525764764e-07 0.0 0.0 0.0 0.0 0.0 0.0 1.0598380345141581e-05 4.97006795064766e-07 0.0 9.895891828256555e-07 0.0 9.151859117133861e-06 1.3154640201077444e-06 3.840741460094887e-06 1.838020850365611e-06 5.655999203084719e-07 1.1389444467067398e-06 3.751565714172611e-07 6.943389100959258e-07 0.0 0.0 0.0 0.0 0.0 0.0 0.0 0.0 8.107510903246992e-06 2.6836962605992307e-06 4.954221852604849e-06
4.813930565650478e-05 0.000272293785851127 0.0020052549062251654 7.574117533094745e-07 5.2997568731017916e-05 3.980143927399938e-07 5.331544362993656e-06 0.0 5.061801679217493e-05 5.874642344551189e-06 0.0009400602731060002 4.6998109289830176e-05 0.00015071231323577204 0.0005282648357893783 0.00017141162710678995 0.00013199833422865612 8.06665210269174e-06 6.878274511149279e-06 5.601904857986677e-07 9.937220379566306e-06 6.098948553678535e-06 4.040382321304472e-06 2.214037209630536e-05 7.010741478352515e-06 2.659522930032759e-06 4.867542570844249e-07 2.6296377481083765e-06 4.003597644494739e-07 1.461690854110141e-07 1.0879196123893408e-06 0.0012097052166522646 0.002875698522849103 0.00014037427703107508 6.524894865577327e-06 2.572352510688778e-05 6.549051080855132e-06 2.3319179792589543e-05 1.2457272478232075e-05 4.553384537619149e-06 4.250809703476265e-06 2.133421207940879e-05 1.0114982065509862e-05 2.2622371453260018e-05 1.7078287590853345e-05 4.110610924845923e-06 3.6917038080723654e-06 0.000309071112218843 3.0084344773865895e-05 6.934557628189847e-06 3.6520393267083553e-05 5.676886926843277e-06 1.8895197129111682e-06 4.962360730648549e-07 2.125971304143298e-06 5.0727616191025305e-06 1.1055605971734366e-05 2.3305053557204984e-05 0.0001611825621488126 1.471642138197381e-05 5.7865006204388365e-05 0.00010266187583794393 9.838426915367225e-05 2.5287163831678585e-06 0.000257924787519594 4.892054442144171e-06 1.1748179954665525e-05 2.0666221446897547e-06 2.2838939499478252e-05 5.3618417148358005e-05 3.174297287501188e-05 1.1844278052717312e-05 2.6631693549589927e-06 0.0 0.00019943274486605757 0.00018792622690515194 0.00021561836449453776 0.00023292003153373175 0.00016147017860363843 0.0010375017994505044 0.0008716252647353392 0.0003017682665685142 0.001685511698031987 1.578979149945416e-05 4.5722722862264167e-07 1.6103693992735076e-05 3.486914912921534e-06 1.4182300086134374e-05 1.4835105546920142e-07 2.0914880969521377e-06 4.004560642441634e-07 7.490675657001332e-06 2.1665079025120166e-06 1.1432722435192272e-05 7.426947694154411e-06 4.113133248034974e-06 1.3941337448529175e-05 3.320507583916595e-06 0.0 2.987288367518684e-06 5.9664934895031904e-05 4.5641213525034965e-07 5.360227380635136e-07 6.900912600861836e-07 1.2535470441324666e-07 6.882725138881206e-07 2.123611961870425e-06 1.615505786134058e-07 6.040420453405436e-07 1.568251871184243e-06 1.3518365329331598e-06 7.860841123280735e-07 6.636469907064907e-06 5.813472847657806e-06 2.6825702817361564e-06 5.994456587830938e-06 1.3869494942849656e-06 6.38010736639907e-07 0.0 8.967808207193408e-08 0.0 0.0 1.5463962678726626e-07 0.0 0.0 0.0 3.6277610087065e-07 0.0 7.59083474161441e-07 0.0 5.297285785200919e-07 2.5689570914767726e-07 7.187531007269389e-07 3.140215100747275e-07 3.2863384015474493e-07 1.0601207641953663e-07 6.232737556913812e-07 0.0 1.1636252485488726e-06 1.276699919438816e-06 3.424050635655527e-06 2.8632771835984793e-06 5.370450504915795e-06 4.561001909095315e-06 4.765554690936734e-06 2.0363057362439774e-07 1.1568596337343334e-07 1.589313622852736e-07 2.1625767585826525e-07 7.266672037331367e-08 1.810141086178798e-07 0.0 3.9934950392480104e-07 1.5959406971459728e-06 0.0 0.0 2.14122283334786e-07 2.8245028342537034e-06 3.158412433820958e-07 3.943273884514434e-07 0.0 7.187340274017823e-08 5.343556614799177e-07 0.0 0.0 1.7369099820146283e-07 2.813975691095081e-07 1.8094944044420765e-05 1.9292179156551413e-07 1.4271084235546545e-07 2.484831375184439e-07 0.0 1.0348467258428457e-06 5.49283925872082e-07 1.5083348973304549e-07 7.5364759806795e-08 0.0 4.5886563318704355e-06 5.454855400532261e-07 1.6976207122250605e-07 1.078481364069344e-06 1.5908159384869797e-06 3.554236673744206e-06 2.909359146282983e-07 3.2772250362518258e-06 6.253711903559444e-07 3.1696450904308994e-07 4.4801394413154275e-07 2.3251000444148095e-07 5.59963666420037e-07 1.240925044660363e-07 0.0 0.0 0.0 5.766663433961629e-07 1.2709418303707108e-06 4.839856528207118e-07 0.0 1.7654143328718431e-06 1.7694364364963755e-06 7.86733431750316e-06
2.2686954967475648e-06 0.0018450156734172397 0.00041791680668808466 4.897015545631995e-06 0.006665189111685816 1.0066620603131383e-05 0.0016589091043514436 5.061801679217493e-05 0.0 0.00015652293986971982 0.0009839973122951582 4.069207042532263e-05 0.001361573769347425 0.002180199734080694 1.2940679652635617e-05 5.4379307642074725e-06 2.394561200138581e-07 0.0 0.0 0.0 0.0 0.0 0.0 0.0 0.0 0.0 0.0 0.0 0.0 0.0 8.881588378965099e-06 3.1992547178259757e-06 1.1522282323061482e-05 0.0 0.0 0.0 8.660014785067129e-06 2.706739804110444e-07 3.911656773464498e-07 0.0 0.0 0.0 0.0 2.9352970345224824e-07 0.0 7.77646760479448e-08 3.3874400595752684e-05 3.694613822486618e-07 2.1939822075061325e-07 6.166566765541164e-08 9.498860067768766e-08 0.0 0.0 7.515301676974036e-08 5.051517953437739e-07 9.576344210588556e-07 1.3905446974081196e-06 4.278015973232722e-06 4.2587974405214083e-07 7.923861935585216e-06 9.92409381081202e-08 9.665178869790537e-07 0.0 8.189143893447314e-06 3.232791929084069e-07 2.957397980345778e-07 0.0 0.0 1.1141298834626739e-07 1.7333991632519803e-07 9.103427747998016e-06 6.893537923423785e-07 0.0 1.2526932005167937e-05 1.00888667672974e-05 1.739312611997262e-05 1.043854147339807e-05 3.555395491522312e-06 4.107934666545638e-07 1.699058233572979e-05 6.923223266957216e-08 1.652438507763431e-07 4.1220462840820133e-07 0.0 3.263533695335807e-07 7.720180258826614e-08 1.5173377117779205e-07 0.0 0.0 0.0 9.147322934534757e-08 0.0 0.0 2.0496426078266614e-07 3.5835736809676925e-07 3.830727458426691e-05 1.919146768449225e-06 0.0 1.7631743175500783e-06 3.4325745888150665e-06 0.0 6.2029329619458325e-06 3.418798707111384e-06 1.9103335437168637e-07 2.6483473639413294e-06 1.2411004232378938e-05 3.3574784953486003e-06 3.3190052359181112e-06 6.2670063186539185e-06 1.2107506828618358e-05 6.021438611165806e-07 1.674418959904785e-05 2.3035471627145915e-05 4.996698261003593e-06 9.867463533362209e-06 0.0 0.0 0.0 0.0 0.0 0.0 0.0 0.0 0.0 0.0 0.0 0.0 9.576999208856022e-08 0.0 0.0 0.0 3.653057006195534e-07 0.0 0.0 2.1383616188127625e-07 0.0 0.0 0.0 0.0 2.3179543062130776e-06 5.87613061949952e-07 2.144672494485896e-06 2.1759973672410527e-06 2.417033223544124e-06 0.0 0.0 0.0 0.0 0.0 0.0 0.0 0.0 1.5803543059431846e-06 0.0 0.0 0.0 1.8667977728480566e-06 0.0 0.0 0.0 0.0 7.809595424604772e-07 0.0 3.4944666011735956e-06 5.37634660588929e-07 1.300636904752158e-07 1.4122856115641154e-05 0.0 0.0 0.0 0.0 0.0 1.1758611102792716e-07 0.0 0.0 0.0 5.395450553010585e-06 5.147455484406211e-07 0.0 0.0 0.0 5.250193508051343e-06 0.0 2.30597275728278e-06 7.92436732476147e-08 3.376970948195125e-07 3.8929748398444133e-07 8.146651394627493e-08 8.25597186227956e-08 0.0 0.0 0.0 0.0 0.0 0.0 0.0 0.0 2.8541195655993542e-06 5.667210715058175e-07 3.6927516165089205e-06
0.00036338328538655515 0.001056378589256568 2.1427431343294084e-05 0.0009615562695471059 0.0007669984853837167 0.000625899732499202 0.00190596467699728 5.874642344551189e-06 0.00015652293986971982 0.0 2.2398656608911212e-05 0.00205687537908905 0.0038085924862174456 0.0001720319577178739 4.2736148627872595e-06 2.08165468666165e-06 8.239361455750309e-08 0.0 0.0 0.0 0.0 1.3272603754654724e-07 0.0 0.0 0.0 0.0 4.667678072739587e-07 0.0 0.0 0.0 1.8707605733189026e-05 2.76267028039721e-07 1.1114864144522538e-05 2.9239666379091925e-07 6.981618064321776e-08 0.0 1.6262939112837385e-05 4.970617765136692e-07 6.845391154622193e-07 9.260908577432275e-07 5.473749158099999e-07 0.0 0.0 1.7903547768255188e-07 0.0 6.58491987126263e-08 2.0811067708746695e-05 8.584244717100752e-07 0.0 0.0 0.0 3.7848563800480866e-07 0.0 0.0 1.2310133830327583e-06 2.776828502438494e-06 1.4179196689994948e-05 3.0767491409831743e-05 9.429808961565658e-06 6.1607856169524e-06 9.924114308163718e-08 5.478543380780782e-07 0.0 3.949490413035329e-06 7.556402750832287e-07 2.788249842564832e-07 7.029043542105282e-08 3.180314231690412e-07 5.666763117625624e-08 0.0 3.3850577845416776e-05 2.2469585623142218e-06 2.4509788121705106e-07 4.0933593676284784e-05 9.440888724114074e-06 1.1295519231237392e-05 3.920059625033795e-06 1.3125042726454308e-06 8.537321748076178e-08 2.524555598776986e-06 2.0474130893065807e-07 2.925357329281334e-07 2.67749353542649e-06 5.241549871934062e-08 4.705921060605897e-07 6.476067606275605e-08 3.2547687580488085e-07 2.98602506718733e-07 6.03105284003819e-08 3.7830316842239923e-07 1.1325002573369863e-07 2.0257419405841003e-07 0.0 1.0436290265443468e-07 2.3747268838300146e-07 0.0002814919482160391 1.3700323535180495e-05 0.0 3.113189871152648e-06 0.000452034474622091 2.9692621387852993e-06 3.124695479128231e-05 0.00016651908078214552 1.9855450696376154e-05 5.907212080809253e-06 0.0002537012325782931 3.701605844575138e-05 2.237170376193827e-05 0.0001502798523584647 8.786405679694341e-05 2.4016791428526057e-06 8.847237446039069e-05 0.00016809158019006465 2.033252774377809e-05 2.3569949129199545e-05 1.5689804010039013e-06 1.1261091884723644e-06 0.0 0.0 0.0 0.0 0.0 0.0 0.0 0.0 0.0 0.0 0.0 0.0 0.0 0.0 0.0 0.0 4.0012314949434876e-07 1.5691768573318226e-06 2.2882728463883885e-06 0.0 1.4356633492914132e-06 0.0 6.693086429712922e-06 3.4833030530031075e-06 3.0846214175250255e-06 1.8862038185691048e-06 2.4233497845353336e-06 0.0 0.0 0.0 3.1044835778676576e-07 7.800492658597595e-08 1.748755293678669e-07 0.0 8.560101965346582e-07 1.746824119506556e-06 0.0 0.0 0.0 9.729332290233154e-07 0.0 1.3324907602141767e-07 7.478325964846504e-07 5.651858306519031e-08 1.7987543326364256e-06 1.3007093574963612e-06 8.623436430284324e-06 7.437989226444896e-07 6.234618188931876e-07 2.068108188663176e-05 1.0368282048312517e-06 0.0 5.577038657598459e-08 0.0 7.953602481723184e-08 0.0 0.0 0.0 0.0 1.7889516710705013e-05 0.0 0.0 1.06335114682258e-07 0.0 1.2620164301053671e-05 7.511188236071537e-07 3.3088503732126392e-06 4.339450641128565e-06 2.0673319032504912e-06 1.8532392385889053e-06 4.4117750557285636e-07 2.681931427830166e-07 3.7407495313848833e-07 0.0 1.1029192345356051e-07 0.0 0.0 0.0 0.0 0.0 1.7509408103181038e-05 2.3485426821516143e-06 4.8819079348065354e-06
4.277640318807602e-05 0.0007397112898712088 0.0007944889100130337 1.546036706565644e-06 0.0005083911967248228 3.3772162799187596e-06 3.766179085841737e-05 0.0009400602731060002 0.0009839973122951582 2.2398656608911212e-05 0.0 0.00020748931451563575 0.0007580046847653279 0.0033692098457989254 0.00011294245412528197 8.798681814405592e-05 3.7498197605432672e-06 6.586527942443543e-07 7.787742227034998e-08 1.2652953709587478e-06 2.4856898042734477e-06 8.116336944218203e-06 6.748095528464816e-06 2.765431645859351e-06 3.0966228327043472e-06 1.1430313651149496e-07 1.7397677012118579e-06 9.964659094685033e-07 7.957341522314845e-07 1.6235009022258123e-06 0.0003038503619320552 0.00015322090190461802 0.00030794105787811967 9.647221247850897e-07 8.246166857003297e-06 3.1104853966295425e-06 7.644736561560822e-05 1.3687791702479689e-05 4.03271419191266e-06 4.7673228949807484e-06 1.2926707616670252e-05 1.0025273544870659e-05 1.7719186711807424e-06 8.484529847857189e-06 1.3952673843314851e-06 6.107306224769464e-07 0.00017861430177864762 7.121051207531851e-06 1.6620828461666467e-06 8.87555695771214e-06 2.299973026014345e-06 2.01152969723302e-06 2.5880947783177667e-06 1.613572594591015e-06 2.4662912994202074e-06 4.728025048667707e-06 7.704318356246843e-06 5.866053962821231e-05 6.842693287797989e-06 3.2539693046952646e-05 3.750992511126487e-06 3.790497596453248e-05 8.269318119491708e-07 6.639881986848014e-05 1.3399877475074104e-06 3.258583544446041e-06 3.456795187353355e-07 3.2034298260898555e-06 1.1390192534099643e-05 6.645030539695901e-06 3.8353207768542344e-05 8.082561942104284e-06 0.0 9.24382894121277e-05 7.088619452972552e-05 0.00011183725529935373 8.187015551473416e-05 5.276204507107916e-05 1.4148208410724834e-05 0.000788865028692877 5.125462300712435e-06 0.00017878452971152185 5.844554770157952e-06 0.0 3.955655369140549e-06 1.0077023688765885e-06 3.405412070116399e-06 1.1005185631288664e-07 1.899556564811273e-06 2.85908588512378e-07 2.3168353773601786e-06 3.6254918547810878e-06 5.939959011278686e-06 3.540345510619356e-06 6.378592628290891e-06 4.097742582807103e-05 7.337382803313178e-06 1.2156042885280963e-07 4.841282350961259e-06 2.370067341695567e-05 6.878755826725369e-07 1.4176894805035305e-06 1.8254285612653865e-06 0.0 2.1676940626784762e-06 6.380158145890876e-06 1.0847287303164608e-06 3.230156174629542e-06 2.4561127029390883e-06 7.597820039492766e-06 1.7984670298881733e-06 1.588360553175718e-05 1.7483268467060454e-05 3.8121129815910366e-06 1.738200663032019e-05 1.1240552081933955e-06 3.2138578240977304e-07 0.0 0.0 0.0 0.0 9.987418760663346e-08 1.0124671185232491e-07 0.0 0.0 5.788339814902832e-07 5.254560835624787e-07 1.8942917822699999e-06 0.0 6.765674904143158e-07 2.0949389501729954e-07 6.664158317685562e-07 7.763374921398972e-07 1.7988985045354042e-07 5.011341418021753e-07 9.337823379338525e-07 0.0 1.6856080342903857e-06 2.0290343546703924e-07 5.410291196618291e-06 7.201700470489866e-06 8.815796723870339e-06 6.773786774228979e-06 6.246532226058536e-06 5.977752605497151e-07 2.1215856691983652e-07 0.0 1.5939671689724086e-07 3.8525914969378984e-07 5.748704787154401e-07 0.0 6.28243559765596e-07 2.3017496933069928e-06 0.0 0.0 8.289469389585965e-08 4.5765483088861375e-06 1.1333978579438926e-06 2.7421165070441316e-07 2.1619622695549812e-07 0.0 1.8878262109260045e-07 7.558822948663538e-08 6.575296472522384e-07 9.643214285296415e-08 3.7227889966636826e-07 3.001313100017646e-05 9.401603640099484e-07 0.0 2.1266774271211283e-07 0.0 1.2392078520518712e-07 7.416496188920567e-07 9.184254847058145e-08 8.539150327609016e-08 3.453092610471557e-07 1.1211356053337814e-05 1.7771769539039125e-06 7.749466335525175e-07 5.741484379258057e-07 5.623383385543619e-07 1.2081912977638988e-05 0.0 6.449020374392144e-06 1.0456080674267089e-06 1.908735381387284e-06 1.4466562462209561e-06 7.73159582733024e-07 6.558048544414997e-07 6.466342152300074e-08 0.0 0.0 0.0 2.34838546746411e-07 4.778782888797152e-07 4.02299606843738e-07 0.0 3.3804446613571637e-06 4.026539510353463e-06 1.0630709847043734e-05
9.600339792436353e-05 0.0002066961466749889 6.750979500454335e-05 0.000664461252841049 0.00013694289696858242 0.00013223818319659737 0.00037538574568808176 4.6998109289830176e-05 4.069207042532263e-05 0.00205687537908905 0.00020748931451563575 0.0 0.0014935647277820772 0.00030766845508612594 2.339478140468922e-05 2.1645722156861068e-05 5.343440589000501e-07 7.950427549826345e-08 0.0 0.0 0.0 2.2730950483154907e-06 1.4647413994464256e-07 1.3440904920287458e-06 3.551773334381678e-07 0.0 0.0 1.9861273023065663e-07 1.7690974372695312e-06 3.2396603758756397e-07 1.288813981050804e-05 1.1056838633918974e-06 5.776965711462879e-05 2.788741239601533e-07 0.0 1.003334971180625e-06 0.00031731055619801013 8.726451011750193e-06 1.5237484904644098e-06 1.5941339850509703e-06 5.137565296451527e-07 7.276723884662454e-07 0.0 1.9694367025858208e-06 7.61531634695634e-08 1.4212593424271412e-07 2.8677858458059047e-05 7.189557062603693e-07 2.0883342179931073e-07 3.933062103899727e-07 7.893824652523168e-08 2.49974910501664e-06 2.9572235047305303e-06 3.8563934320350216e-07 3.3905865837608673e-07 8.208870026891253e-07 3.2790839950174914e-06 6.452763266328304e-06 1.6477912510943047e-06 3.2396132265726995e-06 7.769190559478982e-07 1.7524793248148452e-05 3.355566642627481e-07 3.449390664692428e-06 1.1317937459882813e-07 2.639787146651409e-07 6.317578846541916e-08 1.7838040929256279e-07 3.521951305876677e-07 0.0 8.112115417543792e-05 5.27303353443638e-06 0.0 1.369370658010615e-05 5.664335443655045e-06 1.5732554489606084e-05 7.5323837275658045e-06 9.092146615151316e-06 4.577883867776258e-07 5.448610785245503e-05 6.486300100003603e-08 8.113817452900114e-06 8.715330729173903e-07 0.0 1.6795559646526084e-07 3.546728234904222e-07 3.699163101814639e-07 0.0 3.740038327221448e-07 3.8288498459921744e-07 1.405514841126222e-07 6.85596908266666e-07 2.969339413801191e-07 3.154622689254053e-07 1.2471023854812396e-06 0.0005676867815813781 4.88262173997602e-05 4.3984186037809706e-07 7.479996164579214e-06 4.591467422828981e-05 2.4892531070445157e-06 1.4253496558440768e-05 2.0568556668830173e-05 7.146706431897428e-07 9.840518480776949e-06 6.857929934307009e-05 7.517176127422356e-06 2.1566926501781118e-05 3.646528808429857e-05 6.84477161461554e-05 4.872948666443343e-06 0.0001161108845102871 0.00012045513530214633 2.6277616880785487e-05 5.0681727717946766e-05 1.9039317137426017e-06 1.392845158341227e-07 0.0 0.0 0.0 9.912984246193054e-08 8.315486462331485e-08 0.0 8.477328696683363e-08 0.0 0.0 0.0 1.9740174615308146e-06 1.010653965944583e-07 7.604813935470754e-07 0.0 1.8547129712056136e-06 5.704591088060499e-07 1.1010025325725974e-06 1.96353632953271e-06 1.6877210469422378e-06 7.52696574889677e-08 2.7458353091980097e-06 1.608351563107532e-07 1.3279893740271995e-05 4.3398432679002926e-06 1.1921058106112325e-05 9.20727167388964e-06 4.849553388377034e-06 0.0 1.5426581982081907e-07 0.0 4.733188741506842e-07 3.3017239834321e-07 0.0 1.1258044198228515e-07 1.8036430373204454e-06 4.1620919007551055e-06 1.019326395446956e-07 0.0 0.0 3.2678338185658908e-06 0.0 2.7488679031694416e-07 6.406986137021792e-07 0.0 2.5747785443318163e-06 5.569355656838588e-07 2.942377057135871e-06 9.339992700373098e-07 1.9007690532865815e-06 5.6930975109515525e-05 9.195242668196122e-07 2.0476118596776283e-07 7.161758500293833e-08 0.0 8.176635783734082e-08 0.0 0.0 0.0 1.8770581429743616e-07 3.5253909589130466e-05 8.990680554665646e-07 1.8897932554635846e-07 0.0 9.338545964926188e-07 3.16834808058647e-05 5.349480727021976e-07 1.0488733343888919e-05 2.892475423750987e-06 6.119014204177145e-07 2.1499003494298775e-06 1.1088249315061178e-06 6.95888499096027e-07 0.0 9.330285532192894e-08 0.0 0.0 1.3659725153478532e-06 9.107122881104722e-07 0.0 1.222701550493068e-07 2.2008431010236036e-05 5.734258890176111e-06 1.1427075474134598e-05
