0.0 0.0016827149586005176 0.0003848057154588781 0.0007744964250947919 9.035031822762612e-05 0.00010151093134855841 0.000658153613601414 3.441392823574066e-05 3.799446607684438e-05 0.0007132239102837211 0.0001367518676412561 3.762162975864508e-05 0.00012923817982201055 8.897409375320143e-05 2.4799421324267345e-06 1.4011738230558697e-06 4.760533168881961e-07 7.069882611845496e-08 0.0 1.4618573064944158e-07 0.0 3.4863641849839705e-07 1.5430343147689874e-07 2.7582811603748856e-07 2.423342780992762e-07 0.0 2.0665003668039476e-07 1.0245234917503744e-07 1.2813995250814432e-07 7.325032253310131e-08 0.0010171568732739993 3.0549969993294228e-06 3.6466459607288505e-06 9.317850473249088e-08 1.4774623087512648e-07 3.1399015181641036e-07 5.23698761745073e-06 4.4499216770221937e-07 1.5894837819232004e-06 0.0 7.793681068847279e-07 2.0145020292357972e-07 0.0 6.775862020561388e-08 0.0 0.0 3.370629499475327e-05 2.7022470213399913e-06 8.462023753206662e-07 1.6066796111515295e-07 8.868246481963677e-07 4.1612782224265e-07 0.0 0.0 4.028739043645154e-06 3.3735795693327866e-06 7.982287114121645e-05 0.0002125513092512139 2.762674832326301e-05 9.521771412897384e-06 2.1003093548268838e-07 3.115456858678017e-07 5.960741111485843e-08 1.2328313545638381e-05 1.4664692044990669e-06 2.312603924508921e-06 1.3669819552159336e-06 1.2274292606381169e-06 1.462366721402304e-07 1.6195923674035876e-06 1.3047897192749977e-05 8.400067396089771e-06 7.062562640871785e-08 4.759847865050252e-05 4.709244278708174e-06 1.2517730449332582e-05 2.0497217939063056e-06 2.6877756316005884e-07 2.036778233370738e-07 2.2509383134389772e-06 7.351331557648956e-08 3.112928141432553e-07 5.1327271554421134e-06 0.0 9.74391632047434e-07 1.2511610059300658e-06 7.009183723164301e-07 0.0 5.432269161822442e-07 2.7903342360181e-07 1.1956974066305743e-06 1.7458200232330403e-07 9.490259759592542e-07 1.0320523079520268e-06 1.551623109653154e-07 9.711960464687927e-05 6.889402503993902e-06 8.486774346919761e-07 1.0158660430674463e-06 0.0005336562446158501 5.839690882351333e-07 1.4419648714039755e-06 7.806502584386835e-06 1.0759334160286458e-06 1.8072294694287409e-06 4.1920212880817895e-06 3.6464459499486355e-05 4.60027696931288e-06 2.1544869016474484e-06 4.639425282339889e-05 1.6567021209195312e-06 2.0072456588435748e-05 2.511897540444019e-05 9.64251540391726e-06 2.499349686884617e-06 3.3666664418868624e-07 7.188700445189362e-07 2.872368269446325e-07 1.8208289807310186e-07 0.0 0.0 0.0 0.0 0.0 0.0 0.0 0.0 1.4174610840662715e-06 1.0045163607833032e-06 1.4734334408840696e-06 0.0 3.9537721466768245e-07 1.951309103710465e-06 4.535497303794693e-07 1.2647596303765866e-07 1.4548655341684466e-07 0.0 9.80190043825489e-07 0.0 2.3606911413664507e-06 4.14922027108781e-07 2.840560660592181e-06 2.4571440105782774e-06 2.946502588711292e-06 0.0 0.0 0.0 0.0 0.0 2.3504285395805927e-07 0.0 0.0 1.9855840817181703e-07 0.0 0.0 0.0 1.8094243195917692e-06 3.6310360342519266e-07 0.0 0.0 0.0 2.555846597176046e-07 1.722959672638713e-07 1.7619849601669488e-06 8.66102215346583e-08 6.563147930895858e-07 2.633854057398822e-07 0.0 0.0 0.0 0.0 0.0 0.0 0.0 0.0 0.0 4.785092059110541e-06 2.820239446248008e-07 0.0 0.0 0.0 8.824984975971336e-07 0.0 2.701213542899763e-07 4.7154779816178934e-07 0.0 5.890503996118088e-08 0.0 1.85909476002807e-07 0.0 0.0 6.116929433938026e-08 0.0 0.0 9.984991126960231e-08 0.0 0.0 2.722651090958426e-05 1.8636863347717868e-06 2.1082634400699744e-06
0.0016827149586005176 0.0 0.001181890798334921 0.0005986118046890815 0.0017399764780445626 7.822714356607363e-05 0.0015823220732554487 0.00033625625645040085 0.0018732383321514155 0.0017553368478420513 0.0010293321149083135 0.00018638724935472842 0.0008111429007673089 0.0010959144637647906 2.0490449846643136e-05 1.0054761644567942e-05 6.997989631350197e-06 5.240787949411477e-07 4.993031398007038e-07 8.153252394014533e-07 5.99000573898096e-07 0.0 1.1534685604423764e-06 4.768816773753744e-07 1.81833507412444e-06 4.359353858573851e-07 1.462164747756027e-06 7.448612564083576e-07 1.6773987915398612e-07 1.5445709319071356e-07 0.0012091036613437478 2.9567338727055516e-05 8.718536225291932e-06 6.694250763055621e-07 3.424334299462545e-07 1.0809465263371199e-06 1.774249292763007e-05 2.8079315380253696e-06 1.1451074952321525e-06 1.5583303067117336e-06 4.076971301730475e-06 1.3211926002285187e-06 4.68787810021146e-07 6.925548077854384e-07 5.205253995933463e-07 2.3753796371160852e-07 0.00017484138085271882 1.1222894129273893e-05 2.0190804499860937e-06 1.2599736543703581e-06 4.888816525345731e-06 8.940639711123454e-07 2.1907620680805538e-07 3.8157439633459914e-07 1.5411215244279305e-05 9.512130000853667e-06 8.29423245750489e-05 0.00015902588790319913 7.215729578790386e-05 3.5367733083557415e-05 8.189416511222649e-07 2.932099542681226e-06 3.199746544603783e-07 9.578498903824939e-05 1.0392457506568154e-05 1.0247165664503246e-05 6.355430504395684e-06 3.822532062735633e-06 1.2252855504231097e-06 6.923298540320309e-06 2.555655269519919e-05 9.54532710181723e-06 0.0 0.00017277811121771115 3.8761991130563937e-05 8.139147209343373e-05 1.6840306424497024e-05 3.111842443933104e-06 1.4459315353324553e-06 5.443933956980578e-06 4.447480963155631e-07 1.4232507079100135e-06 2.0937315642872716e-05 4.202267455128105e-07 4.997383329441092e-06 3.5629060137398396e-06 3.828412735036433e-06 5.5919399745744354e-08 2.0967155052126574e-06 5.900878409948921e-07 3.318538318032347e-06 1.2479821365901458e-06 2.653629247677556e-06 2.9817435014806064e-06 1.2604004242446147e-06 3.000090035355505e-05 5.203068436049617e-06 1.9168297519643305e-07 3.5091328111262923e-07 0.0002779778821005145 1.244632333555421e-06 1.5770027879851463e-06 3.213416967155839e-06 5.138720836733071e-06 5.544616049039078e-07 6.624604647123552e-06 9.368957198289082e-06 4.635051327734671e-06 8.856729407205967e-06 2.45681404566117e-05 1.7137738811893767e-06 1.8323483197617122e-05 2.3348897569205166e-05 1.0250512490679484e-05 4.7331029436019e-06 8.787920173018481e-07 1.510731245031094e-07 2.136095969168635e-07 1.2097548517943514e-07 0.0 0.0 0.0 2.2449781652184726e-07 0.0 0.0 0.0 0.0 1.8771065275611998e-06 0.0 5.291798093999069e-07 3.4305462278928195e-07 1.2337558973485987e-06 4.874356329834582e-07 1.3641485006886482e-07 3.2481082154098604e-07 4.46354551794078e-07 0.0 8.750113326070879e-07 0.0 2.287211613133742e-06 9.454058617707045e-07 5.568302880978666e-06 7.22185219247358e-06 2.477411932953818e-06 0.0 0.0 8.83637152168636e-08 2.820122666570439e-07 1.361050335222557e-07 9.706153754296677e-08 0.0 0.0 4.547011172227745e-07 0.0 0.0 7.56321628213757e-08 1.1855342319180466e-06 0.0 7.571319538999597e-08 0.0 0.0 3.8717816498039115e-07 5.396048918428347e-07 0.0 4.095884269756787e-07 4.838338140710013e-07 1.5515623073186399e-06 1.399098741832471e-07 0.0 1.4932672566695507e-07 0.0 0.0 0.0 0.0 0.0 9.062591680306746e-08 5.359140028438538e-06 1.0553387958381826e-06 0.0 0.0 2.713020135750302e-07 2.008412003160399e-06 5.860392142295158e-07 1.6701889023121333e-07 4.2323517109921835e-07 1.7076360455263841e-07 0.0 0.0 4.1172903009464415e-07 0.0 0.0 0.0 0.0 0.0 1.3189869527517008e-07 0.0 8.40609763692397e-08 1.4482920470498784e-05 6.264567462209087e-06 6.173597879497744e-06
0.0003848057154588781 0.001181890798334921 0.0 1.7461679367462634e-05 0.0008166636603716944 5.8822144809418585e-06 9.343469906212848e-05 0.002056380357785981 0.000742300233079087 0.00016093427875130565 0.0013564028166998636 0.00011958996287204991 0.00021163638147128104 0.0006171566207010796 1.8144440261224983e-05 1.486385149949555e-05 5.69210736780124e-06 6.253178882307434e-07 8.844738788685089e-07 1.5421109676890498e-06 5.291051665339844e-06 1.6446845432240156e-07 9.754844467193728e-06 7.534173622854875e-06 1.1057592594903259e-05 1.2342975553549302e-06 5.9246661511892915e-06 1.4197781466736e-06 4.803919454859046e-07 8.308010770090871e-07 0.003146949911045422 0.0004670494687346725 2.313283436490344e-05 3.0116821021398307e-06 6.431309746471141e-06 7.596073258414094e-06 2.380833967466035e-05 1.3420138071033021e-05 2.7693811276448326e-06 3.0489437002455564e-06 2.3530253654876095e-05 3.362342908442378e-06 3.131437819555893e-06 5.760979085007923e-07 8.850247093200411e-07 8.265719968035498e-07 9.005210120855296e-05 5.010707903055319e-06 1.3681484434142514e-06 2.0885985796087637e-06 3.671372001561246e-06 2.847416985857178e-07 3.7085161563980316e-07 4.6032803094327124e-07 7.388285733098437e-06 5.018223788527936e-06 4.757595706020176e-05 0.00012482115945785087 4.037390800946771e-05 1.6522091229839393e-05 4.530022166444305e-06 1.2291378056177668e-05 4.3193214998208467e-07 0.0005445507826649817 4.138852840470835e-06 5.997192997882429e-06 5.215965080055136e-06 2.0559804218040307e-06 5.017377238195069e-06 3.457839655362371e-05 3.861301479974579e-05 8.80516597005681e-06 9.05105015189696e-08 0.00011296868981330823 3.583143175244389e-05 5.5316134952307044e-05 1.8326242435341358e-05 3.7105853149134077e-06 2.2557904774128575e-05 9.878259527591351e-05 1.5520836854765566e-06 1.9537124542819935e-05 9.796750683940259e-06 6.783374867157637e-08 2.5586747181652173e-06 1.9865663829996462e-06 2.2744750558949295e-06 6.617218410039654e-08 1.2474994575925071e-06 1.6155428971949748e-07 2.1643744068608825e-06 5.972068616174289e-07 1.533330013488917e-05 3.733444518176861e-06 2.1157377735596e-06 1.65084007569051e-05 5.8956010972483e-06 2.9202692093842865e-07 1.3146550779016755e-06 7.490423567251893e-05 4.901985793772188e-07 1.066044527816375e-07 6.854342801282947e-07 0.0 1.2567567494615304e-06 1.1568496763072683e-06 1.8509267192833086e-06 1.5564271452675112e-06 2.0192243190758572e-07 1.0570693974786544e-05 1.184229512055717e-06 9.54483753883435e-06 1.0289684779200676e-05 6.318702272505056e-06 3.1352499783273214e-06 2.646220609733574e-07 5.7845160507282617e-08 0.0 9.130159545901494e-08 0.0 0.0 8.864486089520908e-08 7.691550511872456e-08 0.0 0.0 1.5958018601655435e-07 0.0 1.1272525089124562e-06 1.1718074723192011e-07 4.904153442890829e-07 4.4709915092569336e-07 5.896728483170087e-07 3.5369378476965056e-07 9.721945368369668e-08 3.7779750093261614e-07 5.975250753856752e-07 0.0 0.0 1.6123056256126928e-07 3.2902524381938927e-06 3.8095537101665456e-07 4.657518336094788e-06 4.68154639043798e-06 1.9369583883718132e-06 1.4684803204758144e-07 0.0 0.0 0.0 1.990310402720759e-07 4.27411424470261e-07 0.0 2.4584968749247795e-07 6.720367424722943e-07 0.0 8.381216681616479e-08 0.0 1.1030215072421926e-06 5.200593785996349e-07 0.0 0.0 0.0 2.0443635168567383e-07 8.473622710178023e-08 2.542151869814835e-07 0.0 1.2355707887370143e-07 7.035007784449906e-07 1.3337906219156823e-07 0.0 0.0 0.0 0.0 0.0 0.0 0.0 0.0 4.06326438785485e-06 2.038330968957213e-06 0.0 0.0 2.743998131355989e-07 1.3895496310070822e-06 1.7643139426117859e-07 2.741067600233218e-07 4.1758629064383314e-07 0.0 0.0 0.0 4.246053818481717e-07 0.0 0.0 0.0 0.0 6.152358391136632e-08 0.0 6.368369785697182e-08 8.082980734684799e-08 6.2315952442985426e-06 3.3379336983793923e-06 4.907812479504043e-06
0.0007744964250947919 0.0005986118046890815 1.7461679367462634e-05 0.0 5.6108639774430365e-05 0.00010233796883300187 0.0008873396321552899 1.0945142286661497e-06 5.919043795783346e-06 0.002149938271913851 4.51125886618001e-06 4.8527981073751675e-05 0.00043284890169561363 1.5190344736020678e-05 1.4790080425185177e-07 1.0928791705390446e-07 8.665608376066071e-08 0.0 0.0 0.0 0.0 0.0 0.0 0.0 0.0 0.0 0.0 0.0 0.0 0.0 0.00011133196630753228 0.0 5.041410185749392e-07 0.0 0.0 0.0 3.5933826195519644e-07 0.0 6.801737742745249e-08 0.0 0.0 0.0 0.0 0.0 0.0 0.0 9.915814697278878e-06 4.2652090965867495e-07 9.472525559305792e-08 0.0 6.130453674133205e-08 0.0 0.0 0.0 3.9922559808577487e-07 5.908710400581693e-07 2.584581083386087e-06 5.042776743644915e-06 3.427115956652229e-06 1.5761733793957104e-06 0.0 0.0 0.0 1.877174003020146e-06 5.6836265956692726e-08 7.204505455125532e-08 4.5971076693326244e-07 5.717103229846169e-08 0.0 0.0 2.431011850641479e-06 1.3785579345608755e-06 0.0 6.96632156273744e-06 1.1003904728899557e-06 1.688817772608771e-06 1.676813342704889e-07 1.0848380555978483e-07 0.0 7.678883358848815e-08 6.670871942942187e-08 0.0 3.7774725404214e-07 6.88850138412397e-08 0.0 6.308618034156633e-08 1.7689324765301387e-07 0.0 9.189443062409831e-08 0.0 1.2716810124030122e-07 2.2741926822624594e-07 0.0 1.4452918952695162e-07 4.1143115199090924e-07 2.3293527691333584e-05 1.916264520959888e-07 0.0 0.0 8.917699798404565e-05 2.785843893068167e-07 1.2803025031161828e-06 8.42151848451328e-05 1.1310078977522576e-05 3.568148410371171e-07 2.515349090641152e-05 8.49315343215563e-06 6.4324335167502286e-06 3.299083905341229e-05 2.3991445582554677e-05 1.807329671725634e-07 1.9392216374400954e-05 4.002045445097584e-05 6.697815178981598e-06 1.1877234322517453e-06 1.456158110928881e-07 5.316400340931095e-07 0.0 0.0 0.0 0.0 0.0 0.0 0.0 0.0 0.0 0.0 0.0 0.0 2.2704904005779933e-07 0.0 0.0 2.664421060480213e-07 0.0 3.5075641927594526e-07 0.0 0.0 0.0 0.0 6.959844340400243e-07 0.0 2.515636681218113e-07 7.513004245712823e-07 4.6241728325340645e-07 0.0 0.0 0.0 0.0 0.0 0.0 0.0 0.0 0.0 0.0 0.0 0.0 3.173150298631287e-07 0.0 0.0 1.2554807624853497e-07 0.0 0.0 0.0 0.0 0.0 0.0 4.581490635606073e-07 0.0 0.0 0.0 0.0 0.0 0.0 0.0 0.0 0.0 7.326840136677535e-07 0.0 0.0 0.0 0.0 3.5499144079487145e-07 0.0 3.0648871651101253e-07 4.2221462338802554e-07 4.656458971389336e-07 0.0 9.655622821906944e-08 0.0 0.0 0.0 0.0 0.0 0.0 0.0 0.0 0.0 4.199976849350543e-06 0.0 6.486534260621935e-07
9.035031822762612e-05 0.0017399764780445626 0.0008166636603716944 5.6108639774430365e-05 0.0 6.719059473728802e-06 0.0007458361123000908 0.0007256667261419697 0.0062622444395093535 0.0006611859899616784 0.001609555219136063 8.743065774238913e-05 0.0005967423094491055 0.0010510476843083086 7.785805572668138e-06 3.280705597223098e-06 1.4576401957406952e-06 0.0 1.9754756005784775e-07 7.792402136021558e-08 6.110993143997904e-07 0.0 2.3716383461819154e-07 1.7299221105050494e-07 8.574510428736231e-07 1.8211496752146673e-07 4.325796353074835e-07 6.781152146157061e-08 0.0 0.0 0.00010793216080101861 1.0909323255571225e-05 1.060062139982288e-06 0.0 0.0 3.112593244853226e-07 2.637832182232462e-06 5.899941071634115e-07 0.0 2.677699833886321e-07 1.3144633806189528e-06 3.4320243621653555e-07 1.0449368646717478e-07 1.6836718385958628e-07 2.430340010892617e-07 7.713854624055673e-08 5.398968508355836e-05 1.8926992688821734e-06 5.474833338715163e-07 2.422979170132651e-07 1.0911128391546317e-06 1.3791934194255145e-07 9.76500810704039e-08 8.532922971515325e-08 1.8969979269529602e-06 1.6162500065150708e-06 9.223972822292943e-06 1.4620478979982473e-05 1.3467628452571885e-05 6.885818788102094e-06 5.258664976887524e-07 1.2015432682924893e-06 9.394404110210274e-08 3.924664084572901e-05 1.5455923106579882e-06 1.8702845726081036e-06 1.5063751087844321e-06 1.2119303461754518e-06 2.7914506819849615e-07 1.4293237844974249e-06 2.76293638407404e-06 1.5924963813132725e-06 0.0 3.1313236226131467e-05 1.0999953451608361e-05 2.2035149639311855e-05 6.829470937797408e-06 9.142939509458056e-07 1.7622434135011506e-07 1.6647664429533165e-06 0.0 4.0341929708788516e-07 3.933157631148834e-06 1.6890058728541603e-07 1.0220210576845995e-06 2.944979801561513e-07 6.524249693206957e-07 0.0 1.590517316179525e-07 0.0 7.611254529673056e-07 9.342655146557955e-08 6.836571886408239e-07 8.190268760999153e-07 2.720134021291955e-07 1.1429840822305683e-05 8.261009523611486e-07 0.0 0.0 9.262974921333952e-06 7.1473208099013e-07 3.9655887864247434e-07 1.5736320353088484e-06 0.0 8.690944232560476e-07 1.8946057048707264e-07 9.829070721771512e-07 9.275154384314844e-07 8.618629207953763e-07 1.0879223160339297e-05 1.0682432044829117e-06 5.618593004122493e-06 8.049835145776569e-06 4.373372765823852e-06 2.5463271743122364e-06 4.4409009275685794e-07 1.9891430400702619e-07 0.0 0.0 0.0 0.0 0.0 0.0 0.0 0.0 0.0 0.0 2.7833649141665224e-07 0.0 4.375529487391144e-07 0.0 2.670105619824873e-07 0.0 0.0 1.7139915143516313e-07 4.638753485383367e-07 0.0 0.0 3.563137241222499e-07 2.087853254867893e-06 9.542714300723195e-08 2.299882301176831e-06 2.627682651454647e-06 7.527422225649612e-07 1.6092326394079372e-07 0.0 0.0 0.0 0.0 2.0644007513052182e-07 0.0 1.7535929108213488e-07 0.0 0.0 0.0 0.0 6.074851973407261e-07 0.0 0.0 0.0 0.0 0.0 0.0 0.0 0.0 6.564040430279766e-07 8.862517889920622e-07 0.0 0.0 0.0 0.0 0.0 0.0 0.0 0.0 0.0 3.0429238598106812e-06 3.5239245728563413e-07 0.0 0.0 0.0 1.0405171290839569e-06 8.710633360620115e-08 1.4067168327796674e-07 9.157261981851849e-08 3.402436373417533e-07 6.416326045588618e-07 0.0 3.042864366053543e-07 0.0 0.0 0.0 0.0 0.0 0.0 0.0 0.0 3.769869767891813e-06 1.2093755007950119e-06 2.5719169506334487e-06
0.00010151093134855841 7.822714356607363e-05 5.8822144809418585e-06 0.00010233796883300187 6.719059473728802e-06 0.0 3.8245178623915196e-05 2.9419716054412798e-06 6.140243594204495e-06 0.0003446296352372818 9.18758174443266e-06 8.8901786753709e-05 2.6531068400227472e-05 1.8894895475049718e-05 7.025949576193715e-07 8.554312381911786e-07 3.7258874280214096e-07 0.0 0.0 0.0 9.786693280730709e-08 9.409777103559108e-07 0.0 7.685718970140201e-08 0.0 0.0 0.0 0.0 0.0 1.2647968411076223e-07 0.00020390301952459577 1.961870675114834e-07 3.976219377533397e-06 0.0 0.0 0.0 9.661826756231833e-06 1.148854870120847e-06 1.6775391442155419e-06 9.231487281354205e-07 2.010577661504929e-07 0.0 1.4399176114038143e-07 0.0 0.0 0.0 1.6631634232656338e-06 9.934429805806823e-08 0.0 0.0 7.052255578464128e-07 1.3286450494670433e-05 1.4236579545540531e-06 2.8849552333445825e-07 9.771236563237034e-08 0.0 3.2645058186413624e-05 2.0842167084205173e-05 3.6986258045636746e-06 3.4145891501024806e-07 0.0 4.638412883158614e-07 1.2029738162418188e-07 2.0742450052456104e-06 0.0 8.14788617247389e-08 7.47193525801103e-08 0.0 7.498082618531458e-08 6.141901555536553e-08 3.586203277233523e-05 7.60685618033275e-05 5.557078698086732e-06 2.7107023103229875e-06 4.5151045828290447e-07 1.2267267964576113e-06 5.732392188960749e-07 0.0 0.0 1.780701443129812e-06 0.0 3.4147176511603255e-07 5.046524800730346e-07 9.854561933067991e-08 0.0 0.0 2.0294240285244744e-07 9.478495648993269e-07 4.74299972048915e-07 1.3369970594458692e-05 2.3314291806403914e-06 5.189753971350655e-06 6.429083930778102e-07 1.7561852398115187e-06 2.1085877005820136e-06 0.0004380421473793236 0.00014757781591889004 2.3146628897647082e-05 7.092851940267451e-06 0.00018718728099607752 3.535050333364685e-07 1.829518951592873e-06 3.3476603912168635e-06 4.156648711342491e-07 2.1156493546608692e-07 1.5001430307433022e-06 1.898436847316772e-05 1.409859502280078e-06 1.900397207856385e-06 2.5282320324151467e-05 2.597965919779226e-07 1.0748061684067426e-05 1.3321443484742424e-05 5.806608204385708e-06 1.0906960603616586e-06 2.320202820920692e-07 9.954142190573353e-08 7.841855197568932e-08 0.0 0.0 0.0 0.0 0.0 0.0 0.0 0.0 0.0 9.411578102941272e-08 0.0 2.161975846550795e-07 0.0 0.0 9.900968676101185e-08 0.0 0.0 0.0 0.0 2.746239271668427e-07 8.53288576078429e-08 3.081442343383989e-07 0.0 5.299161105385012e-07 1.4104678419164268e-06 2.723713817653428e-07 0.0 0.0 0.0 0.0 0.0 1.5043171072865794e-07 0.0 0.0 0.0 0.0 0.0 0.0 1.2528488474791458e-07 8.476222499919767e-08 0.0 0.0 0.0 0.0 0.0 0.0 0.0 4.3683344204379453e-07 1.572207713955179e-07 0.0 2.3837702848574824e-07 0.0 0.0 0.0 0.0 0.0 0.0 0.0 3.1288239269470872e-06 7.203861337371293e-07 0.0 0.0 0.0 3.340591642291957e-07 0.0 1.1643947722037486e-06 0.0 0.0 0.0 0.0 2.4214997334845293e-07 0.0 0.0 0.0 8.671471546919704e-08 0.0 1.6938431438531225e-07 0.0 0.0 1.7884085160981355e-05 1.2917899395266227e-06 1.6302267167960755e-06
0.000658153613601414 0.0015823220732554487 9.343469906212848e-05 0.0008873396321552899 0.0007458361123000908 3.8245178623915196e-05 0.0 2.5013488166647184e-05 0.0025870545791376706 0.002482374818357157 0.00011701176639969331 0.00017024270849075142 0.003232883610735169 0.0003653526443696579 1.1417267570561811e-05 6.101114426718783e-06 3.6169031753399163e-06 3.260416222861115e-07 9.888671769851356e-08 6.996188123421379e-07 3.2913962650570087e-07 8.473419291515024e-08 2.933368689084685e-07 5.397936060652858e-07 5.503839971808427e-07 4.014981256498413e-07 7.061747911915743e-07 5.086357709964995e-07 9.77875623180064e-08 1.660932174805864e-07 0.0001474412847604796 1.1492499296302933e-05 1.6970339206269742e-06 2.8194103911605167e-07 6.77039514399329e-08 4.094569986736581e-07 2.492169708882854e-06 8.71245011254508e-07 2.4669605177168934e-07 3.716601490091276e-07 1.7113344634966116e-06 7.132324699239976e-08 2.865351007769596e-07 9.751615964940397e-08 3.6190542408760916e-07 9.060839054874931e-08 0.00010712927222517098 4.352565263041129e-06 7.158278501941129e-07 7.449955065241484e-07 1.815441573880838e-06 0.0 9.194316427817895e-08 0.0 6.954633597697445e-06 4.016199951352375e-06 2.3187140512010464e-05 3.327022527815684e-05 3.066056652493365e-05 1.559817628933941e-05 3.306542831107491e-07 4.800849445512773e-07 1.7033248102285072e-07 4.951799315671113e-05 3.672471132134599e-06 4.88406671817007e-06 2.3350451644377958e-06 1.9055510491496394e-06 2.9519059589650875e-07 1.0046631757226074e-06 3.7645957731480425e-06 7.920586580160445e-06 1.6335760236877195e-07 6.683151981877727e-05 2.075879652814316e-05 3.975864139087769e-05 1.2620582187485616e-05 1.0316626247730367e-06 4.5801909267888564e-07 1.751196744401625e-06 0.0 8.266719510289021e-07 8.320103178566502e-06 6.562597398130174e-08 1.6858308610266907e-06 1.6566426767767008e-06 1.2359382819167295e-06 0.0 1.0192422781247832e-06 3.034069175647894e-07 1.4367688951596105e-06 2.8288183182705644e-07 7.083606983755765e-07 9.575060844998521e-07 2.041490600349188e-07 2.038999874019755e-05 8.133816733051141e-07 0.0 1.1932060985733794e-06 4.1007635473298375e-05 2.2137171199853682e-07 2.6688615410505564e-07 1.4431781210876283e-06 5.579650138363504e-07 1.8309465784998152e-06 1.8167897806841715e-06 5.772961151262453e-06 2.044068783059776e-06 1.5951631770385718e-05 2.2197061170654667e-05 1.4611158516695733e-06 1.7117197006134217e-05 2.209523076163817e-05 1.629182687873241e-05 5.386912747488846e-06 7.924867997259185e-07 0.0 3.321994463134585e-07 0.0 0.0 0.0 0.0 0.0 0.0 0.0 0.0 0.0 9.595244441655738e-07 0.0 9.307929472175933e-08 7.930409295289355e-08 9.637164438776335e-08 4.3602979568381295e-07 0.0 4.66827567315514e-07 4.4790889364377643e-07 0.0 8.129145359894717e-07 3.1366808673750176e-07 2.2688962122371436e-06 6.399550331715477e-07 3.6776560133793254e-06 3.5386853070384945e-06 2.707425179845977e-06 0.0 0.0 0.0 0.0 0.0 0.0 0.0 4.058375976907867e-07 7.648012220059086e-07 0.0 0.0 0.0 1.333575097361519e-06 2.0660497448510964e-07 0.0 2.824621195881199e-07 0.0 8.426613773480884e-08 0.0 8.921393080673729e-08 1.603942761883802e-07 1.9285079057749093e-07 1.208744785105734e-06 0.0 0.0 0.0 0.0 0.0 0.0 0.0 0.0 0.0 4.64583196491444e-06 2.9886530442927734e-07 0.0 8.85176870201037e-08 0.0 1.320925489197562e-06 6.064219069031495e-07 6.298782741800633e-07 1.1877641780022304e-07 8.408938800274365e-07 1.9904740679194342e-07 9.828219836388478e-08 7.874441875095208e-08 0.0 0.0 0.0 0.0 0.0 0.0 0.0 0.0 1.261079564118728e-05 2.768213820810432e-06 5.667916256034647e-06
3.441392823574066e-05 0.00033625625645040085 0.002056380357785981 1.0945142286661497e-06 0.0007256667261419697 2.9419716054412798e-06 2.5013488166647184e-05 0.0 0.00028880737384443287 2.835488813144765e-05 0.0023309294052281946 6.9171520488211e-05 0.00017812352955961383 0.0007802826884002031 3.3834122724420864e-05 4.2399292831743546e-05 1.8756726455303703e-05 3.213630159837524e-06 8.708940756097457e-06 1.9984104786854602e-05 4.0712391064482994e-05 5.526963278235411e-07 6.353941551723278e-05 5.372655293405391e-05 8.916815841364144e-05 5.392658078159078e-06 5.444279813980733e-05 6.164244013378104e-06 4.006290938336403e-07 3.6848963968011374e-06 0.001504567041242516 0.00214706133977305 6.782038397859229e-05 3.694593136240482e-05 4.860078711255978e-05 7.610273001134427e-05 4.410059347743229e-05 8.939613602888687e-05 9.489720377642588e-06 1.601538874237389e-05 0.0001714829632670827 2.9339076034197813e-05 2.909497335951855e-05 7.231860829159577e-05 1.949627280376951e-05 1.0411436393404495e-05 0.0001612035351669598 4.417872725568336e-06 2.9694096883873777e-06 2.060682456602829e-05 1.6189057525137882e-05 1.212756126718612e-06 5.6809754551187e-07 1.3128263565248915e-06 6.022240682072114e-06 3.045054918377136e-06 2.365499899022577e-05 8.808523880689645e-05 2.821028842758539e-05 2.114734746521116e-05 7.161779582722166e-05 0.00011509305100013547 3.0491901221100566e-06 0.0016900103653690669 2.249568425183026e-06 4.380290916718465e-06 2.4376086620664396e-06 4.42832734092813e-06 3.884854436386402e-05 0.00021150663563385892 4.076930299846125e-05 1.000469690062021e-05 3.987362707708578e-07 9.452001131887904e-05 7.575461937427364e-05 8.696079692062688e-05 0.0001315529803145779 0.0005976803213091531 0.0009181018358725191 0.0009708791679828225 4.15722292377705e-05 0.00032299035030422323 8.077228290563151e-06 9.355388038539756e-08 1.8453952634914972e-06 1.4501853978848625e-06 6.804507436684904e-06 0.0 1.4024942830574276e-06 5.380691181479234e-07 7.325456548670773e-06 2.161180913703665e-06 8.688977972259462e-05 2.73499171609615e-05 1.2781892244571958e-05 1.7692554160612265e-05 6.468578271974629e-06 2.8351848262793526e-07 2.9794773183461816e-06 1.354133868733702e-05 4.350721589152257e-07 1.119345302988683e-07 1.2026328171026005e-06 0.0 1.2378109739740211e-06 7.775565644621059e-07 1.1007293882282356e-06 1.7928645333890446e-06 2.1791303656658862e-07 8.480334384927904e-06 6.751467161437005e-07 6.336416782113302e-06 8.309571568002405e-06 3.4433114311927404e-06 1.7129228717705742e-06 4.7410285440303815e-07 1.378550790100516e-07 8.368067029447065e-08 9.544309400726957e-08 2.823465988736174e-07 0.0 1.6293406362632717e-07 2.2739138498512276e-07 0.0 1.5669302400080568e-07 1.4835450477251696e-06 0.0 1.4428007732659765e-06 2.7945843836991923e-07 7.119387706398437e-07 3.4678845049116336e-06 7.431882371338071e-07 1.168532568284265e-06 4.4317945934335817e-07 4.021099754984844e-07 3.808853776315751e-07 0.0 1.6328872530562358e-07 3.848875840099836e-07 2.6429432001760814e-06 4.6082457714000946e-07 3.727608449138997e-06 5.128970329027736e-06 2.32554519658453e-06 3.58174434324148e-07 8.500090703164213e-08 4.4220166056033767e-07 7.132290589403193e-08 9.44895194101538e-08 1.8858994481122548e-07 8.940438152997007e-08 0.0 8.783250102237649e-08 0.0 1.7903943858342326e-07 4.571167510566185e-07 2.271396382650114e-06 2.9190543410338326e-06 0.0 0.0 0.0 3.2798504574131496e-07 2.5067450530011954e-07 0.0 2.1953254680990882e-07 2.5554303951494043e-07 8.925088912498145e-07 1.250040925715139e-07 0.0 1.313504199605028e-07 0.0 0.0 0.0 0.0 0.0 8.055906826961565e-08 2.279877861785971e-06 7.742715887226355e-07 2.3742562451460956e-07 1.5119657730511112e-07 9.233230418049607e-07 8.490015525628797e-07 7.363181066875958e-07 1.3182912361170912e-07 8.351470423225986e-08 9.451505217343324e-08 6.11664874099024e-07 1.0723919343165642e-07 1.2824057032486675e-07 0.0 0.0 0.0 6.39148137074389e-08 0.0 1.2589592216226326e-07 9.42375221377868e-08 6.979492164548427e-08 3.6588857795154805e-06 5.166919097703511e-06 6.332349450753792e-06
3.799446607684438e-05 0.0018732383321514155 0.000742300233079087 5.919043795783346e-06 0.0062622444395093535 6.140243594204495e-06 0.0025870545791376706 0.00028880737384443287 0.0 0.000700815495857948 0.0013341204688995792 0.00015502442310985306 0.0021812582389627547 0.0011085516264617555 1.0172401392368987e-05 9.191955320108602e-06 3.0617792318271376e-06 2.4652261875611723e-07 3.946496766562473e-07 1.6395096468587838e-07 4.3873151181965323e-07 0.0 7.966546434717469e-07 5.636668327584233e-07 4.2681565585921425e-07 1.616430807255388e-07 4.522969380923013e-07 9.053693354158238e-08 2.6211120487879137e-07 8.363839890401332e-08 6.73414771940053e-05 8.797246831891952e-06 2.5967010029955298e-06 2.2924169478769616e-07 4.1240476456668816e-07 7.364162437889158e-07 7.87733180310863e-06 1.2247622249036026e-06 8.698512213056545e-07 2.3175384085427153e-07 2.01813545866427e-06 7.642428315741879e-07 2.1871464873994017e-07 4.732190003123076e-07 1.8073360595677952e-07 3.2459896224383027e-07 3.913634253949349e-05 1.1948841412966197e-06 2.827752416880027e-07 3.9007271952803914e-07 3.1224690969060567e-07 1.8460457008682252e-07 0.0 8.922551574766658e-08 1.3606169666453308e-06 1.2466639340396038e-06 3.608723438022033e-06 7.667075941160405e-06 4.1112128024838246e-06 4.331507456074302e-06 1.838162483462394e-07 5.11344929278547e-07 0.0 3.122607572920535e-05 7.562155652267262e-07 8.93092057826617e-07 4.595122848939143e-07 3.3856726289962095e-07 4.514669589383229e-07 2.904022408842098e-06 5.195083416285458e-06 7.873829696551774e-06 0.0 1.3583056261181666e-05 9.214917224989715e-06 2.0186190840548347e-05 9.62171830153386e-06 2.2603553695817056e-06 5.835019509194909e-07 6.485949804073123e-07 8.450524769066023e-08 2.461615692346595e-07 1.3806763972948736e-06 0.0 5.310471183047755e-07 2.0956694867560696e-07 8.833249541352407e-08 1.028298210324592e-07 1.4686645135944442e-07 0.0 5.138036035246231e-07 1.5320351327640533e-07 1.6952027309383643e-06 2.743494794200837e-07 2.963329777429033e-07 1.4796396276985444e-05 1.4710998877211034e-06 0.0 6.526297461753776e-07 2.8633505278601363e-06 4.986880154077296e-07 8.782962711358279e-07 1.536964171627539e-06 3.0977036809184364e-07 7.015198837836335e-07 2.0776879963544266e-06 2.5034663720770586e-06 2.3081725977784116e-06 1.4021302628792756e-06 1.4681219464059182e-05 1.3126671628157298e-06 1.2312665471960355e-05 1.6106084404490495e-05 8.82203062377891e-06 4.400613086138067e-06 5.970532123071911e-07 5.596625115701344e-07 0.0 0.0 0.0 0.0 0.0 1.1709341364617775e-07 0.0 0.0 0.0 0.0 6.62596590869169e-07 0.0 2.1002868423346068e-07 0.0 2.5556548378754384e-07 0.0 3.205333611833129e-07 7.61304734269439e-07 8.801188155312593e-08 0.0 4.459243585325662e-07 4.290420731257381e-07 2.889527929844087e-06 1.882081068946955e-07 3.877796187709615e-06 5.870112248833236e-06 1.4024795041954172e-06 0.0 0.0 0.0 0.0 0.0 1.6490575483354132e-07 0.0 0.0 3.8205958085479424e-07 0.0 0.0 0.0 6.506330555586954e-07 8.833121164330328e-08 0.0 1.5326068136285422e-07 0.0 1.6440189052636593e-07 4.3724871380216076e-07 1.2536187375042886e-07 5.032968187199164e-07 7.183227490868529e-07 1.6081486101895963e-06 1.1745279488652727e-07 0.0 0.0 0.0 0.0 0.0 0.0 0.0 0.0 4.688328548514233e-06 7.806933112544927e-07 0.0 6.771664029921631e-08 0.0 2.7217333571172657e-06 8.69236227150239e-08 1.0100272452426399e-07 9.18472226099901e-08 7.616371191244216e-08 7.379046978375258e-07 9.725909551582751e-08 5.911299833336631e-07 0.0 0.0 0.0 0.0 0.0 0.0 0.0 0.0 1.0909072963790698e-05 3.6466843311943375e-06 6.299928168725184e-06
0.0007132239102837211 0.0017553368478420513 0.00016093427875130565 0.002149938271913851 0.0006611859899616784 0.0003446296352372818 0.002482374818357157 2.835488813144765e-05 0.000700815495857948 0.0 0.00012437578231412716 0.0010586891148803162 0.0032339300039162214 0.0003863406739783045 2.5049559802785094e-05 2.2776216449256756e-05 9.542006546417094e-06 4.415258206578891e-07 7.904574504909634e-08 9.053728518299071e-07 5.77732179000757e-07 1.1871549142993943e-07 4.926243779424243e-07 6.714876547233327e-07 3.688205249426356e-06 2.6955816987574044e-07 4.426507506714275e-07 6.724755934305606e-07 2.2726702052021062e-07 3.413327024123611e-07 0.00029055901226160663 1.1674457482610961e-05 1.751540223636066e-05 2.5174045630496523e-07 2.768825689264441e-07 3.292404427796555e-07 1.9573275785115116e-05 3.6055987475065016e-06 2.0994362174266917e-06 5.752126342004939e-07 3.600841659431135e-06 2.9959742556241853e-07 4.7287792675162795e-07 1.1288055793955114e-06 1.3474290990551432e-07 1.7017565019510933e-07 0.00013488363667927953 2.06782632779191e-06 1.19608262452184e-06 9.77461070829165e-07 1.8882291561663474e-06 4.749055146786473e-07 0.0 0.0 4.288341569257145e-06 1.243411120775326e-06 2.566345923399806e-05 2.929010889518347e-05 1.7741041426938277e-05 1.2167840159435814e-05 1.055745533935564e-06 1.556700247226165e-06 0.0 6.233049670373978e-05 2.3740630408287663e-06 1.9926911018799484e-06 1.3731040135289662e-06 4.909311904516519e-07 7.412198948923861e-07 3.0446936579948694e-06 3.4062772780988655e-05 9.736771623207035e-05 3.2699813032919067e-07 4.9244926219557667e-05 2.670739575948647e-05 4.805573766438568e-05 2.5098005489220063e-05 4.0729012725929645e-06 1.0048801514952807e-06 5.862420623279722e-07 9.731576125740744e-08 1.042715929786263e-06 5.243969125816721e-06 0.0 1.0752351566607475e-06 1.1787850549530692e-06 5.263837082447928e-07 0.0 3.6828326276399745e-07 3.7907438716813016e-07 1.7356205618559631e-06 4.69856545629031e-07 2.6889697363631225e-06 1.0498170396435944e-06 5.814229811746987e-07 0.0009904489833622067 5.500699444405767e-05 0.0 3.0509077756564855e-06 0.0002798010559898832 5.916454741337507e-06 2.1328604024580136e-05 7.095152687209578e-05 2.61766510093803e-05 2.0903075159212678e-05 5.172515164968336e-05 0.00015792541114482568 4.542424908695705e-05 8.899932007370726e-05 0.0004027493803585939 2.2321690873657645e-05 0.00029770105787981887 0.00036430715456592654 0.00017945571032436996 6.869190798350453e-05 6.5611966869853475e-06 4.97150964764565e-06 5.707484069819605e-07 4.4877520907661186e-07 1.0122899677790778e-07 0.0 0.0 4.566107905449281e-07 0.0 0.0 3.8493131902252834e-07 9.050898580185872e-07 1.2954469059828332e-05 0.0 4.555451248223536e-06 7.645448400690679e-07 3.7796765382224743e-06 3.25654261056738e-06 2.599257727517886e-06 6.766567183064748e-06 5.601955453693691e-06 2.9953157497206107e-07 4.004510169188348e-06 3.0763628429295577e-06 4.015645610068371e-05 5.133291840689168e-06 4.6931564448896885e-05 5.002178097102706e-05 1.685714330040841e-05 0.0 1.166472321738973e-07 1.4623127658423013e-07 8.786214557143548e-08 1.1651529594539809e-06 1.6189509288219825e-06 0.0 1.3592178183512075e-06 4.343753774335287e-06 2.0523107367199522e-07 2.665008245815967e-07 8.159626158115873e-08 1.2533207018751256e-05 6.871976718649556e-07 8.989232584605039e-08 1.8414432295821032e-07 0.0 2.898471888752419e-06 4.186563193246216e-06 7.0639630481289746e-06 1.6468270999063608e-06 4.1000205650044855e-06 1.7201475764508634e-05 1.4988791868690169e-06 1.695582001314453e-07 3.1903542460007716e-07 0.0 0.0 0.0 0.0 0.0 0.0 9.016732635821891e-05 1.2344619207355276e-05 0.0 0.0 2.5684021800244624e-07 2.6184031950136817e-05 4.849252835750131e-06 6.304256948882745e-06 5.4703084890139825e-06 3.5128443086684787e-06 2.637374552258599e-06 9.69036400076023e-07 2.8638629320300845e-06 0.0 0.0 0.0 0.0 5.510487792943849e-07 1.6804840572858593e-07 0.0 0.0 0.0002759186564998478 3.763482938482627e-05 5.673903721893163e-05
0.0001367518676412561 0.0010293321149083135 0.0013564028166998636 4.51125886618001e-06 0.001609555219136063 9.18758174443266e-06 0.00011701176639969331 0.0023309294052281946 0.0013341204688995792 0.00012437578231412716 0.0 0.0002494200088669006 0.0011172553317238118 0.0031933234231282916 3.889272996735271e-05 6.270680600489711e-05 1.4893236268037611e-05 9.952995355842813e-07 5.691020988105056e-07 3.3246439354040505e-06 5.572526677260396e-06 1.646869210050317e-06 9.761411516235647e-06 9.029942867061424e-06 4.728362120957247e-05 2.9746918198776686e-06 1.1048552297412273e-05 5.400676965890268e-06 1.6020246603310694e-06 1.3018128297831428e-06 0.0005500889607490049 0.0001182885752430885 0.0006325363384569391 2.4805571637928814e-06 7.308134705301789e-06 3.836904754111856e-05 0.00019165078772803295 0.00012485470630247547 2.9523709684470944e-05 3.8894721237606236e-05 7.618391696108582e-05 1.4124597441322032e-05 3.1755933815810584e-06 4.031881806172392e-06 2.161597078519576e-06 5.722541082044059e-07 9.402907402896845e-05 2.824002964392183e-06 1.7437721554576066e-06 1.9522027132145155e-06 6.08091131303313e-06 3.3190433358721852e-06 1.4303603266211752e-06 1.8289515685678185e-06 3.940503934916541e-06 2.0169127636567215e-06 1.4290302733830668e-05 3.6091094286561466e-05 1.545476586214733e-05 1.0920518305561646e-05 3.2709559577681538e-06 0.00012328185234975438 4.790356825593014e-07 0.00012294113211736954 2.269435792644325e-06 2.753252830877418e-06 2.1417310320392287e-06 1.4014227442411377e-06 3.39801668744405e-06 5.8517411577363894e-05 0.00011974608832077024 2.5913364522167087e-05 5.878907643897905e-07 4.631496498533367e-05 3.0342664632227762e-05 7.042356325202728e-05 4.359445085022238e-05 1.5403440049625673e-05 4.268382456877939e-05 0.0005189153960902324 7.620827176285825e-07 8.540403558268309e-05 4.901476726164457e-06 7.557335746276117e-08 5.575635596627757e-07 6.783527431154885e-07 1.1260514643485827e-06 0.0 1.0685271657732386e-06 6.715469066107197e-07 6.932635370126923e-06 2.163987229204449e-06 3.786069987420712e-05 2.1727515136172553e-05 9.79736333381962e-06 7.827368021797067e-05 2.535013881022153e-05 1.5706573846626447e-06 1.0079059693773743e-05 1.8475084131532834e-05 9.354723330847674e-07 3.1357107215990144e-07 4.041495973759209e-06 4.787858683164885e-07 2.5685981379358886e-06 3.6128574262044074e-06 3.867356549669063e-06 3.6185444848698344e-06 2.3213392428483323e-06 2.18420797643536e-05 2.3217608342291855e-06 1.83755909471381e-05 2.1261224997243613e-05 1.4812948608638387e-05 7.0903985685505475e-06 1.1050158969953385e-06 1.2991739501684466e-06 0.0 6.921319388361523e-08 4.388298535799939e-07 0.0 1.6770090711501406e-07 3.570964704549661e-07 0.0 1.839670510355529e-07 1.4571510172687018e-06 8.657477831334615e-08 1.71560252194291e-06 2.7510222770179597e-07 1.956162741229294e-06 3.3424426156859002e-06 1.8966966750762777e-06 2.1809918634949237e-06 7.705025137759587e-08 1.745708428250662e-06 1.263813541338198e-06 7.802702066372433e-08 2.1556037569323523e-07 7.912286242863272e-07 6.752022506790569e-06 1.2525908530772933e-06 1.1988072302186993e-05 1.5412769741173715e-05 4.747721650625476e-06 2.5147354373124116e-07 4.3595654015797926e-07 1.6512080184998915e-07 0.0 3.8916655760405227e-07 5.89950744258177e-07 1.6453153271329677e-07 4.35199233561715e-07 4.6087507210202586e-07 0.0 8.074117138551928e-08 8.334994751880769e-07 5.670531599861964e-06 2.257316269949347e-06 9.470690450086846e-08 0.0 0.0 5.197095791225272e-07 8.183261050076722e-07 0.0 6.287278610175534e-07 1.5578019019274396e-06 3.5659642706968926e-06 8.889121019878361e-07 0.0 1.3077582425541575e-07 0.0 0.0 0.0 0.0 0.0 0.0 1.1359293344633932e-05 3.4786325330874386e-06 3.60956122522774e-07 8.293429745134259e-08 7.461850219631889e-07 3.3978169960559433e-06 9.95522434064978e-07 7.971007071100458e-07 1.05179129839125e-06 2.417741573685623e-07 9.399392456777243e-07 0.0 4.5863163712784134e-07 0.0 0.0 0.0 0.0 0.0 2.5949826734541535e-07 0.0 0.0 1.336973967706546e-05 1.0057178152853967e-05 1.830341063157952e-05
