0.0 0.0008943535351117474 0.00010211689668543545 0.0015603067100588128 9.310976637270607e-05 8.797932410359682e-05 0.00042474656779992154 1.247187182974862e-06 0.00010882683029810604 0.002157528554702996 6.463403189396354e-05 9.7325653402834e-05 0.00046273994839643055 1.8975454879303106e-05 2.32921235102548e-06 1.4190792246645444e-07 6.194349943203496e-08 6.570555588974819e-08 0.0 0.0 7.204235523587008e-08 0.0 0.0 0.0 9.074699555070503e-08 6.665588065311137e-08 6.79594642781662e-08 0.0 0.0 0.0 0.0006008972061294032 3.8042895750404845e-06 2.5357823143428667e-07 1.1475684337087038e-07 0.0 0.0 8.332559636914415e-07 0.0 8.489751989978826e-08 0.0 0.0 0.0 7.653751704509972e-08 6.784929230226295e-08 6.395915874467656e-08 0.0 5.9543174932681183e-05 4.3403686556617685e-06 4.813625375775767e-07 1.460772551579139e-07 5.9504662416484056e-08 0.0 0.0 0.0 1.634993711308687e-06 1.2891143509246574e-06 0.00012443694108420382 0.0008386270840902804 1.0018276735005975e-05 2.683541563953434e-05 0.0 7.048885487559814e-08 0.0 2.2216285924440295e-05 4.077748958046038e-06 1.906380060781781e-06 5.362224900362012e-07 8.443240366907751e-07 0.0 0.0 1.5668535522131095e-06 0.0 0.0 0.00021331353134535738 4.196581072678652e-05 4.539504045041277e-05 1.8814408191313658e-06 5.547095160159231e-07 2.0374843404141548e-07 0.0 3.7096169202613126e-07 3.1221782024366915e-07 1.718406476535012e-05 0.0 2.9373567330859447e-06 5.624433622242222e-07 2.0997806398999693e-07 0.0 2.889316867320558e-07 0.0 1.5211779236198117e-07 8.317221630329227e-08 1.1449496278376298e-07 6.352245491989698e-08 1.200513879480112e-07 1.1183364098384056e-05 1.688850372824705e-06 0.0 0.0 0.00029468114218839857 4.456098613191545e-07 1.496163263240926e-05 1.687131089484942e-05 4.263398023947456e-06 6.332862425772642e-07 2.7956509189894755e-05 2.6572098054430128e-05 1.9170169623666805e-05 1.1227761441672125e-05 2.8110454605825376e-05 6.347343524370025e-06 3.1135600887697814e-05 1.8625835671087395e-05 1.7847669778157223e-05 8.420607523593999e-06 0.0 4.840362610134455e-07 0.0 0.0 0.0 0.0 0.0 0.0 0.0 0.0 0.0 0.0 0.0 1.4054618639043918e-07 0.0 0.0 0.0 0.0 0.0 1.8530273445843227e-06 0.0 0.0 0.0 0.0 2.739603089034353e-06 2.605913020277506e-07 3.2422301130772616e-06 8.540437138897217e-07 0.0 0.0 0.0 0.0 0.0 0.0 0.0 0.0 0.0 3.0983807071798855e-07 0.0 0.0 0.0 5.39178856569133e-07 5.8986418552606886e-08 0.0 0.0 0.0 0.0 0.0 4.165851408021019e-06 0.0 0.0 3.156000267269406e-06 2.001396078110207e-07 0.0 0.0 0.0 0.0 0.0 0.0 0.0 0.0 1.4315295871728253e-06 0.0 0.0 0.0 0.0 7.139055993872561e-06 1.9698492359069e-06 4.195422187776825e-06 6.572214266693215e-07 1.5692461832065057e-07 2.173053076571804e-07 0.0 0.0 0.0 0.0 0.0 0.0 1.1247824647061456e-07 0.0 0.0 0.0 3.5650395488225775e-06 0.0 1.4415809592615851e-06
0.0008943535351117474 0.0 0.0005775550382274219 0.0003906811140144858 0.0014481349055453269 0.00012186858277214496 0.001272265982487155 3.8771531964393744e-05 0.0012135815400180735 0.0008534931705034528 0.00040190822392278784 5.909488920488667e-05 0.0006304238482794681 0.00016285826117380921 2.443682593935852e-05 2.5672533080482665e-06 4.53093070638045e-07 2.2553393464118333e-07 3.5531402494631406e-07 4.63375472837581e-07 4.72787928773833e-07 1.3630016889297937e-07 0.0 4.9028614239481425e-08 6.42300412591773e-08 1.2491260297122107e-07 0.0 2.702668233209088e-07 0.0 0.0 0.0017450241078714286 7.304248931288553e-05 1.776602810439551e-06 0.0 0.0 1.8508155536007142e-07 7.603082236368333e-07 1.744098517431002e-07 2.874430583259662e-07 1.58143409597356e-07 5.82332952376459e-07 0.0 4.5408650011438414e-07 1.046985949711215e-07 4.383224148825918e-07 3.6413148252034737e-07 0.0002605177792968433 5.11691841804779e-06 6.422114270875669e-07 4.544740069540358e-07 2.6333284191921355e-07 1.3071157490561417e-07 2.4121645950694525e-07 1.922400216001741e-07 1.7686286011544615e-06 1.5118198219019299e-06 0.00010852505023880943 0.0007515784033309173 1.285057715975697e-05 7.12150426698746e-05 2.8288093379232097e-07 7.300594477482435e-08 1.3765566750446536e-07 0.00019845959603578023 5.262797334610603e-06 3.0196883552169496e-06 9.058440970736221e-07 1.1005174441867037e-06 6.968881990352814e-07 1.29030247176358e-07 1.4393993624847628e-06 3.065243044367643e-07 0.0 0.000438036983130711 0.00022121634165167298 0.00030242247565978765 7.173536568859485e-05 9.886623517841162e-06 9.598406659644168e-07 1.2184229236442362e-06 5.060689951932978e-07 5.259292855237934e-07 2.7332558340947568e-05 8.562264547824767e-08 1.9751492513328183e-06 7.164759051966141e-07 8.657153806400103e-07 0.0 5.207914964448921e-07 0.0 2.88532425117537e-07 0.0 8.687571086754108e-07 1.3952764444052043e-07 0.0 1.9589936014248126e-05 5.030222318862524e-07 2.9133593892333134e-07 1.3483175126581138e-07 0.000259894199321497 1.2210535946363846e-06 1.0036821251359415e-05 4.905567461399505e-06 4.247578356169782e-06 2.1891902394247917e-06 1.3489092987841769e-05 1.2011331342616538e-05 1.99643102672567e-05 1.4212261384670441e-05 2.7231667427686798e-05 8.123627724656802e-06 2.3885950257103957e-05 1.8792283480666627e-05 1.8867314231873866e-05 1.0962547150466161e-05 4.936486236224737e-08 0.0 0.0 0.0 0.0 0.0 0.0 0.0 0.0 0.0 0.0 0.0 0.0 1.3729013698304338e-07 0.0 0.0 7.649441813981885e-08 0.0 0.0 7.760055755481662e-07 5.041460673481968e-07 0.0 1.518040293115351e-06 0.0 5.27180729404617e-06 3.7106548715282305e-07 8.134954199433889e-06 1.4580810798270675e-06 0.0 0.0 0.0 0.0 0.0 2.2296986629635452e-07 5.716811052690088e-08 0.0 0.0 1.4759444000077292e-07 0.0 0.0 0.0 0.0 1.277379885567334e-07 0.0 0.0 0.0 1.9946932429731898e-07 9.601291399873527e-08 1.939480676307029e-06 3.306629785494699e-07 0.0 3.976901027536656e-06 0.0 0.0 0.0 0.0 0.0 0.0 0.0 0.0 0.0 2.172045813165755e-06 1.912497921638309e-07 0.0 0.0 0.0 4.487212276840994e-06 3.572169685126019e-07 3.3439903744087126e-06 8.265775150661173e-07 0.0 1.3685683646758797e-07 0.0 2.483666323584559e-07 0.0 0.0 7.726680093324531e-08 0.0 0.0 0.0 0.0 0.0 5.9585766239603274e-06 2.082400647720289e-07 1.5970358416082813e-06
0.00010211689668543545 0.0005775550382274219 0.0 1.2452190747465585e-05 0.0014479544292366362 8.901841031609707e-06 0.0001542476163363635 0.001239205357635236 0.0009636004379188034 8.455302497776033e-05 0.0014571707990807127 2.783000236300528e-05 0.0004797501364157932 0.0008799133318465501 2.2486064355450105e-05 5.589567031831746e-06 3.8936214269511047e-07 3.478731653400375e-07 3.657605816476374e-07 5.4868229759901135e-06 3.365348782338309e-05 2.292070549600987e-06 6.1649817532756e-06 4.884614058314104e-06 4.53543689700266e-07 7.864657983368118e-06 1.4681235196807753e-06 3.496310715944738e-06 1.2022585982013021e-06 6.20412284212027e-07 0.0033309650700705613 0.00056143256009663 5.829296070352411e-05 1.248645994674347e-06 1.8604754289632938e-06 1.4979218913918622e-06 9.049585176566877e-06 7.301831394575524e-06 1.918796262427529e-06 8.068380944858852e-07 2.5114511714724905e-05 5.489950286220395e-07 1.8781569334413916e-06 1.8265253886653708e-06 9.834248503881737e-07 6.7880588809577e-07 8.950672884624073e-05 1.4967665607994319e-06 8.007017825820491e-07 4.306483966452873e-07 4.673685657945353e-06 1.2876327904834955e-07 3.9906196338453544e-07 1.4927911122009377e-06 5.597404725435992e-07 5.218090510866452e-07 3.7920123146594345e-05 0.0004851696894344896 5.588089920085025e-06 1.7258398959031054e-05 3.288106345266747e-06 1.857644102105702e-06 1.918362288219443e-06 0.00017532425130681458 2.1144309282707846e-06 1.0172749838112686e-06 3.6861688159412674e-07 4.176130761180632e-06 4.648866496198669e-06 1.1675453704335924e-05 4.4223418326593644e-06 0.0 0.0 0.00012497268439293338 6.251575862365808e-05 8.959402609413732e-05 3.6504719225942076e-05 1.4880719557227668e-05 9.99647935186205e-06 0.00015819219106513085 4.231919067892085e-06 1.2899807672708648e-05 7.67708306254327e-06 0.0 1.0918616554209584e-06 2.576707283196734e-07 6.528380455675356e-07 0.0 1.8325796813952642e-07 0.0 0.0 2.273249406922598e-07 2.3235972576869477e-05 7.5625968345329256e-06 3.5834416663000483e-07 2.4204782554211502e-05 2.6626916783868984e-06 0.0 8.935711770734993e-07 6.030166592852359e-05 1.1873388502012836e-06 2.507224762495971e-06 3.4428606221236636e-06 9.024400153260155e-07 2.8241864590912023e-06 8.782568194227315e-06 6.360090793674516e-06 1.1204390271888963e-05 5.783993714518863e-06 6.034047093186096e-06 1.2278897488988655e-05 2.1289390425234286e-05 1.897093787475263e-05 2.2798001234251373e-05 1.6006801731826234e-05 6.949081931628122e-07 2.109941318618063e-07 0.0 0.0 0.0 0.0 0.0 0.0 0.0 2.601427156588119e-07 3.547366935925666e-07 0.0 0.0 0.0 0.0 1.1427367217765641e-07 0.0 1.3313408068256512e-07 0.0 3.098593384974171e-07 6.284914966243871e-07 0.0 6.565401840349804e-08 0.0 1.0107957095083705e-05 1.4933686119778427e-06 1.5606350672314106e-05 2.6735099159587464e-06 5.244970324139659e-07 1.6492591469565073e-07 0.0 0.0 0.0 0.0 5.205398083626718e-07 0.0 1.0356257496487323e-07 5.638279864265967e-07 0.0 0.0 0.0 1.7560902927193952e-06 0.0 0.0 6.640875741923372e-08 0.0 3.3691081562216604e-07 1.372791662470138e-07 7.01693538224007e-07 0.0 1.875818145589198e-07 1.0533240999272156e-05 2.770061540138865e-07 7.483577526759371e-08 1.343173404806952e-07 0.0 0.0 8.063967793512022e-08 0.0 0.0 0.0 6.826542968487344e-06 2.37072657443112e-07 0.0 0.0 0.0 1.274562648758806e-05 7.67799360459525e-07 8.197808118956306e-06 7.993552568594809e-07 1.5759023767442347e-06 6.797752562913412e-07 9.776212787592672e-08 1.537587525449584e-06 0.0 0.0 0.0 0.0 0.0 9.631180121897168e-08 0.0 0.0 9.287134111469132e-06 5.538191673197794e-07 5.386699659982022e-06
0.0015603067100588128 0.0003906811140144858 1.2452190747465585e-05 0.0 4.774216893099039e-05 0.00032866592402544135 0.0004318196105694492 0.0 2.876684388851877e-05 0.00189711177175231 3.939586243913835e-06 0.00017504245275896428 0.0007842071120157178 2.046719428761515e-05 2.3557735367228318e-06 1.1093837096302944e-07 0.0 0.0 0.0 0.0 0.0 0.0 0.0 1.224004496128234e-07 0.0 0.0 0.0 0.0 0.0 0.0 4.6761090795958203e-05 1.0760160156308309e-06 1.7086949243015004e-07 6.647709075969116e-08 0.0 0.0 1.1575380973352086e-07 0.0 0.0 0.0 0.0 0.0 0.0 5.536782377906667e-08 0.0 0.0 3.514989753616527e-05 9.418922630506518e-07 5.1824647733996644e-08 0.0 0.0 0.0 0.0 0.0 2.2298791661270173e-07 1.5734511286842711e-07 2.5194725473725025e-05 0.00014839029393474203 2.5431689765385403e-06 1.2646736360132807e-05 0.0 0.0 0.0 1.7358641948404223e-05 9.41890718203757e-07 7.025817903422224e-08 1.5457447642455112e-07 8.195909914469213e-08 5.27755242283936e-08 0.0 2.3136522639876567e-07 0.0 0.0 8.41144257478027e-05 2.4192819283090627e-05 2.9963268308538027e-05 3.3989989051308875e-06 4.91494398512622e-07 0.0 0.0 0.0 0.0 5.083269968452169e-06 0.0 2.1418191181339065e-07 2.1717387951723886e-07 1.1783058342162001e-07 0.0 1.284125697648035e-07 0.0 0.0 9.123637516997288e-08 1.7243184952543786e-07 0.0 0.0 1.1904841178247911e-05 4.292296290034645e-07 0.0 2.528932951058668e-07 2.328577475867218e-05 1.176419843311887e-07 8.289124686780116e-06 1.3539931256641271e-05 3.775437096821405e-06 3.6391374854671547e-06 3.3359904289035915e-05 6.660993318954157e-06 2.8031943848872584e-05 1.2390999257432596e-05 1.9556688318844664e-05 5.96347604780955e-06 1.7767827949758515e-05 1.1723655413140447e-05 1.5785729587978284e-05 5.14701198909273e-06 8.099996410787372e-08 0.0 0.0 0.0 0.0 0.0 0.0 0.0 0.0 0.0 0.0 9.155716320840282e-08 2.774135812477052e-07 0.0 0.0 0.0 2.383960801546025e-07 0.0 0.0 0.0 5.928643014261318e-07 0.0 0.0 0.0 1.5922023467137475e-06 0.0 2.0243196894864565e-06 9.307496540925012e-07 0.0 0.0 0.0 0.0 0.0 0.0 0.0 0.0 2.917750006723184e-07 2.9724468791036135e-07 0.0 0.0 0.0 0.0 0.0 0.0 0.0 0.0 2.5580102219239946e-07 1.4655011188464376e-07 1.3113909327983556e-06 0.0 0.0 3.829255439165204e-06 0.0 0.0 0.0 0.0 0.0 0.0 0.0 0.0 0.0 9.134719296157039e-07 3.071903657561338e-07 0.0 0.0 0.0 1.7679935355038002e-06 0.0 1.5438723285015438e-06 0.0 0.0 0.0 0.0 0.0 0.0 0.0 0.0 0.0 0.0 0.0 0.0 0.0 3.817233882016377e-06 0.0 6.929485897232026e-07
9.310976637270607e-05 0.0014481349055453269 0.0014479544292366362 4.774216893099039e-05 0.0 1.0416088853368146e-05 0.0014492306532224567 0.00012791282569221988 0.0018002130477595302 0.0003091114917754477 0.0004832958506501187 1.786152782722509e-05 0.000590394056987906 0.00021987345605300408 1.7628718168979894e-05 2.3729882535155716e-06 9.805962124934092e-08 0.0 3.181247398067451e-07 3.430695219982788e-07 9.281135819439162e-08 0.0 9.329686988872795e-08 0.0 0.0 0.0 7.501430962242986e-08 1.651154430172968e-07 0.0 9.533273417259604e-08 0.0002915157689342887 5.1161490041480946e-05 3.8177738001983385e-07 1.5670456475359865e-07 5.8829947631426856e-08 0.0 1.1577798136049552e-07 7.536057601923023e-08 1.6867758699453874e-07 0.0 4.39131888520726e-07 1.0468729319647167e-07 2.9642377020904754e-07 8.745500231838229e-08 2.457180852808127e-07 0.0 9.600379424482397e-05 8.728090620413573e-07 1.1735378326992231e-07 3.6282895589579943e-07 2.943731601873398e-07 0.0 8.889623993251768e-08 0.0 3.276930103946317e-07 7.780398717543594e-07 1.890773618464039e-05 0.00012542409996601706 4.351377966402158e-06 1.7791266372650838e-05 5.370704367504752e-07 0.0 0.0 5.86292075950587e-05 1.0261668989402347e-06 5.889412905066272e-07 2.33299177249152e-07 2.549793320676384e-07 6.416678558653916e-07 2.616776836640438e-07 8.57599742364031e-08 1.5292410371013755e-07 0.0 0.00010268250171040646 6.553748254115876e-05 0.00010901671644346213 3.3232855790040554e-05 5.058168128762251e-06 1.1380875573165682e-06 7.202496467368533e-07 2.492134639952721e-07 5.076817456589026e-07 6.0333119667566875e-06 0.0 9.683230137239225e-07 0.0 8.450752736663706e-08 0.0 0.0 0.0 0.0 0.0 3.2762101820626603e-07 1.5382094540939463e-07 0.0 6.166810300267754e-06 3.5335166865923075e-07 2.753277010937011e-07 2.7837873886433445e-07 1.4808755832375653e-05 3.7755271741722884e-07 2.4018061352949855e-06 7.421827208689196e-07 6.733916701535547e-07 1.0315515237721063e-06 4.8110042584420455e-06 2.0695809680733857e-06 6.48206678789151e-06 8.169364595394853e-06 5.012600041258979e-06 4.469478410183942e-06 1.0589416963823332e-05 1.2972985211642673e-05 9.931292992298175e-06 5.98186397708791e-06 3.415287172594789e-07 0.0 0.0 0.0 0.0 0.0 0.0 0.0 0.0 0.0 0.0 0.0 0.0 1.351427301072302e-07 0.0 0.0 0.0 0.0 0.0 3.581229979854952e-07 2.962234279591393e-07 0.0 0.0 0.0 5.3268669150620716e-06 2.4070237395275426e-07 6.790119480214967e-06 9.344269762788163e-07 0.0 0.0 0.0 0.0 0.0 0.0 0.0 0.0 0.0 8.556476598895663e-08 0.0 0.0 0.0 5.230212157832502e-08 0.0 0.0 0.0 1.228638223734674e-07 3.8366147761554683e-07 3.185895935296377e-07 1.9856735440329536e-07 0.0 5.937342825355864e-07 4.521997344635457e-06 1.021080841905369e-07 0.0 0.0 0.0 0.0 0.0 0.0 0.0 0.0 1.5274778441020972e-06 1.684031211321659e-07 0.0 0.0 0.0 3.71957546795941e-06 0.0 2.836538694783202e-06 6.915498992833143e-07 6.690697635043223e-08 0.0 0.0 2.227462932660766e-07 0.0 0.0 0.0 0.0 0.0 0.0 0.0 0.0 2.5506558795515105e-06 0.0 1.9210614667829014e-06
8.797932410359682e-05 0.00012186858277214496 8.901841031609707e-06 0.00032866592402544135 1.0416088853368146e-05 0.0 6.441070614372731e-05 2.6558511892608007e-06 8.198587993676405e-06 0.0007143104375273718 9.155071399531046e-06 0.0002776332966907488 0.00021046054062353174 3.376453778920733e-05 4.109938415903627e-06 4.444397373657845e-06 1.9334962820914206e-07 0.0 0.0 0.0 0.0 1.100539554081921e-06 0.0 0.0 0.0 9.465389592402324e-08 0.0 7.254073678253117e-08 0.0 0.0 3.123415637576183e-05 1.5624633354542002e-06 2.4096053000692195e-05 0.0 0.0 1.9765904831392584e-07 2.139726067218772e-05 1.5541026182530156e-07 7.19610614430444e-07 0.0 1.527382458517899e-07 0.0 0.0 3.7713949410370793e-07 0.0 0.0 8.752967092495429e-06 0.0 3.6898139576890744e-07 0.0 0.0 3.611143140659541e-06 7.574672385823028e-07 2.2789304942620052e-07 0.0 2.670191660329216e-07 7.884918585344405e-05 2.7504158302035654e-05 1.824645916898799e-06 3.9939572000610677e-07 0.0 5.352113819360008e-07 0.0 1.854949052813454e-06 1.0598627712701332e-07 0.0 0.0 0.0 0.0 0.0 6.882168160274431e-05 6.39232988990206e-05 1.10672282120058e-06 4.898852952795352e-06 1.583670714853688e-06 3.178057231153184e-06 1.6691717704274807e-06 1.6158856336465614e-06 9.174669733774399e-08 2.000616011736174e-06 1.0970107636975944e-07 3.188171622541392e-07 4.909862251920351e-07 4.2579941262794205e-07 0.0 4.2745734696136593e-07 0.0 6.051240263430042e-07 3.016025232845136e-06 4.76008895637484e-06 2.1201320463505647e-06 5.95658826081462e-06 9.476098401383242e-08 6.610040946369177e-07 1.3737065951396077e-06 0.0001901834571345343 3.8129906103971565e-05 5.589608800774851e-06 1.406590728830286e-05 0.00021371008016807532 9.784002068250626e-08 3.3326847202185387e-06 2.8422585542950462e-06 2.1563090850816953e-06 5.028509397271965e-07 3.1118564298721246e-06 4.2424769871468045e-06 4.61995652760587e-06 2.4367495847423153e-06 4.808112003055239e-06 2.439943962235525e-06 3.7225671394708085e-06 3.3741760787286004e-06 7.6097152339718634e-06 9.056333532418032e-07 1.1281972268050268e-06 0.0 0.0 0.0 0.0 0.0 0.0 0.0 0.0 0.0 0.0 0.0 7.470991670724584e-08 0.0 0.0 0.0 0.0 0.0 0.0 0.0 0.0 0.0 0.0 5.221310529333495e-07 4.388477238075489e-07 1.6351751669341543e-06 1.2146647757653203e-06 1.053038996690512e-06 7.973646519434676e-08 0.0 0.0 0.0 0.0 0.0 0.0 0.0 0.0 5.279905468583006e-07 0.0 0.0 0.0 1.3633262287392529e-06 0.0 0.0 0.0 0.0 0.0 4.1789669606944064e-07 5.788274160032831e-07 1.2208653207768785e-07 0.0 1.1039475908698853e-07 0.0 0.0 5.9424853070524e-08 0.0 0.0 0.0 0.0 0.0 0.0 4.567934435661816e-07 1.62620749913425e-06 0.0 0.0 0.0 1.4988640969974865e-06 1.284021240444103e-06 1.4387577283309521e-06 8.120387809026376e-08 0.0 0.0 0.0 2.2435648834584077e-07 2.378395868108467e-07 0.0 0.0 0.0 2.661282888365245e-07 0.0 1.1036033107048071e-07 0.0 6.018038193279225e-07 4.7516850299221673e-07 2.243560411533186e-06
0.00042474656779992154 0.001272265982487155 0.0001542476163363635 0.0004318196105694492 0.0014492306532224567 6.441070614372731e-05 0.0 0.00010375737053492958 0.001448296005019457 0.0013647504802274746 0.0006879592778249177 9.123986910837895e-05 0.0019358987774491226 0.0007560669722533896 2.4015369219120545e-05 3.4256550466430004e-06 1.6110444551714203e-07 0.0 6.759350398730741e-08 5.935661323395755e-07 1.2037602184213128e-06 1.1554373378663781e-07 7.213508089571569e-08 0.0 4.3446372709008334e-07 0.0 0.0 0.0 9.07760688723377e-08 0.0 4.868695213108106e-05 1.8161407431552717e-05 4.4988093321324303e-07 7.823246962704269e-08 1.6980957646039285e-07 1.1658966482661242e-07 1.0147799399226137e-06 9.015537726703016e-08 1.2278562756674302e-07 0.0 6.410902108961092e-07 0.0 2.0796084821507056e-07 2.608358931065679e-07 2.336679542721306e-07 7.838877212506503e-08 0.00011978738048423002 5.383111694992399e-07 0.0 2.1160230788418958e-07 2.2583728797894575e-07 0.0 2.1052650786835473e-07 2.3697468162690285e-07 4.1442161524932924e-07 1.881547146413118e-07 1.845690285331663e-05 9.415028771893299e-05 3.639473007628034e-06 2.2432046640741475e-05 4.6296252829342457e-07 9.146073223908819e-08 0.0 5.229603420786773e-05 7.748017332786286e-07 8.759878110270733e-07 2.2423449771042445e-07 4.971007059700192e-07 6.121770132248384e-07 6.013547625356814e-07 1.7802789188175915e-06 9.542103436878128e-08 0.0 0.00011382067161779352 5.921186473878292e-05 0.00012447183982891818 3.53146749597128e-05 7.6256217674450355e-06 7.280900060731475e-07 1.3407023466990286e-07 3.6067701321011906e-07 4.089744850990253e-07 4.816225968715032e-06 0.0 7.153964986021268e-07 1.2120629457870007e-07 3.185217131893975e-07 0.0 0.0 0.0 0.0 0.0 1.3510535294315438e-06 2.0060810876643134e-07 0.0 5.374611280654999e-05 1.174595082936933e-06 0.0 2.9109940311760715e-07 1.803708281705574e-05 3.0278184720767947e-06 1.586569663028319e-05 2.544099887338749e-05 6.092338943928742e-05 6.447566082271856e-06 4.051546673386161e-05 2.3455814807704623e-05 6.0335021449594146e-05 7.18603962400457e-05 5.022593795204726e-05 1.366516807999872e-05 9.152599042241729e-05 0.00010025779897242132 5.9920059927778244e-05 1.980772574175297e-05 9.143305508735573e-07 3.342179964848333e-07 0.0 0.0 0.0 0.0 0.0 0.0 0.0 0.0 0.0 0.0 6.862827379885343e-07 0.0 0.0 0.0 0.0 0.0 0.0 2.6747600745966466e-06 1.483134105839734e-06 0.0 2.524697282873863e-07 6.637766127740036e-07 1.4424830795749115e-05 2.124098806637201e-06 1.6792552695239528e-05 2.0736865729265957e-06 3.779363156780833e-07 1.195410425494597e-07 0.0 0.0 9.438229325533106e-08 1.3189916724428312e-07 0.0 0.0 1.320209970065454e-06 1.9705894092233438e-06 0.0 9.941827343926214e-08 9.147758617024641e-08 1.3895559053930343e-06 1.5944886910792564e-07 0.0 2.501764379185466e-07 0.0 1.7306086181550434e-06 1.5537504047764405e-06 8.570190193163494e-07 2.122349691490826e-06 3.1926944231715657e-07 1.6792945347697026e-05 8.549304095456523e-07 0.0 8.12895009390113e-08 0.0 0.0 0.0 0.0 0.0 0.0 7.265095806576575e-06 1.0552012828811518e-07 0.0 0.0 0.0 1.2679766934855238e-05 7.478321911162436e-07 1.1610420958307238e-05 1.811352009909124e-06 2.0563547788084883e-06 1.715889032366385e-06 0.0 3.2610053459259454e-07 0.0 0.0 0.0 0.0 1.2841975969132794e-07 0.0 0.0 0.0 1.2311364113286833e-05 1.1125055780502745e-07 3.6191765593960982e-06
1.247187182974862e-06 3.8771531964393744e-05 0.001239205357635236 0.0 0.00012791282569221988 2.6558511892608007e-06 0.00010375737053492958 0.0 0.00023150866938796824 7.4185356974955655e-06 0.0023359359655670377 1.9080445351606488e-05 0.0005313864695841488 0.0017570226810320814 2.2567320096257547e-05 7.767255171779862e-06 1.3560042642669082e-06 4.541807897865181e-06 3.4712479271966216e-06 3.871926535687091e-05 0.00014819652395427362 2.3989052903271376e-06 3.4965218215959606e-05 2.6331527253809693e-05 1.3327677691252502e-06 2.4250131743879047e-05 6.490285582447721e-06 9.429517335701954e-06 1.940653058292251e-06 2.4768123141442867e-06 0.0005054538025866654 0.0010327717792674757 0.000179262309633265 1.9505072480980023e-05 1.6600278501161427e-05 6.663394220105364e-06 1.6637873209880007e-05 2.2920865492201976e-05 4.372595253729473e-06 1.7606869730388405e-06 7.427225589627663e-05 1.1100001441950989e-06 1.5667183949521496e-05 2.335543967584502e-05 2.0897717412277293e-05 1.203760906052412e-05 4.624642689987452e-05 1.8342020610193326e-07 1.1824086455680707e-06 7.405818721128677e-06 1.3489977203611896e-05 6.252934777063548e-07 1.6671687138131898e-06 3.058001237702964e-06 6.890102522963491e-08 8.578886171179282e-08 5.957536332192287e-06 8.099102014708518e-05 1.2260292328683055e-06 4.6653566856055444e-06 6.856817200084293e-05 2.3557491414995964e-05 2.9491832777066503e-05 0.00019776319779713365 3.393118793888358e-07 1.3754921768034681e-06 1.141579794067983e-06 1.764618515462436e-05 3.146523492852314e-05 5.2249438210602354e-05 8.028720438995902e-06 5.938027204145555e-07 0.0 3.102858084084434e-05 3.376205565001717e-05 6.12295959756872e-05 4.672920248451424e-05 0.0002916542715844301 0.0011477241228153943 0.001473971241541351 8.945105035723579e-05 0.0003903143144797439 1.3213690175827442e-06 0.0 4.923816865534521e-07 1.2772090231777148e-07 2.4549774655593176e-06 0.0 9.065947939335729e-08 2.9359192646659246e-07 4.589847740399788e-07 1.9903863143696015e-07 8.490401460455628e-05 1.5726313591642774e-05 7.368373589597202e-07 1.4965936831396157e-05 3.1302040072849825e-06 9.923365842766417e-08 2.0049175275679362e-06 2.259848196958395e-06 9.071307861136525e-08 4.936477466605147e-07 8.872540774291311e-07 7.021879124610543e-07 1.0081644176736158e-06 1.979028582577533e-06 3.388138434000327e-06 3.615922844682129e-06 1.2354898868661297e-06 2.6426744989811764e-06 4.037340031939609e-06 6.446572676026298e-06 7.2767904195301745e-06 6.084744083994778e-06 5.097462389757288e-06 4.122633770221687e-07 0.0 0.0 0.0 0.0 0.0 0.0 0.0 0.0 0.0 1.203467324742412e-07 8.323974237413191e-08 0.0 1.8910852982942553e-07 7.730493425922215e-08 0.0 0.0 1.1015505227974395e-07 0.0 1.0476890292791041e-07 4.4783523069388836e-07 0.0 0.0 0.0 5.76581299218601e-06 3.5809255985551584e-07 6.107670204295307e-06 3.387848717130641e-07 8.440866878077382e-08 0.0 1.0132363881440348e-07 9.683332643057601e-08 8.38338347359161e-08 0.0 0.0 0.0 0.0 7.524057742323062e-08 0.0 0.0 1.3211942988835835e-07 0.0 4.77227313479395e-07 0.0 0.0 0.0 2.8510824293721566e-07 0.0 0.0 0.0 6.14775190162945e-08 3.6868050954002023e-06 5.716205193938047e-07 0.0 0.0 0.0 0.0 0.0 0.0 1.9154850515321454e-07 8.548694868241326e-08 2.491890722566535e-06 2.1956215473931515e-07 0.0 0.0 1.8684761155303093e-07 5.245448593638215e-06 9.262232352682845e-08 9.821059925250251e-07 0.0 1.0381588339402434e-07 3.831323559387615e-07 6.802325019336627e-08 0.0 0.0 0.0 0.0 0.0 0.0 0.0 2.5340966889192427e-07 2.0894040310783388e-07 2.10471202930298e-06 0.0 2.9686506792064524e-06
0.00010882683029810604 0.0012135815400180735 0.0009636004379188034 2.876684388851877e-05 0.0018002130477595302 8.198587993676405e-06 0.001448296005019457 0.00023150866938796824 0.0 0.0002530851400938545 0.0018458111534499638 4.439285320218206e-05 0.0022441227440845885 0.0007352970529683517 1.1963342706529557e-05 1.2594769685215329e-06 2.0352213720213926e-07 6.319923926491842e-08 4.912579498223242e-07 2.3070699385238072e-07 9.21562414764238e-07 1.0965943519594682e-07 8.988022028894144e-08 0.0 0.0 3.9989564059196733e-07 5.718118887547951e-07 0.0 0.0 0.0 0.00034492954282410105 4.712000588224658e-05 1.4137347861788642e-06 5.96753796137258e-08 0.0 6.617396392203728e-08 3.261230916803335e-07 7.187520396341508e-08 0.0 0.0 2.651215539307286e-07 0.0 0.0 7.073415449321677e-07 3.8049812482952115e-07 0.0 6.11424063153422e-05 1.1326662714094256e-06 4.3779887730463785e-07 2.1760352699248123e-07 4.335884493627044e-07 0.0 0.0 6.34718582802518e-08 5.452757226079016e-07 1.676414999977457e-07 1.682242426133186e-05 0.00012135348254102508 2.302274001993437e-06 1.2811516815297174e-05 4.1056043305177857e-07 1.674259067405248e-07 6.345006200056995e-08 4.583271821985164e-05 1.0905141307748342e-06 3.625162289381578e-07 6.39941501076084e-08 2.227839677841411e-07 3.482977717359396e-07 2.7005776372066686e-07 5.39365045466101e-07 6.993413868654057e-08 0.0 7.295945180897377e-05 4.648025658103188e-05 7.112131197097015e-05 2.9350563317752337e-05 4.293423157113427e-06 1.3541849515099518e-06 7.630563843007017e-07 4.6480881779408586e-07 1.338121406999956e-07 4.504825976478888e-06 0.0 9.538066159557677e-07 6.631243098843081e-08 2.3060401180300196e-07 0.0 1.2695707425921616e-07 0.0 0.0 0.0 9.646825704014442e-07 0.0 0.0 6.336133116379366e-06 0.0 0.0 0.0 1.9110008929820376e-05 0.0 2.0690783469093075e-06 1.56776978580628e-06 1.7831311649929059e-06 2.303633838953157e-06 5.559285715427554e-06 3.692571544242078e-06 5.566093542076451e-06 7.604856585949884e-06 7.81131159175061e-06 3.968904470240851e-06 1.4596434891916113e-05 1.2352560992617226e-05 1.2281469269952564e-05 7.5178685745861885e-06 1.936988158765739e-07 1.0227179149980209e-07 0.0 0.0 0.0 0.0 0.0 0.0 0.0 0.0 1.401974807617e-07 0.0 0.0 0.0 0.0 0.0 0.0 0.0 0.0 4.844134011173572e-07 3.5825429254844957e-07 0.0 0.0 0.0 3.427563524942711e-06 1.4295177899774206e-06 5.362145154900698e-06 1.0891618147802589e-06 8.998987886459853e-07 0.0 0.0 0.0 0.0 0.0 0.0 0.0 5.017081479484706e-07 4.6728035794070215e-07 0.0 0.0 0.0 0.0 0.0 8.704492677560146e-08 0.0 0.0 3.6055735146043485e-07 3.969357720188949e-07 8.239683790073712e-07 0.0 0.0 4.909140808420581e-06 0.0 0.0 0.0 0.0 0.0 0.0 0.0 0.0 0.0 1.9917755498818785e-06 0.0 0.0 0.0 0.0 3.6785204357739477e-06 7.471566632538734e-07 2.7007443412866017e-06 2.3567752712031532e-07 1.617694730667851e-07 1.4938197885787926e-07 0.0 6.495188026298392e-07 0.0 0.0 0.0 0.0 0.0 0.0 0.0 0.0 5.22225315890086e-06 9.35054184118017e-08 1.4728160676231107e-06
0.002157528554702996 0.0008534931705034528 8.455302497776033e-05 0.00189711177175231 0.0003091114917754477 0.0007143104375273718 0.0013647504802274746 7.4185356974955655e-06 0.0002530851400938545 0.0 6.943696221918807e-05 0.0015498508422864868 0.004507648775131159 0.00022447521549800003 1.748801566847604e-05 2.719629809995835e-06 4.158999175735445e-07 0.0 0.0 3.5102055277225404e-07 6.223299386699839e-07 4.7565327130158117e-07 0.0 2.0914601293719095e-07 0.0 4.5778888250502274e-07 2.674719339423268e-07 1.9705595402474835e-07 2.8231748282984435e-07 0.0 2.8962788714318436e-05 4.588321693014218e-06 8.877399631390314e-06 0.0 0.0 0.0 6.7612291242084946e-06 4.544715328759264e-07 7.75175022880694e-07 0.0 4.3522470937804334e-07 0.0 7.940741861349543e-08 9.745927341917266e-07 1.7869778918373712e-07 0.0 0.00011724658334132877 8.757700166534117e-07 1.4924736810102713e-07 7.526415085761075e-08 1.475659590640397e-07 0.0 0.0 9.796344581861039e-08 6.490531764834994e-07 3.4670760158885407e-06 2.600983024721316e-05 0.0001186657750029703 3.7429194054602783e-06 1.776849911604187e-05 2.4397300067483195e-07 0.0 0.0 3.100754408571897e-05 6.059236820725847e-07 2.1502119925428187e-07 6.667665477845696e-08 1.7944288742561943e-07 3.237097562539334e-07 1.6890254225624858e-07 1.3574985267180072e-05 2.2530714008243766e-06 9.90021869320606e-08 0.00010140027093299393 4.080097349502837e-05 7.487773540002086e-05 2.0777024639906358e-05 3.5443089114978368e-06 4.2383662076372676e-07 3.036769657638027e-07 3.1717392719699417e-07 1.6546525791579864e-07 5.0560061329563664e-06 2.0475753848680906e-07 5.285438517774507e-07 1.405486430454633e-07 3.802531910966933e-07 0.0 8.761081697001681e-08 0.0 0.0 5.954353680435469e-07 7.431289395918524e-07 2.1495475922242448e-07 1.208260880117795e-07 0.00017422860243019306 0.00011645067819220048 1.1547673621605154e-06 7.68421840834921e-07 0.00021451501718326507 2.8019705269773545e-06 3.4907261193939046e-05 2.9620717808634764e-05 1.719561006246289e-05 1.6207621339424846e-05 6.695090740549672e-05 4.903086746836951e-05 9.232215983909537e-05 7.503273062072407e-05 9.424352921825669e-05 3.069574223002092e-05 0.00016307877176581102 0.00013055436567538782 0.00010209455083808633 3.526594662654038e-05 1.9052009012163864e-07 8.72292107485791e-08 0.0 0.0 0.0 0.0 0.0 0.0 0.0 0.0 0.0 0.0 6.694579498442997e-07 0.0 0.0 0.0 0.0 1.78933866181549e-07 0.0 3.2089370537674313e-06 5.39076621389343e-06 0.0 1.741356762654821e-07 8.699064805726764e-08 1.5054397813619975e-05 1.7974567974003593e-06 2.7510641164913357e-05 3.129942510005751e-06 4.2472695784448035e-07 0.0 0.0 0.0 0.0 7.270599126176898e-07 2.117731876968939e-07 0.0 3.024392297857057e-07 2.940900344708147e-06 0.0 0.0 0.0 2.5562447232697646e-06 2.1253399575400125e-07 0.0 2.7515035731635886e-07 0.0 6.797865116044303e-07 1.0288104368808606e-06 6.707145155314254e-06 1.7825458422507109e-06 6.490200551983874e-07 2.216461580785732e-05 6.189548953978395e-07 0.0 0.0 0.0 0.0 0.0 0.0 0.0 0.0 1.0616348483005944e-05 0.0 0.0 0.0 0.0 3.236460183102948e-05 0.0 1.6419143233962793e-05 3.198435538847448e-06 0.0 1.4091526018663698e-06 0.0 8.917399295031278e-07 0.0 0.0 0.0 0.0 0.0 0.0 0.0 0.0 1.9337946530075633e-05 6.784240437588334e-07 7.216193138012868e-06
6.463403189396354e-05 0.00040190822392278784 0.0014571707990807127 3.939586243913835e-06 0.0004832958506501187 9.155071399531046e-06 0.0006879592778249177 0.0023359359655670377 0.0018458111534499638 6.943696221918807e-05 0.0 0.0002448803257341541 0.002349322176421087 0.00309344207108013 3.2338820235475164e-05 1.3760099554709684e-05 7.507413062419033e-07 9.792790969387891e-07 8.276132361781195e-07 7.205472440680097e-06 6.861331184052548e-05 6.1381386562507685e-06 9.22698346493521e-06 1.0542497617325995e-05 7.641074435354429e-07 2.528402117854139e-05 9.344173912588358e-06 5.822975260171648e-06 6.305578733767318e-06 2.56051184593119e-06 0.0005669444565184887 0.0002915328900542674 0.00018502609442151696 1.6875508197400444e-06 2.1086423927644723e-06 2.32007207852743e-06 5.596678057914486e-05 2.4867608336952675e-05 8.24296840753327e-06 4.003586677947533e-06 4.698826160623041e-05 5.501629096435648e-07 2.256270685819939e-06 6.397121505507282e-06 1.9582669960456446e-06 8.67844458430112e-08 7.342838981376699e-05 7.034457662949515e-07 1.2259757265734193e-06 1.4580538359293891e-06 7.786462845605126e-06 3.452721310159454e-07 9.172390329604527e-07 4.903523814804213e-06 1.6593672079570638e-07 1.2256049226648534e-07 1.1130365169548544e-05 8.356224438534518e-05 1.5191288816757786e-06 9.562212035212297e-06 3.4706664084947123e-06 9.087086509163766e-06 1.1805564902953664e-06 5.1273569090221686e-05 4.744726133508525e-07 2.819392741100356e-07 1.1078725009056849e-06 7.221242580434023e-06 7.186458558024676e-06 1.3981607391843475e-05 2.6640833188657142e-05 1.1875764952767706e-06 0.0 5.2087410266065476e-05 3.6262444586966206e-05 8.041167279137105e-05 4.2205144999429435e-05 2.983608920609543e-05 0.00025997480692353217 0.00020816294718239793 7.223074855966427e-06 7.182888990070798e-05 2.736003979077848e-06 0.0 4.533805689682052e-07 5.385344405293729e-08 1.2171571248834525e-06 0.0 6.118579849180215e-08 4.884127193426811e-07 6.33219500545262e-08 4.290734136208685e-07 4.084275858352543e-05 1.2778885200189111e-05 6.903011867614926e-08 4.421686120071881e-05 6.8493694752016476e-06 0.0 2.6470718592050494e-06 1.9924918570561104e-05 3.767202191719008e-07 3.0281004530966174e-06 1.8132126444166637e-06 5.529082361522281e-07 1.6845596418827286e-06 4.641203416755072e-06 3.4258394293467944e-06 5.410388231917369e-06 3.2456827123096702e-06 7.687141078635215e-06 6.805755682904671e-06 1.5004987686082178e-05 1.6164076618045607e-05 1.5953817014420613e-05 1.6442396832766496e-05 1.5771636571182366e-06 2.454279328339954e-07 0.0 1.1254330427103983e-07 0.0 0.0 0.0 8.043460822140687e-08 0.0 3.2195958991474677e-07 0.0 0.0 0.0 8.357820322872806e-08 0.0 5.030848039931782e-07 1.1559395873379698e-07 4.6194256926590325e-07 0.0 4.943537242682544e-07 6.869269972205269e-07 0.0 0.0 0.0 1.3651567393131177e-05 4.046777838464939e-07 1.0514148759194548e-05 1.6865076473552386e-06 0.0 5.349975077565273e-07 0.0 0.0 7.352059948313441e-08 3.282674553239182e-07 2.601056625641222e-07 0.0 2.2357361685507738e-07 1.0591952986808564e-06 0.0 0.0 0.0 4.958136742759777e-07 2.1862396805869523e-07 0.0 1.1647028184629258e-07 0.0 5.368518467225867e-07 4.5604804913184965e-07 7.927227935638988e-08 1.944635325124784e-07 0.0 9.45443982795972e-06 6.674996763668663e-07 7.650225272049853e-08 0.0 0.0 0.0 1.9301760228070825e-07 0.0 3.8006372085199817e-07 0.0 7.76760578233259e-06 3.5212289976235653e-07 0.0 1.6333330531662644e-07 1.0949525165568407e-07 9.711996173724543e-06 1.8177098098806998e-06 5.539984404134313e-06 2.7478322387109146e-07 6.660880521900072e-07 1.135866183636058e-06 1.6074110449676995e-07 9.251675066466885e-07 0.0 0.0 0.0 0.0 5.427007067578236e-08 0.0 1.0086183413143446e-07 0.0 7.526240825869828e-06 2.6736031585034555e-07 5.073250172801626e-06
9.7325653402834e-05 5.909488920488667e-05 2.783000236300528e-05 0.00017504245275896428 1.786152782722509e-05 0.0002776332966907488 9.123986910837895e-05 1.9080445351606488e-05 4.439285320218206e-05 0.0015498508422864868 0.0002448803257341541 0.0 0.0007698728448665854 0.00030690938146455863 6.434598381319363e-05 3.39722972149412e-05 2.324841468083533e-06 9.720491612028791e-07 7.944786920981416e-08 2.0905380590451704e-06 2.1621170362934706e-05 6.345506573643072e-06 7.039706367389292e-07 3.588161783370988e-06 6.182438302491988e-07 1.4011886234169553e-05 5.627223284695221e-06 5.3716687701210204e-06 7.098745531428728e-06 2.208971446371213e-06 7.837567228801459e-06 4.765501501700868e-06 5.683859049693791e-05 2.6021635142488875e-07 4.325734675298773e-07 1.0457593354692205e-06 5.44113051379259e-05 1.2744161519731777e-05 1.0602480845433484e-05 1.570929706244507e-06 1.9991032413223542e-05 1.075783731057914e-06 1.0943859120159287e-06 1.1192342835650808e-05 6.737121910380105e-07 8.698888367949859e-07 8.303998888512142e-05 6.250148419189057e-07 1.6708175318319908e-06 2.233674843331621e-07 2.6900185099513694e-06 2.2882347121848196e-07 1.594116499131564e-06 5.808067592177423e-06 2.6423121684997506e-07 8.417693013119604e-08 5.993781001532769e-06 1.584263718853412e-05 1.0617898980787859e-06 5.249718010339202e-06 8.682020207938672e-07 1.212598081332054e-05 1.8100729463727496e-07 1.9779436604150164e-05 1.2870462132791611e-07 2.2017340303240243e-07 3.038337561082128e-07 1.5192149517170489e-06 2.0318484020963964e-06 3.7576176305463867e-06 5.376252870392125e-05 1.3393183497277243e-06 0.0 2.5687546053604314e-05 1.829955571937031e-05 6.854873318075299e-05 4.6798727813735544e-05 3.096940413316203e-05 5.416110031199374e-07 1.5144414747051387e-05 2.6309226802309166e-06 9.974858075456407e-06 1.92094480761158e-06 0.0 6.728713064809689e-08 7.032513595094277e-08 3.107324906083921e-07 0.0 2.065680409703108e-07 0.0 3.4711517982274516e-07 3.5749146922114526e-07 1.186219420456836e-05 6.005260712344863e-06 1.106684339412897e-06 0.0014062602454663232 7.748714077901137e-05 8.356337618315706e-08 1.678988319399799e-05 9.53166436164962e-05 3.1891138978393563e-06 1.8216127325636494e-05 1.3452249016637005e-05 6.81138281675667e-06 1.365960457525415e-05 5.504970011368352e-05 4.771166699767272e-05 8.144115560834355e-05 4.632599986683662e-05 7.518452156181395e-05 4.2779365124454344e-05 0.00014233816926098404 0.0001392695297022955 0.0001467953934170999 6.829535653441536e-05 3.717031029623994e-06 5.822400060242e-07 0.0 7.549645285361254e-08 0.0 0.0 1.7613447583927032e-07 0.0 0.0 0.0 0.0 0.0 2.654390141598706e-07 2.3585341316618932e-07 9.904535901429962e-07 1.7253558657517874e-07 1.6722181852728202e-07 1.0484277680948595e-07 7.266300037961684e-08 3.967856436815253e-06 3.0798749688065763e-06 0.0 0.0 0.0 4.523903697899533e-05 1.4111673726016627e-06 4.291715303898375e-05 6.3265562155565724e-06 2.914041909560574e-07 2.4160565638586874e-07 3.1137185976111684e-07 0.0 0.0 6.188533420414534e-07 7.038686071515454e-07 0.0 8.418480013881578e-07 3.6106189381004993e-06 0.0 0.0 1.888427058173503e-07 2.424464108505403e-06 1.580266633106081e-07 1.7505643986082487e-07 4.453822635561776e-07 1.4860480471600153e-07 2.5863396184691847e-06 2.9801440729481838e-06 4.843649027979489e-06 7.023577875425077e-07 1.5435212997947678e-06 3.441962669993106e-05 6.928440163653685e-07 9.427150566374796e-08 1.577265797051827e-07 0.0 0.0 0.0 0.0 0.0 0.0 3.120346924666306e-05 1.5209089518369965e-06 0.0 1.6981975734988987e-07 3.917858971265063e-07 4.0986058151697626e-05 2.0434923196795336e-06 2.1363718805412438e-05 2.4018326938846433e-06 2.1643424689720818e-06 4.513405359207997e-06 3.378249061758476e-07 2.124847743765539e-06 0.0 0.0 9.432996011485325e-08 2.160919059215207e-07 0.0 0.0 8.097682044293046e-08 2.730243227584858e-07 5.291806086289229e-05 2.3929674331723044e-06 1.734742199837053e-05
