0.0 0.0014892417754076201 0.0004904516019177583 0.0008682184910428914 0.00011877928069513479 0.00011979903045281633 0.0003333496515046443 2.3990806308198752e-05 6.345294574236197e-06 0.0012691697528580959 3.47500151004553e-05 0.00016141864786591064 0.000273048289427334 2.286582523992567e-05 2.6187803459548848e-06 1.8831065837119567e-07 1.985161154825344e-07 0.0 9.051813185428934e-08 1.4394016012284413e-07 6.293338021998781e-08 0.0 0.0 0.0 7.084823703018006e-08 0.0 0.0 0.0 0.0 6.444857814499298e-08 0.00024277614427636846 3.7115143951468448e-06 1.1406084579400075e-06 5.778617552624328e-08 7.667767314199385e-08 0.0 6.031333685633875e-07 0.0 9.221815988109805e-08 0.0 0.0 7.41662759559711e-08 7.685105185009418e-08 0.0 7.439459351726515e-08 0.0 5.1174946627867214e-05 5.260015041586854e-06 5.418781934501881e-07 2.2393113997177265e-07 1.6250028147350052e-06 5.234146976733571e-08 8.787109372575222e-08 0.0 1.274972003726014e-06 8.236397014411124e-06 7.56333685101917e-05 0.0003584592893771105 2.972345405977828e-05 5.609089978942612e-05 0.0 0.0 0.0 3.3087797454315015e-05 2.0032513860412035e-06 5.109756879750854e-06 3.75083415685461e-06 1.2615576606842703e-06 2.556344578225229e-07 1.2405864008752445e-07 2.1963745670070245e-06 0.0 0.0 0.0002251101697897493 4.366503392021685e-05 3.4753240227591194e-05 1.0914566572630148e-06 4.0238649183112786e-07 3.2155583589923787e-07 1.2872248078114027e-06 0.0 7.816233721673096e-07 1.1681516620365847e-05 2.1692113044114525e-07 9.716870776542658e-06 6.45087558908207e-06 1.5923953599174593e-06 0.0 2.044870953319655e-06 5.576367030148389e-08 1.131488646705129e-06 2.3033420643848914e-07 3.244196634047962e-07 8.337050210421409e-07 5.394785265430463e-07 6.313491035093196e-06 3.4650972053909425e-06 2.4214955864547745e-07 0.0 0.00040610726247035486 0.0 5.8984139609383575e-06 2.365760602230475e-06 5.528354014422073e-07 8.386650583211177e-07 2.244604943240224e-06 7.673213685353773e-07 8.091366653771157e-08 1.0369371540106817e-05 7.812903381857924e-06 5.016860025617303e-06 1.547007013706675e-05 1.095725785309607e-05 8.809274812132123e-06 5.978870133258983e-06 0.0 2.3646152756831437e-07 0.0 0.0 0.0 0.0 0.0 0.0 0.0 0.0 0.0 0.0 0.0 0.0 0.0 0.0 0.0 0.0 0.0 1.4315718427676838e-07 0.0 0.0 0.0 0.0 8.816080102803405e-07 0.0 2.429348382086434e-07 8.517228915443115e-08 0.0 0.0 0.0 0.0 1.5023907937943529e-07 0.0 0.0 0.0 0.0 0.0 0.0 0.0 1.3988749941282122e-07 0.0 0.0 0.0 1.950347862097344e-07 1.6783338269808496e-07 0.0 0.0 0.0 0.0 0.0 2.709935940325121e-07 4.0345331441919585e-07 0.0 1.6176746042812756e-07 0.0 7.072555449629878e-08 0.0 5.47910889400528e-08 0.0 0.0 3.3861921833801636e-06 0.0 0.0 6.280034055802128e-08 1.2360098269047742e-07 2.8809539143371295e-07 7.002418302873737e-08 1.2887645355240094e-06 0.0 0.0 0.0 0.0 0.0 8.395779830087301e-08 1.401958327477194e-07 1.393436637989535e-07 0.0 1.8201414841872813e-07 1.9473616208248982e-07 6.996750198949404e-08 0.0 1.7566011177086872e-06 5.164138550169849e-07 4.2946120530104103e-07
0.0014892417754076201 0.0 0.0011149280693853985 0.001081453298436848 0.0009160075793439788 0.0001483253542358581 0.001479754270143677 0.00037355299155832067 0.0001767627947870705 0.0004130215439265388 0.0008384893247630064 2.6816788771745295e-05 0.00015887563558000345 0.00023522389042925285 4.4223869631186635e-05 1.6792506487898733e-06 7.624318489964179e-07 3.504264696198447e-07 0.0 3.2769152720115796e-07 6.250387856525419e-07 0.0 7.69409966443576e-07 3.5788149010057535e-07 1.7951691429340029e-07 3.723742511064082e-07 7.976535091745529e-07 5.276440822806719e-08 1.0268480091755287e-07 3.260035984884841e-07 0.0007316847501548897 3.12585578570282e-05 5.641637051415455e-06 8.20731849422017e-08 2.528968308188192e-07 0.0 1.9728359420321594e-06 3.3487156065187293e-07 8.185598233592737e-07 1.4163974022760008e-07 3.1790213579456457e-07 7.604682133421376e-07 3.471520957317366e-07 1.883866402401864e-06 2.397748870687657e-07 5.340163701271794e-07 0.0002066585767671918 1.2589972672752644e-05 9.853730625368334e-07 8.338059142518764e-07 1.9643799420774485e-06 0.0 0.0 0.0 1.963335926288575e-06 1.630060227255743e-05 7.253330875930784e-05 0.0004654987171343138 4.0311333487463373e-05 0.00015851918034515057 4.277581056514452e-07 5.257585666328068e-07 1.6206137153415817e-07 0.00016671287469009443 3.808275422737735e-06 9.060701876246728e-06 7.689703313132915e-06 2.221757070690005e-06 1.585687502080871e-06 1.2590404034178986e-06 4.248233049418034e-06 0.0 5.168422408087529e-08 0.0003947763637201038 0.0001996952024374943 0.0001898805048954395 1.811744100874111e-05 7.218641527021775e-06 1.938373783782832e-06 4.663880519125027e-05 1.0386063635821736e-06 5.638797816089837e-06 2.3396272437167743e-05 3.9920830293095165e-07 2.024619178433754e-05 1.0658447686298227e-05 4.522242996225126e-06 1.1447355479096902e-07 4.0619783385646925e-06 7.509768797323375e-08 3.7742160070293136e-06 5.399519835998045e-07 2.9493747534656927e-06 1.5627640340142154e-06 1.038197065046381e-06 8.590638655506029e-06 8.148850730396874e-07 0.0 1.8900097199672348e-07 0.0007883761495787163 1.2750875591351468e-06 5.591818377434329e-06 6.837171692105223e-06 2.059344886237685e-06 4.334333002250045e-06 8.334831706866372e-06 5.5357486151226996e-06 2.7966544651929394e-06 2.4332715690965703e-05 1.268457338964208e-05 2.353974895022911e-05 5.7672598007014004e-05 2.9119949207235253e-05 2.795631900849705e-05 3.0090017626070106e-05 0.0 3.7286051779007076e-07 0.0 9.400780250272055e-08 0.0 0.0 0.0 0.0 0.0 0.0 0.0 0.0 5.8974495193773125e-08 0.0 0.0 0.0 0.0 0.0 0.0 2.7182048688532755e-06 1.9731852239383383e-06 0.0 0.0 0.0 4.414552626020189e-06 0.0 2.5179981945810564e-06 5.316236575660041e-07 1.81504556599526e-07 0.0 0.0 0.0 0.0 0.0 0.0 0.0 0.0 6.080335235962471e-07 0.0 0.0 8.318341339977998e-08 0.0 0.0 1.1412745009461069e-07 0.0 1.0155378621264495e-07 7.096580819176711e-08 1.201616530598805e-07 0.0 0.0 0.0 6.5473411121626075e-06 1.1726836005285477e-06 0.0 1.9021105219193575e-07 0.0 1.1594296153939332e-07 1.4038431520099322e-07 5.973851816737032e-08 1.0462204941232762e-07 0.0 1.891734703009425e-05 3.611672049959427e-07 0.0 2.474691725663801e-07 1.6548272737203991e-07 6.923864578521587e-06 5.958179677365626e-07 0.0 5.9184378218933966e-08 5.843866403691216e-07 1.3158809462732573e-07 8.935470672956687e-08 9.003275786099932e-08 1.2021048226337435e-07 5.2433277692795946e-08 2.466277878932433e-07 0.0 4.7142396883302404e-07 1.274363260883126e-07 3.7031384973551293e-07 0.0 1.761255166164846e-05 1.673717734663459e-06 1.1523035465160596e-06
0.0004904516019177583 0.0011149280693853985 0.0 8.555504013441572e-06 0.0005378618194135535 3.3991496705264316e-06 2.1287889813045503e-05 0.0025964584944846605 7.760735500532934e-05 2.188042727804662e-06 0.0014808688009800989 1.2071345185582385e-06 1.5868448405930647e-05 0.00017069490723046162 3.2456676764355205e-05 5.947920394864353e-06 7.615078376703083e-07 1.400242893342344e-06 3.48504948793622e-07 3.571200328918874e-06 1.960153177468383e-05 6.021790057646124e-07 1.9856442951729384e-05 1.7689384787699943e-05 3.403252499475506e-06 3.1593131494266773e-06 1.2619034567785267e-05 1.3740701619038644e-06 1.9340795111441393e-06 5.466668696932825e-06 0.004189131379754015 0.0005086676391815138 4.01574997839244e-05 3.911678700222245e-06 6.926279085206323e-06 7.128067832390913e-08 9.834546219723368e-06 3.2836213252697804e-06 2.857365670308774e-06 3.678010659997664e-06 6.6024875158679695e-06 3.3871248048488985e-06 2.7885639835504835e-06 9.113123904121061e-06 7.076346840025392e-07 5.8109087118847815e-06 8.50479404907602e-05 6.756999539305368e-06 3.4036034467771653e-06 7.096385099212247e-06 3.7072301772733697e-06 1.2305595682277966e-06 1.2070242425007704e-06 6.363645163878549e-07 1.1256371716998177e-06 8.086212331551484e-06 6.782228331784967e-05 0.0008109981157339364 2.9906501487704358e-05 7.001569044287557e-05 1.2055969712178693e-05 3.926548070978241e-06 6.492763049861665e-06 0.00022619475778972285 2.0232614246937e-06 6.187196565578348e-06 4.687798175499657e-06 4.597471352951488e-06 1.1147061862475199e-05 2.7116252335102302e-05 1.1095431583769526e-05 2.0782705844534054e-06 0.0 0.00025120469740490676 0.00018940427605907174 9.581150183009897e-05 3.4254865586055334e-05 2.8857398640350586e-05 2.642662356627012e-05 0.00044888304639877053 1.004845046465536e-05 7.044766183111179e-05 1.3058801859439795e-05 3.892153205265004e-07 1.110764873783294e-05 6.573336169420495e-06 4.055253250844032e-06 6.480550551226537e-08 3.082720987383431e-06 0.0 2.490161070739509e-06 4.5975045360764103e-07 5.874042699309055e-05 1.1449487161314102e-05 1.87816947801685e-06 3.126106157995667e-05 1.1001256977751234e-05 0.0 1.6355123769004986e-06 0.00035586565506307867 1.4227572932449164e-07 3.6477371249613845e-07 2.834168203890687e-07 0.0 1.5029393472288452e-06 4.4160801440322166e-07 0.0 0.0 2.5491839487915894e-06 2.604033009812339e-07 4.073455692279834e-06 4.490182011897872e-06 2.4774247596315557e-06 2.332800779485732e-06 6.48200418711171e-06 2.693552192343334e-07 1.1473148231598975e-06 0.0 0.0 0.0 0.0 0.0 0.0 0.0 0.0 0.0 0.0 2.351465466555118e-07 0.0 1.4076152967689226e-07 0.0 2.482867329652744e-07 9.937549211965205e-08 1.0044096127392947e-07 3.1415149719449446e-07 1.9511004576742906e-07 0.0 0.0 2.344712311881242e-07 1.0101570394023392e-05 1.8517071741395268e-06 6.486719814405632e-06 2.481817660158178e-06 1.9354972426385814e-06 0.0 1.7813375295354525e-07 8.187479650543945e-08 0.0 7.604322753555283e-07 1.0037958641111458e-07 0.0 0.0 3.694595018543324e-07 0.0 0.0 1.4486573125740066e-07 3.086280187093294e-07 6.079736125536667e-07 6.616780861363173e-08 0.0 2.6173866979028587e-07 5.835835165973267e-08 6.897471222977011e-07 0.0 0.0 0.0 1.0075373799915384e-05 8.051259995098848e-07 0.0 2.9534450280126354e-07 0.0 1.199392915671471e-07 3.7981040510405117e-07 6.518654511841643e-08 4.741834619514435e-07 4.277170130978465e-07 9.467552419866693e-06 3.79821861297165e-07 1.0888375805006615e-07 2.8853546379030373e-07 1.3275119579183238e-06 7.682771102048193e-06 5.929782908651678e-07 2.7436481282751027e-06 0.0 0.0 4.3640968158830365e-07 2.1237084284255812e-07 6.693767726934559e-08 1.712140587316799e-07 5.513816791676397e-08 2.344530366225211e-07 0.0 2.5830878539975924e-07 4.074576210673749e-07 1.1465438986338508e-06 4.241699990915085e-07 2.165660100519656e-06 5.275722950965498e-06 4.818749061979798e-06
0.0008682184910428914 0.001081453298436848 8.555504013441572e-06 0.0 7.726437541638981e-05 0.00046544421804151494 0.0006351808732180243 0.0 1.8693595983206016e-05 0.0012718890558992878 4.518762670029143e-06 0.00045551659659276347 0.0009822102196464795 7.5433277208951e-05 6.631989089705511e-07 0.0 0.0 1.4170337561280983e-07 0.0 0.0 0.0 0.0 0.0 0.0 0.0 0.0 0.0 0.0 0.0 0.0 1.0174549756539138e-05 2.869413635549548e-07 3.1923680484955035e-06 0.0 0.0 0.0 1.23310572274542e-06 8.789434207072212e-08 0.0 0.0 0.0 0.0 0.0 0.0 0.0 0.0 1.3701017174116069e-05 1.04518899039785e-06 0.0 0.0 0.0 0.0 0.0 0.0 0.0 1.4183007621324946e-06 6.644792770140124e-06 2.580401562929542e-05 2.9458386341214277e-06 1.0812112968920249e-05 0.0 0.0 0.0 8.130095675225207e-06 2.1265155077001473e-07 4.1929412427689875e-07 6.218873534664877e-07 5.389232731313496e-08 0.0 0.0 1.2420188521620113e-06 0.0 0.0 2.7063935279936714e-05 1.1052981459288261e-05 9.25271701248679e-06 5.212035228183103e-07 0.0 0.0 0.0 0.0 0.0 1.2192413005759748e-06 0.0 1.3675889226372162e-06 1.1798395889321317e-06 2.0556128549525294e-07 0.0 1.8673983527728023e-07 0.0 0.0 0.0 0.0 7.535835356200452e-08 0.0 6.0514628552564045e-06 0.0 0.0 0.0 0.0001271720505076695 1.1776173658338731e-07 1.4140562593817749e-06 2.2177323435095842e-05 1.970575053922186e-05 1.6918346026081754e-06 6.303543224741358e-06 2.3791514857531822e-06 4.205687805417993e-07 1.7598257284279978e-05 6.795780087231679e-06 4.917556039916252e-06 2.3447968693371005e-05 1.0366889140959673e-05 7.922301823901846e-06 6.6299224682984745e-06 0.0 2.502531522777055e-07 0.0 0.0 0.0 0.0 0.0 0.0 0.0 0.0 0.0 0.0 0.0 0.0 0.0 0.0 0.0 0.0 0.0 9.063535793825393e-07 7.400023458680346e-07 0.0 0.0 0.0 5.381372640577715e-07 0.0 0.0 0.0 0.0 0.0 0.0 7.077574673240431e-08 0.0 0.0 0.0 0.0 0.0 7.017130416141854e-08 0.0 0.0 0.0 0.0 0.0 0.0 0.0 0.0 6.096935101403795e-08 1.5913385105046282e-07 0.0 0.0 0.0 1.1372510974431306e-06 1.2739111084100422e-07 0.0 5.7008075881342054e-08 1.2931598165582913e-07 0.0 0.0 0.0 0.0 0.0 2.5723952663086826e-06 1.1056407969693132e-07 0.0 0.0 0.0 1.0857885101439879e-06 0.0 6.715756130632486e-07 0.0 3.4795511871590883e-07 6.88383494559008e-08 0.0 0.0 0.0 0.0 0.0 0.0 0.0 0.0 0.0 0.0 2.025961841866984e-06 7.639451751512872e-08 0.0
0.00011877928069513479 0.0009160075793439788 0.0005378618194135535 7.726437541638981e-05 0.0 2.0290885580483058e-05 0.0013528583251014726 0.0001082067493170212 0.0016470842013500927 0.00012171409154113182 0.0015359888978344926 2.3421024317494888e-05 0.00040484179992281307 0.0010758513504569866 2.689189218541538e-05 1.5877253894166186e-06 4.852082504441897e-07 1.8913219748148143e-07 0.0 2.1834363254972828e-07 5.729507007680894e-07 0.0 5.795139091684581e-07 2.7938257981694717e-07 1.3160741705442086e-07 6.777172364366765e-08 0.0 0.0 0.0 0.0 5.5786162830472336e-05 1.2091717776511384e-05 1.942878616163581e-06 0.0 2.523390625159656e-07 0.0 1.241107880834515e-06 0.0 1.1621980114190249e-07 0.0 7.66580387532094e-08 1.6645539032345129e-07 6.220252117367016e-08 8.672408882453215e-07 2.732626353812216e-07 6.717458577562239e-08 7.543999124362906e-05 2.9208627749001768e-06 2.1864115281253372e-07 2.43507292707948e-07 9.088658356630607e-07 0.0 0.0 9.738841134456708e-08 5.12191515944438e-07 2.2629746153391407e-06 7.355050648799317e-06 5.43679125581394e-05 5.088318536502354e-06 4.4125322320561546e-05 1.3217970837376479e-07 3.0432867789303826e-07 8.30763481480069e-08 6.184418600488393e-05 6.939903244081475e-07 1.6358643752730802e-06 9.328823598961502e-07 6.560872959174194e-07 1.4390065137474497e-07 4.0071897501175644e-07 1.8321948103697005e-06 3.340410130478819e-07 0.0 5.927689378869142e-05 6.487155657041661e-05 7.828649064037855e-05 1.3863780689822893e-05 5.089547843136449e-06 8.081374136909532e-07 3.763086394609547e-06 6.168193246494915e-07 2.8686506732456945e-07 3.1837181763494095e-06 4.402222709804612e-07 3.802842417941882e-06 1.6812143276388488e-06 9.498998892459516e-07 0.0 8.38401364304255e-07 7.974603232988866e-08 5.882847744559001e-07 1.9738124685091077e-07 1.0075881903917301e-06 6.484535453857634e-07 3.85331469485682e-07 1.3441083553055448e-05 7.527489949064312e-07 0.0 1.7598383777545876e-07 1.845014228071688e-05 1.8791664739800281e-06 4.3256371229538937e-07 5.7236676271903075e-06 3.482628281274284e-07 3.583594250074278e-06 5.0505640065751486e-06 2.5257848783316354e-06 2.4022320481277566e-06 8.454890791722213e-06 4.3881090590418675e-06 1.7439082100705385e-05 3.166455533420962e-05 2.016418053578919e-05 2.2688650370815688e-05 2.673233531431421e-05 5.685529624355776e-07 9.80145808473611e-07 0.0 0.0 0.0 0.0 0.0 0.0 0.0 0.0 0.0 0.0 0.0 0.0 0.0 0.0 0.0 0.0 0.0 2.5876129638881468e-06 1.2140721721745868e-06 0.0 0.0 0.0 7.1797099320449115e-06 6.514004170930178e-07 4.475373598455968e-06 1.0692891011660334e-07 0.0 0.0 0.0 0.0 0.0 3.3698352209089617e-07 0.0 0.0 0.0 4.954811872686327e-07 0.0 0.0 1.8206041953636957e-07 0.0 0.0 0.0 0.0 0.0 0.0 0.0 0.0 0.0 3.8595255161323483e-07 6.6475107291591725e-06 8.81657948147684e-07 0.0 4.979044864735928e-08 0.0 0.0 0.0 5.6632358821551723e-08 0.0 0.0 1.8843199577426673e-05 5.272357772228746e-07 0.0 0.0 1.3550926108559685e-07 1.0996658384084906e-05 7.498656817938168e-07 2.0483746910405686e-06 5.039583814205744e-07 8.263316097393357e-07 1.2001719847973142e-06 4.4561917460974446e-07 4.770923559225814e-07 0.0 0.0 1.4913430305230413e-07 1.927411190852114e-07 2.54842156721642e-07 4.9799941881535677e-08 5.924753366308323e-08 8.335701768017871e-08 1.0112073649763348e-05 2.0052146761379204e-06 1.5314632091350195e-06
0.00011979903045281633 0.0001483253542358581 3.3991496705264316e-06 0.00046544421804151494 2.0290885580483058e-05 0.0 0.00011315784098896952 7.053516763689701e-07 7.640719981366977e-06 0.0007127202034219893 6.628693804785397e-06 0.0001683425380972819 0.0001541211408640215 5.888694124030073e-05 5.113654605887731e-07 1.360625083436607e-07 0.0 0.0 0.0 0.0 0.0 3.712672094574716e-07 0.0 0.0 0.0 0.0 0.0 0.0 0.0 0.0 4.0344248694887133e-07 6.281385569828454e-07 2.0577778892339033e-05 0.0 0.0 0.0 1.6840546073162154e-05 0.0 2.0956501621415943e-07 6.766630938914261e-08 0.0 0.0 0.0 8.841981034020508e-08 0.0 0.0 1.1509005444127637e-06 0.0 0.0 0.0 8.100218686690745e-08 2.54718112115031e-06 0.0 0.0 0.0 1.4668398364557981e-06 0.00013348432234368737 3.1922851626743577e-06 2.619958337290793e-06 9.031090818254467e-07 0.0 8.222094919590394e-07 0.0 4.276552350845408e-07 9.516631303098369e-08 5.1911903320558925e-08 0.0 0.0 0.0 0.0 4.930241645251165e-05 4.789171012413914e-05 4.038781851226368e-06 2.836215819631731e-06 2.7251579429758983e-07 1.4051507946239197e-06 2.6338219915545416e-07 5.890414015377552e-07 0.0 3.539656663461895e-06 0.0 2.3484950153435628e-06 1.459319971138385e-07 1.019957375384876e-06 5.173045680323184e-08 3.16271276873393e-07 0.0 4.88304298871687e-06 2.8135398043764505e-06 6.274106610926352e-06 1.1471228995292204e-06 2.366877372284708e-06 1.0183045783578294e-07 0.0 1.1081163329592963e-07 0.00018451579987358255 7.99576822484648e-05 1.2510821378585499e-05 2.382133124390858e-06 0.0002525617107926803 8.250672530095928e-08 4.544105765751646e-07 9.830784403296002e-08 0.0 0.0 4.106945595527651e-07 5.246473494966439e-07 3.063642903081596e-07 2.33283575279081e-06 5.300757516577268e-07 4.05585135819302e-07 1.037258156349754e-06 1.5090700951378423e-06 1.5363786022965495e-06 1.4665515790554598e-06 0.0 7.302477933830218e-08 0.0 0.0 0.0 0.0 0.0 0.0 0.0 0.0 0.0 0.0 0.0 0.0 0.0 0.0 0.0 0.0 0.0 2.2937552417016974e-07 0.0 0.0 0.0 0.0 1.7089421641015128e-07 7.612775667488979e-08 9.483087262498929e-08 2.723870501081146e-07 1.2962036027638892e-07 0.0 0.0 0.0 0.0 0.0 0.0 0.0 0.0 1.215401685702701e-07 0.0 0.0 0.0 7.479141838489564e-08 0.0 8.746518837325738e-08 0.0 7.531095938228161e-08 0.0 0.0 0.0 0.0 0.0 1.0825040862900728e-07 0.0 0.0 0.0 0.0 0.0 0.0 1.902193215764079e-07 0.0 0.0 9.982862751202712e-07 0.0 0.0 0.0 0.0 0.0 0.0 0.0 0.0 7.61511202057142e-08 0.0 0.0 0.0 0.0 0.0 0.0 0.0 3.4517506492245817e-07 2.515371481956431e-07 0.0 0.0 5.700992701401234e-07 3.2839155963316066e-07 3.246774877424889e-07
0.0003333496515046443 0.001479754270143677 2.1287889813045503e-05 0.0006351808732180243 0.0013528583251014726 0.00011315784098896952 0.0 3.1229393139422784e-06 0.0008949302311024207 0.0005446675566459907 0.0006773186867808597 0.00013115985553434229 0.0016965860478698484 0.0012340979514780415 2.075822851928997e-05 1.3368974933207502e-06 5.2952602716704696e-08 5.337356382026698e-08 6.734744614737738e-08 0.0 1.6837471301961693e-07 0.0 2.445528251105728e-07 3.1831355087043383e-07 0.0 0.0 1.2931083668766073e-07 7.62810738466618e-08 0.0 2.098500340123392e-07 3.505922693386884e-05 9.176384440964345e-06 3.994709194801333e-06 6.723555268853582e-08 8.213092185177808e-08 0.0 1.4946861703662957e-06 5.4231746430520785e-08 2.2426146420606227e-07 4.7768188192540735e-08 0.0 1.9252124368717127e-07 1.2820212484383357e-07 7.181956382567904e-07 5.6075564799050885e-08 6.440943655180513e-07 6.976231312386345e-05 2.5230756878357653e-06 4.430029870925753e-07 3.310326608907796e-07 4.655321259851153e-07 0.0 1.1712353015879631e-07 0.0 4.31056265418511e-07 2.5341622927371023e-06 1.079973106068959e-05 5.353359017451293e-05 7.3496764559810166e-06 3.94312302027941e-05 0.0 2.137185797327387e-07 0.0 5.143703798234579e-05 9.24871006136337e-07 2.4494928474305625e-06 1.1645346572655144e-06 7.967382183775118e-07 2.307740388245497e-07 3.3312276101449773e-07 3.3736047019950666e-06 0.0 0.0 7.119789563729782e-05 5.2148131289609565e-05 6.997493852264509e-05 1.0382716522066504e-05 4.343919704947974e-06 8.741856401899545e-07 2.990291413465189e-06 7.120914886813653e-07 6.183087593383698e-07 3.001237549216943e-06 4.993927357080517e-08 3.6912136897898874e-06 2.0837649785103052e-06 9.32316451792911e-07 0.0 1.5446987165388049e-06 0.0 8.284807570117247e-07 1.83860932823012e-07 9.601099921867555e-07 6.958222690348412e-07 3.8393575768709523e-07 2.1665076615543005e-05 0.0 0.0 6.040880001291564e-07 2.7637570947786916e-05 1.7074319575635367e-06 2.4816501703268897e-06 7.275615378306095e-06 1.309727564343848e-06 6.189320088797518e-06 9.51632950656071e-06 6.422794439208319e-06 2.048303319005464e-06 3.0685036333560416e-05 1.3340390824300005e-05 3.101232557896409e-05 5.996997666453946e-05 4.077835308517843e-05 4.532078721141699e-05 5.442137647086431e-05 4.5802868425079234e-07 1.4102148639271672e-06 0.0 0.0 0.0 0.0 0.0 0.0 0.0 0.0 0.0 0.0 0.0 0.0 0.0 0.0 0.0 0.0 0.0 3.6524559630610035e-06 2.007059497583267e-06 0.0 0.0 0.0 7.945180124715297e-06 4.7478035504954786e-07 3.8708473209497865e-06 0.0 2.0392706698665802e-07 0.0 0.0 0.0 2.2209506785195874e-07 3.976366207425379e-07 2.2536286174812767e-07 0.0 2.119759521374014e-07 2.323875526757953e-07 0.0 0.0 1.7971981417613106e-07 0.0 0.0 0.0 0.0 1.212619755339704e-07 1.5680128422304644e-06 3.4711358046163264e-07 8.004208205328478e-07 0.0 0.0 1.2245974058555291e-05 1.6842200689165818e-06 0.0 0.0 0.0 0.0 2.0720178643232972e-07 0.0 1.1588459110761708e-07 0.0 3.118678756203203e-05 3.4368012051020545e-07 2.353736931606183e-07 0.0 1.6318819635360803e-07 1.2254199504423368e-05 1.0653718222303523e-07 1.1379081847490412e-06 2.6988079309084963e-07 1.005577251746528e-06 2.3784162208479295e-07 2.4913368975412343e-07 2.2705561386845938e-07 0.0 0.0 5.854277381163476e-08 0.0 1.2047666717434067e-07 1.423023900504016e-07 0.0 0.0 2.1405685994998798e-05 4.931803906196562e-06 1.5085882151154724e-06
2.3990806308198752e-05 0.00037355299155832067 0.0025964584944846605 0.0 0.0001082067493170212 7.053516763689701e-07 3.1229393139422784e-06 0.0 9.083928295109288e-05 2.3168031632847475e-07 0.0018029150637785007 1.2818843500502432e-06 6.071771201275045e-06 0.00037429684133250245 4.635136119022208e-05 1.253110371659807e-05 1.7428007868684588e-06 4.015566900555448e-06 9.661927651873464e-07 1.330428876983934e-05 5.027968545587343e-05 2.619434289646849e-06 4.8628642973358965e-05 4.6875304331799495e-05 1.7800475617108993e-05 1.6952812830160546e-05 3.991806722921526e-05 1.959066552992101e-06 5.493498371694897e-06 2.3104172739085857e-05 0.0013288733023374215 0.0008909325930912949 7.10873164586551e-05 1.3311613462325098e-05 2.028419101221443e-05 1.3769157564485347e-06 2.2463805024713677e-05 1.0878294043104798e-05 1.0361423053826521e-05 1.256956695149224e-05 1.9646794540956555e-05 1.3220097667389552e-05 1.045921991901061e-05 2.2392380498455116e-05 5.379722718397622e-06 2.5074191230317132e-05 8.279713916767096e-05 2.7044588049487567e-06 6.262630889010816e-06 2.066481359757809e-05 5.530425396844432e-06 4.957457749357497e-06 3.5710129071353445e-06 2.6227830783963855e-06 3.1424702946258404e-07 2.403232158908417e-06 1.2058361282480144e-05 0.00017544259523994616 5.007396854948931e-06 4.215448273656517e-05 6.536100019513257e-05 1.7389021114081643e-05 2.3271492378474565e-05 0.0002608199342354809 7.156454858301333e-07 4.447085387610491e-06 2.7019255032527337e-06 9.549797783664345e-06 3.1870009324081395e-05 7.01698485241791e-05 1.292997492332637e-05 9.536279898138212e-07 0.0 7.453446370520394e-05 0.0001337366019895 0.00011673974948446415 6.122098725086495e-05 0.00010229190718475647 0.00047247121635782204 0.001353832420705746 5.660080998233011e-05 0.0005131557432645933 4.367633117604904e-06 1.8731619169740644e-07 4.268010263862679e-06 1.8820835317486046e-06 5.415947162628124e-06 6.534932672790126e-08 6.098067234371374e-07 3.2173770476469817e-07 1.5419700980288067e-06 5.562193074791394e-07 0.0001463565947020196 2.7575058139918233e-05 6.339235222359357e-06 2.50397097448413e-05 5.599307252957466e-06 0.0 4.182207120980703e-06 3.1089866594082735e-05 2.066337857860665e-07 0.0 5.285366382696776e-07 0.0 1.397500951668506e-06 1.1253183804492116e-07 0.0 3.541124361620144e-07 9.30288110484856e-07 5.362566534075447e-07 4.147589629807149e-06 3.517750987204567e-06 1.56235582494463e-06 2.113443569009186e-06 6.780499786140284e-06 5.029594656931544e-07 1.3198201393177605e-06 0.0 9.538567489208912e-08 0.0 0.0 9.091088682172692e-08 0.0 0.0 0.0 2.0627237096987867e-07 0.0 4.726614248663264e-07 0.0 3.6488163204299916e-07 3.060086731799823e-07 3.7865098748718376e-07 2.0652399446906986e-07 1.267127429484719e-07 1.2254016560489928e-06 1.6204481836698205e-07 0.0 5.999432675260899e-07 0.0 5.29634798129349e-06 1.646668213299811e-06 4.284225096588228e-06 3.4826780607610775e-06 3.1646477135116146e-06 3.142391344321391e-07 3.623597433453942e-07 2.5050733866215976e-07 1.1651993708348757e-07 1.6568048228660232e-07 4.829494942324064e-07 0.0 8.136431199586484e-08 4.2144797497168117e-07 0.0 0.0 3.3048884447455426e-07 5.501776510292002e-07 1.193889258752104e-06 0.0 0.0 1.3773794898994078e-07 0.0 1.4515705068170467e-07 0.0 3.7854261199631556e-07 3.3433166535411177e-07 5.917102169919119e-06 1.6827918075152733e-06 1.7123962039256133e-07 1.9299304974668136e-07 1.3840436155065642e-07 9.468291639486283e-08 6.819119980958879e-07 6.042090940581275e-07 1.1776321816144099e-06 1.3490093675131388e-06 8.54581271718833e-06 0.0 2.3144802485519983e-07 6.480741759745034e-07 4.399650316909212e-06 4.13596581727799e-06 7.090687526906803e-07 1.101378267632361e-06 1.1747962722803403e-07 2.8631633631188477e-07 2.5223812611153494e-07 0.0 9.783177993636127e-07 1.634926181688633e-07 0.0 0.0 0.0 8.306017317438639e-07 9.5865033784068e-07 2.8995385520370374e-06 1.6300405688699054e-06 2.359632935543086e-06 3.972515462718913e-06 4.850988022850513e-06
6.345294574236197e-06 0.0001767627947870705 7.760735500532934e-05 1.8693595983206016e-05 0.0016470842013500927 7.640719981366977e-06 0.0008949302311024207 9.083928295109288e-05 0.0 5.695191848659219e-05 0.0011440096797896582 1.5498671048710776e-05 0.0006843629814626741 0.0007053364732280028 9.965042702806857e-06 1.1621073793491623e-06 6.260962157940563e-08 5.725155478073686e-08 0.0 0.0 0.0 7.090451011952193e-08 3.6549265460592424e-07 4.286365225768091e-07 8.12785177318925e-08 0.0 8.180858383673493e-08 0.0 0.0 8.612936841960857e-08 6.202145716936828e-06 1.9366092084827988e-06 1.77775286895233e-06 0.0 0.0 0.0 2.485197923442461e-07 0.0 0.0 0.0 0.0 0.0 8.015383344957242e-08 4.882220115370437e-07 1.7612709538260306e-07 1.2878881439499205e-07 1.818145253335878e-05 2.2745029339954948e-07 0.0 7.22139813089501e-08 2.3502600465876036e-07 0.0 1.8204498463186435e-07 0.0 1.244932555142575e-07 4.542257992668778e-07 1.0152566070661838e-06 5.965102260832675e-06 1.0706400584607302e-06 9.302743433755361e-06 0.0 1.5105376973078793e-07 0.0 1.3669675194290937e-05 5.051521724161937e-08 2.6876279438750217e-07 1.557677652251066e-07 1.6500605950958708e-07 6.437775804210779e-08 1.5548980735992647e-07 6.462920972239939e-07 0.0 0.0 1.0208133056317325e-05 1.3026749442060469e-05 2.0583193217828817e-05 4.642506862332658e-06 2.4869154789167987e-06 8.284347066669714e-07 2.897179449748328e-06 0.0 2.4192918410873436e-07 4.615100951135726e-07 0.0 5.286372579130084e-07 2.8483669242064023e-07 1.5290364975491192e-07 0.0 1.823272427689463e-07 0.0 5.1803499033227105e-08 0.0 8.389136917875017e-07 1.280562899531945e-07 5.902700074579022e-08 7.677884956494889e-06 8.231533440485896e-08 0.0 0.0 1.8082250899888292e-06 1.204068645465037e-07 1.805006878803619e-07 3.811623078826368e-07 2.3062029930464443e-07 8.985435464993678e-07 1.796979125457769e-06 4.088559725417943e-07 1.1433292582101306e-06 2.6388128170525485e-06 3.14508989452395e-06 7.1088501380339914e-06 1.1623331911381802e-05 6.863967291051997e-06 8.060482782487665e-06 1.0436611177093777e-05 2.2634100562644973e-07 1.5882059352028408e-07 0.0 0.0 0.0 0.0 0.0 0.0 0.0 0.0 0.0 0.0 0.0 0.0 0.0 0.0 0.0 0.0 0.0 6.34190047425114e-07 5.967718745913302e-07 0.0 0.0 0.0 2.9647407096381516e-06 0.0 2.4268948273970216e-07 2.285384301701136e-07 5.402390891415974e-07 0.0 0.0 0.0 0.0 1.632579893826238e-07 5.041231403872284e-07 0.0 0.0 1.196925778650046e-07 0.0 0.0 8.86984929163865e-08 1.4081479353578492e-07 0.0 0.0 0.0 0.0 2.262951712551734e-07 0.0 0.0 0.0 0.0 1.5175477548326127e-06 0.0 0.0 0.0 0.0 0.0 0.0 0.0 0.0 0.0 6.020438174065181e-06 0.0 1.6473990339508435e-07 0.0 1.2013389326894203e-07 6.534142910577452e-06 2.2538984403454814e-07 4.6099020375921246e-07 1.824004673765446e-07 7.187679871690612e-08 2.6836810045818014e-07 2.061776881974661e-07 0.0 0.0 0.0 7.607073487749349e-08 0.0 0.0 6.582475154300743e-08 0.0 0.0 4.010353372806555e-06 8.443887778155382e-07 7.008074120306914e-07
0.0012691697528580959 0.0004130215439265388 2.188042727804662e-06 0.0012718890558992878 0.00012171409154113182 0.0007127202034219893 0.0005446675566459907 2.3168031632847475e-07 5.695191848659219e-05 0.0 5.574800823127593e-05 0.0012086587136647382 0.002474419881796587 0.000504619316639539 2.0907674097715875e-06 7.335412449282841e-08 0.0 0.0 0.0 0.0 3.237173272557032e-07 0.0 0.0 2.4638957394728195e-07 0.0 0.0 0.0 1.0686680574337661e-07 1.2627337610524003e-07 7.458601320982916e-08 5.722604269776696e-06 8.166197576104741e-07 0.00016948192957827368 0.0 0.0 0.0 0.00024296848385756484 0.0 5.521629032288447e-07 0.0 0.0 3.165183265342779e-07 0.0 2.5545364482739566e-07 0.0 0.0 1.1350844212833891e-05 5.01275126939613e-07 0.0 0.0 0.0 9.008954448727595e-08 2.121696275529496e-07 0.0 8.135784239036954e-08 8.569295849325029e-07 1.6424604869927322e-05 1.7374647316066475e-05 2.5731777766119293e-06 9.271028861286745e-06 1.1404879735361833e-07 9.371037150895235e-07 0.0 6.098977337005551e-06 3.7758621424744406e-07 4.5677826980885687e-07 2.4397523524192115e-07 4.4410098185252184e-08 0.0 0.0 0.00028280685542906393 8.313161048147541e-07 4.680998874492815e-07 2.2435053464370173e-05 8.817674265431089e-06 9.632699913207394e-06 1.6085876258143447e-06 8.933577545443601e-07 0.0 4.231286373766993e-06 7.980542023671309e-08 2.134393692213908e-07 1.8267109990131851e-06 0.0 6.916920882447285e-07 9.55593233270654e-07 5.096360217737779e-08 0.0 5.08074629521701e-08 0.0 1.241537020133748e-07 2.713640029441735e-07 6.140244934707885e-07 2.5826223111689217e-07 6.009370334859309e-08 0.00022889388191060138 0.00020972324070648438 6.557553926770401e-07 6.481492435557735e-06 0.00011953735102215112 1.8152506832056905e-06 1.0378118029187797e-05 5.555712899074136e-05 0.00013065294747355925 6.149030630174096e-06 2.652982740424694e-05 1.8097414196148547e-05 4.829958042252737e-06 8.010343118165999e-05 2.4353755750325753e-05 3.011640422884396e-05 0.00011008239311960547 0.0001974688531659529 0.00010522953927308881 5.2583751616935094e-05 3.726937958644794e-07 8.191790865102075e-07 0.0 0.0 0.0 0.0 0.0 0.0 0.0 0.0 1.0624942876081072e-07 0.0 0.0 0.0 0.0 0.0 0.0 0.0 0.0 3.704270399950999e-06 1.934251829182496e-06 0.0 0.0 0.0 8.341533320669764e-06 4.160873644853918e-07 2.0784401188336116e-06 3.8280026033268236e-07 1.1494357067032355e-07 0.0 0.0 0.0 7.221161519952188e-08 1.4734925346663045e-07 0.0 0.0 1.4526509981265168e-07 5.931462366404635e-07 0.0 0.0 1.770832771579974e-07 0.0 0.0 0.0 4.68279980532818e-08 4.840387012715355e-08 6.420587483035194e-07 1.326176382734616e-06 2.806497106060193e-07 1.3302677074964716e-07 0.0 5.406199142140944e-06 9.983307560577575e-07 5.9182578439957144e-08 0.0 0.0 0.0 0.0 0.0 0.0 0.0 3.496905439317397e-05 5.340173636051746e-07 7.85620849254198e-08 1.8859317567645036e-07 1.7716525109112825e-07 9.607740112814025e-06 1.3405624096480073e-06 1.2659905834959262e-06 1.4511842982456745e-07 1.7080753377527597e-06 4.2546206281867287e-07 2.1873608035488712e-07 1.60769499783418e-07 1.158340581133586e-07 9.488411728623948e-08 0.0 0.0 0.0 5.97530459832712e-08 0.0 0.0 2.3910211442510466e-05 3.6350277097504606e-06 1.3250016981926143e-06
3.47500151004553e-05 0.0008384893247630064 0.0014808688009800989 4.518762670029143e-06 0.0015359888978344926 6.628693804785397e-06 0.0006773186867808597 0.0018029150637785007 0.0011440096797896582 5.574800823127593e-05 0.0 7.314503519899287e-05 0.0015035230785960857 0.0016588926842326728 4.583621544027452e-05 8.783800322945493e-06 5.973395296800298e-07 3.6232803843893853e-07 4.198302376391033e-07 1.2110550514943098e-06 6.8672818983992105e-06 2.4894498268843337e-06 9.138556710426591e-06 1.1408118795186707e-05 1.2701145620077138e-05 7.23950703181812e-06 1.731545265271061e-05 3.449518779311007e-06 2.891682046460979e-06 1.1249077875123786e-05 0.00012042478511375524 3.462542085574309e-05 0.0003651706971217497 1.944199985091898e-06 3.6257373898550233e-06 1.3499584269631948e-06 9.965570445996963e-05 2.4163059948063907e-05 2.4718029839378516e-05 1.4973057097918315e-05 9.024588514374673e-06 6.040439228221025e-06 1.0286333131299643e-06 8.619160367276253e-06 6.938178191927774e-07 2.319348741873098e-06 6.383913680068521e-05 1.100702280247489e-06 1.2619329601953375e-06 2.9378542194533396e-06 1.3693746153439107e-06 1.4779693192914787e-06 4.690549063274862e-06 4.685530007643678e-06 7.201087025215272e-08 1.3996419447422783e-06 5.026512225871756e-06 3.210032223073562e-05 3.210218933104499e-06 2.9274728836209163e-05 1.470743816224693e-06 3.716494599549183e-05 2.106207411250858e-06 7.479993510219392e-05 4.061097017995912e-07 1.2896497436153788e-06 5.791935725076371e-07 1.6849095378458439e-06 6.500696278815652e-06 9.91013400910934e-06 4.4435622041176296e-05 6.257515317232369e-07 0.0 3.565086434620157e-05 6.171135313512213e-05 8.418133409899504e-05 4.628946338362772e-05 3.12226523384318e-05 1.63902075661135e-05 0.0006188715864983668 4.661729749651853e-06 6.551535725999973e-05 1.8312006508581898e-06 0.0 2.404540113484094e-06 7.560757543612909e-07 1.3442135180709544e-06 0.0 2.0466002337541e-07 0.0 5.835871353529228e-07 0.0 3.697088980430501e-05 1.1956445697498463e-05 4.877939545049021e-06 5.472668111370325e-05 1.6205864666878728e-05 0.0 6.565398232244702e-06 1.4211574058802603e-05 3.7573011898658676e-07 2.0162941155192243e-07 1.2906564343879783e-06 0.0 2.5030765726418057e-06 1.3978288953951359e-06 1.420092036553723e-06 6.204390641247248e-07 3.991785609834334e-06 3.2777209106745315e-06 1.321496380505729e-05 1.855663491481068e-05 9.32820009793101e-06 1.4446475936304888e-05 3.068916480096094e-05 1.479180685728733e-06 1.5280981215870689e-06 0.0 1.4806461041669443e-07 0.0 0.0 0.0 0.0 0.0 0.0 1.8785359610106363e-07 0.0 6.098689141997551e-07 0.0 1.413317860461397e-07 0.0 1.7461085118608603e-07 0.0 0.0 1.8510023854916145e-06 1.7367594807754934e-06 0.0 0.0 0.0 9.474120806831104e-06 5.989634678511091e-07 5.466814090277688e-06 1.976403310338873e-06 1.6339499527751422e-06 8.034224391168712e-08 1.345902555447478e-07 2.4185974623610334e-07 2.0721040137436533e-07 1.0607723118766021e-06 2.0265923548363757e-07 0.0 4.756507137645062e-07 1.2899786808200036e-06 0.0 0.0 6.449071888986789e-07 5.303158949667513e-07 4.2560770093347714e-07 0.0 0.0 5.880365537388277e-08 3.2513243347254416e-07 0.0 0.0 2.1827678635882392e-07 2.1290597712499923e-07 1.2675420395282276e-05 1.5795554583310106e-06 2.1028744269604432e-07 0.0 6.356520822788492e-08 0.0 9.039057311923359e-08 0.0 4.50864930400849e-07 3.889241690815676e-07 2.236232783709428e-05 6.281203384201895e-07 9.264715039860224e-08 1.0222523815449579e-07 1.1607487046022136e-06 1.4987353898989147e-05 8.261701431683562e-07 2.4835595390454612e-06 2.76380663669466e-07 1.3726542589848629e-06 5.652662924574999e-07 6.296989365592848e-07 5.675017139349224e-07 1.0844067646302611e-07 5.892489328517197e-08 0.0 0.0 1.4448627545674916e-07 2.7825367205329486e-07 9.932735355134431e-07 5.071920707049851e-07 9.698979063347648e-06 7.870201879673788e-06 4.899654291153666e-06
0.00016141864786591064 2.6816788771745295e-05 1.2071345185582385e-06 0.00045551659659276347 2.3421024317494888e-05 0.0001683425380972819 0.00013115985553434229 1.2818843500502432e-06 1.5498671048710776e-05 0.0012086587136647382 7.314503519899287e-05 0.0 0.0003964858120012512 0.0002719833992019608 1.0943750766243804e-05 2.7117689744180225e-06 8.777713086493038e-08 1.3012106358715087e-07 0.0 0.0 4.1788347671250965e-07 1.2708719296386252e-07 6.343962301046986e-07 6.179514816141234e-07 1.5235929100528826e-07 1.9283360852697755e-07 2.658270861093149e-07 1.0823061585967287e-07 1.0370525160035673e-07 2.4046386165873477e-07 1.7464080910708153e-06 2.5728711230707433e-06 6.229412807581721e-05 0.0 2.515049537493057e-07 0.0 8.229788821135156e-05 6.419816457721524e-07 1.5298746138236346e-06 2.6847086063864073e-07 4.94879197196466e-07 1.9953149318832894e-07 0.0 1.5858023423778236e-06 0.0 8.489472004151006e-08 1.1245003847437753e-05 6.964398331944205e-08 0.0 8.135234226581635e-08 5.157093975284046e-07 3.5163579630759196e-07 7.401408376604485e-07 1.3390049385143947e-07 0.0 0.0 4.0007370049516776e-06 2.953079768868553e-06 5.676470352886267e-07 3.332352529598417e-06 0.0 1.0050592609587673e-06 0.0 8.551359751180744e-06 0.0 6.270335886792902e-08 2.5942034329407507e-07 0.0 2.0120936713578565e-07 8.503958785091228e-07 5.901345269596844e-05 3.890672923052149e-07 0.0 4.518223854598768e-06 7.689109981197478e-06 1.1216000222049285e-05 9.37923712149182e-06 3.699041586079329e-06 4.708685570407774e-07 1.0308248295991739e-05 6.952598021090057e-08 2.3074119453801642e-06 1.4311264094694476e-07 0.0 0.0 5.309403654781911e-08 7.567616573284729e-08 0.0 0.0 0.0 5.411996335812315e-08 0.0 1.7974046268037633e-06 6.104925688113922e-07 1.4457436383899066e-07 0.0004130662206031867 4.5062648166772096e-05 0.0 2.027522696585074e-06 3.5553678090831095e-05 2.82189280418017e-06 2.8175886975491487e-06 1.142750184843661e-05 8.05572119123838e-07 9.613882220927924e-06 9.483549560926025e-06 3.2629799097539836e-06 4.510986218621973e-06 2.7812633519499136e-05 1.9576854832353873e-05 4.789841930181364e-05 9.592876289696746e-05 6.755046322211633e-05 5.845444306875656e-05 9.118302791164034e-05 7.992888795416928e-07 2.922406150164842e-06 0.0 0.0 0.0 0.0 0.0 0.0 0.0 0.0 0.0 0.0 9.515944987381875e-08 0.0 1.9746167057441634e-07 0.0 0.0 0.0 1.3397654531188394e-07 5.3040394543364895e-06 2.90090534738673e-06 0.0 0.0 0.0 2.1112211112197484e-05 5.405009113883239e-07 7.798815196767847e-06 4.806913427463593e-07 4.444774764168301e-07 0.0 0.0 0.0 4.882411899818207e-07 1.645014077237206e-06 8.474470006482357e-08 0.0 1.4511290090355063e-07 1.299488324181261e-06 0.0 0.0 3.6943364262999343e-07 0.0 2.92087637163042e-07 0.0 0.0 7.783525738401025e-08 1.7070580690791868e-06 1.1219795984707865e-06 1.16571588340417e-07 8.465405839614031e-08 2.220314852602657e-07 1.570056057871866e-05 2.3760552515884948e-06 6.323240269831259e-08 1.2774261007488247e-07 0.0 7.034652104378046e-08 0.0 0.0 0.0 0.0 6.776825513841993e-05 2.2926517804130714e-06 0.0 4.833189720584104e-07 2.010190513076608e-07 2.6787930818067507e-05 5.021305930834644e-07 2.9820434967566624e-06 1.0701258208120628e-06 3.3168632429716453e-06 1.8341456171994343e-06 8.994670730850065e-07 1.1208271927928126e-06 0.0 0.0 0.0 9.562962893313377e-08 2.0862231598315414e-07 0.0 1.0209351353103497e-07 1.0316806317017679e-07 3.726496420068263e-05 1.0400797591207517e-05 2.4356529214528446e-06
