0.0 0.0011918321308693736 0.00024053165281279318 0.0014029209184116395 1.5129050186386932e-05 1.6773723680229322e-05 0.00020443948246306418 6.029538943120844e-05 6.757506712459486e-06 0.0012048388024887744 0.00018382438157872415 1.615236594259406e-05 2.178621606828414e-05 6.654327657665939e-05 3.182499541966923e-07 0.0 1.4853401417537523e-07 0.0 0.0 6.703716356240415e-08 5.9987040158784e-08 1.2367554977934655e-07 6.514794140992815e-08 0.0 0.0 0.0 0.0 1.723182345942792e-07 0.0 0.0 0.00020771410468983038 1.962159671004958e-06 2.9388007856914508e-05 0.0 0.0 0.0 3.031684316705481e-07 0.0 1.434436459752327e-07 0.0 2.381482742495547e-07 1.7774878952706838e-07 0.0 7.739518644582924e-08 0.0 0.0 9.358457283230797e-06 3.8472670339989396e-06 5.515611089174619e-07 6.659863823364081e-08 5.510975089453359e-07 0.0 0.0 0.0 4.949689441926672e-06 5.199819939610249e-06 0.00019590028322049091 0.0004425792374816711 8.570738298206223e-05 1.2480856491815751e-05 6.987573340300924e-08 0.0 0.0 8.7860026787319e-07 4.239453533304879e-06 1.973435975935764e-06 9.235642124301632e-07 1.0849364178742291e-06 7.254270918797877e-07 1.451688637576371e-07 3.2942006624887797e-06 2.2926791355800684e-06 0.0 0.00017036036931854598 5.077399350251502e-06 4.062232637539758e-06 7.713865023915651e-07 2.3185481969559212e-07 6.318184241314539e-08 2.2875111398643e-05 2.1128631448920587e-07 1.7928941664413387e-07 1.0406397044811966e-05 1.646445052022233e-07 1.826843979168992e-06 2.5003135941670836e-06 4.565140726028478e-07 7.604519325754993e-08 1.0399875259431828e-06 0.0 9.303178565956905e-07 0.0 6.821356155818963e-08 6.217085343785438e-07 1.544112283428649e-07 0.00017421293334155566 1.0611293101466673e-05 0.0 0.0 0.0007908955673622983 0.0 6.901780036440076e-07 2.051375389287993e-07 2.5972333888245664e-07 0.0 4.3017485839731466e-07 0.0 1.309082973377136e-07 7.526495372047081e-07 3.5723445870167987e-07 0.0 0.0 2.4815638760610384e-06 4.121278313651421e-07 7.794807906534872e-07 0.0 0.0 0.0 0.0 0.0 0.0 0.0 0.0 0.0 0.0 0.0 0.0 0.0 0.0 0.0 0.0 0.0 0.0 0.0 0.0 0.0 0.0 0.0 0.0 0.0 7.318574965833516e-08 7.189700706840248e-07 1.209433544419286e-06 0.0 0.0 0.0 0.0 0.0 0.0 0.0 0.0 0.0 0.0 0.0 0.0 0.0 0.0 0.0 0.0 0.0 0.0 0.0 0.0 0.0 0.0 0.0 1.888709422405367e-07 0.0 0.0 0.0 0.0 0.0 0.0 0.0 0.0 0.0 0.0 0.0 0.0 0.0 0.0 0.0 0.0 0.0 0.0 0.0 0.0 0.0 0.0 7.040688072733109e-08 0.0 0.0 0.0 1.507596076379539e-07 0.0 7.844072982152293e-08 0.0 0.0 0.0 5.299276434932575e-07
0.0011918321308693736 0.0 0.002187697838756449 0.00133087281119607 0.000994704456713728 8.028026929254416e-06 0.001915025930110151 0.0003345574525935554 0.000983844148753276 0.0019438090981736122 0.0011646835983150372 0.00018024525939661882 0.0009133515722440233 0.0016083775122573269 9.436254604759546e-06 2.784561293175916e-07 8.467260842090145e-07 4.534666149112169e-07 0.0 4.2967143821901454e-07 0.0 0.0 2.3267966962345016e-07 8.621783495144461e-08 6.721121150966219e-07 7.716829946961737e-08 3.7429778617631195e-07 1.8795495336663642e-07 3.635617228646583e-07 0.0 0.0009392731195327801 2.6172259285582536e-05 3.693831350401253e-05 1.1667900562278677e-07 1.5922200577627778e-07 1.2643304842414954e-07 4.8164195874987035e-06 9.38433489010782e-08 0.0 0.0 1.83288273466837e-07 1.154186265181837e-06 2.3786717430027775e-07 2.5005929824028223e-07 0.0 0.0 0.0001704356496306488 2.2000812830223688e-05 3.8019065206946707e-06 1.354632323964301e-07 6.864765276489713e-06 0.0 8.076071579251868e-08 1.5384858418278179e-07 2.5180277072891705e-05 2.5454850362978272e-05 0.00013539261726157776 0.0004370101712120014 0.00018382273564202488 5.8308607159479856e-05 1.0382877356000609e-07 2.0611612294549744e-07 0.0 8.580853791534331e-06 2.19889620428697e-05 1.1674725562685686e-05 4.65591316937575e-06 6.989768364650346e-06 1.6993893382921726e-06 3.0665229138216354e-07 2.678946124407646e-06 0.0 0.0 0.0004226886656798624 7.286626649946628e-05 4.947967898448443e-05 1.5017272816213514e-05 3.7955863320498685e-07 3.6446350843614313e-07 3.125846785849492e-05 2.4859711594939085e-07 5.262745985381502e-07 6.536824265323271e-05 7.466426966695896e-07 8.682744676704653e-06 1.2501660641830412e-05 2.4713781155855192e-06 5.349050581996276e-07 3.6129018426673606e-06 5.029729898715146e-07 4.426435671521438e-06 1.8383460277558986e-06 1.2910839069903324e-06 4.261174668515244e-06 6.779415842162494e-07 7.398802744189081e-06 4.5318772320306985e-07 0.0 1.8778825729435914e-07 0.0007752165547355731 0.0 0.0 0.0 7.131428490050739e-07 0.0 6.251230108925271e-07 0.0 0.0 1.4418798395415472e-05 1.013398388494503e-06 0.0 2.8921823419475965e-07 2.7853491975310235e-06 2.918559063586049e-07 1.82981569680317e-07 8.543510493649946e-08 0.0 0.0 1.3165777960381222e-07 0.0 0.0 0.0 0.0 0.0 0.0 0.0 0.0 0.0 0.0 0.0 0.0 3.25629954852181e-07 0.0 0.0 7.987555082882824e-08 5.23225631663972e-07 5.708346701656299e-07 0.0 0.0 3.423078527840342e-07 0.0 8.286631552274034e-07 0.0 0.0 0.0 0.0 0.0 0.0 0.0 0.0 0.0 0.0 0.0 0.0 0.0 0.0 0.0 0.0 0.0 0.0 0.0 9.136857698673962e-08 8.370138085246445e-08 0.0 0.0 0.0 1.3523124163923985e-06 0.0 0.0 0.0 7.131422610118736e-08 0.0 8.627100260326482e-08 1.5700058053216333e-07 0.0 0.0 4.5792603374117806e-07 0.0 0.0 1.6009003400480915e-07 1.0881705960732354e-07 9.489594819517517e-08 0.0 3.4722584751088796e-07 0.0 0.0 0.0 0.0 4.292130321868243e-07 0.0 2.404293938700125e-07 8.414863461362294e-08 8.528892982691168e-08 3.862721370347087e-07 2.3623838740271806e-07 0.0 0.0 8.756408196971241e-07 1.3845328235194096e-07 2.9165400909340463e-07
0.00024053165281279318 0.002187697838756449 0.0 2.744245633478134e-05 0.00041643263244394867 4.4859614963471857e-07 0.0002667435989803581 0.0008052302953849951 0.0009827113086469737 0.00032511497500849364 0.0024370416855884224 0.00023494056213408683 0.000805300419160063 0.0018504507801333607 1.2125465117400105e-05 9.570853650483017e-07 1.1548104656967313e-06 9.330566668566118e-07 3.7325983444615955e-07 2.327798695447086e-06 6.190080638875837e-06 7.019754861477624e-08 3.909294515094794e-06 1.012258707407445e-06 8.924119243511068e-06 1.4204492579044678e-06 5.7289627689793295e-06 7.550721083893781e-07 2.1007581942106242e-07 0.0 0.003936372663118678 0.0003209608643827914 5.258906771325977e-05 5.068960217044136e-07 1.0117538035263032e-05 1.0620558828981723e-05 1.0186672740435513e-05 3.3388615292173012e-06 1.0464755801134048e-06 1.6729892471906387e-06 2.669473887147401e-06 2.888111723821429e-06 2.41056804174454e-06 1.160106958179858e-06 3.696203394676898e-07 1.0351089267607468e-06 9.045919055128673e-05 8.24664967410297e-06 1.793890253055632e-06 4.4124820767516035e-07 3.231457815798957e-06 0.0 0.0 3.2882911478948206e-07 1.0104195790090036e-05 1.04212641066182e-05 8.497184991385095e-05 0.0004983524480798937 9.276391464264204e-05 3.4488770215389276e-05 5.842420297056236e-06 6.826829274926194e-06 7.985635285083933e-07 5.1009821999857835e-05 8.820264594983624e-06 4.83974153419681e-06 1.5310878551136582e-06 3.4508887311682552e-06 4.1813522722717205e-06 1.1864665587629701e-05 6.264736848462672e-06 0.0 0.0 0.0002826727527278442 8.190984095849523e-05 4.384949355908135e-05 1.8421634422901876e-05 1.656322076868061e-06 3.3355339482984315e-05 0.00018117776282393987 1.2634521733185436e-05 6.622789613381216e-05 2.711377319257045e-05 3.798512708875049e-07 3.24613372101578e-06 5.795439535822327e-06 1.9063995636980052e-06 2.936383162796225e-07 1.5340161723163988e-06 0.0 2.1714789065087147e-06 1.2805106197962874e-06 7.586473056580723e-06 1.870562750125522e-06 9.018803951882423e-07 2.0820359680533205e-06 9.4468268074328e-08 0.0 0.0 0.0005790874673739743 0.0 0.0 0.0 0.0 0.0 0.0 0.0 0.0 2.423058631033003e-07 2.309320035673109e-07 0.0 0.0 9.667846722159768e-07 1.2439973527131786e-07 7.718998727214653e-07 0.0 0.0 0.0 0.0 0.0 0.0 0.0 0.0 0.0 0.0 2.1518636232123208e-07 0.0 0.0 0.0 0.0 0.0 0.0 0.0 0.0 0.0 0.0 0.0 0.0 0.0 1.300723800711749e-07 0.0 2.717390975286682e-07 0.0 0.0 1.495560051567691e-07 5.546249585528648e-07 0.0 0.0 0.0 0.0 0.0 0.0 1.6116772100878444e-07 0.0 8.422180710076798e-08 9.25785820605496e-08 0.0 0.0 0.0 0.0 0.0 0.0 7.387063760475496e-08 0.0 0.0 0.0 6.819434724705627e-07 0.0 0.0 0.0 0.0 0.0 0.0 8.105482999129505e-08 0.0 0.0 4.573491732121639e-07 1.0526863170906044e-07 0.0 8.644587831428369e-08 1.8262604285840106e-07 2.1065499272333096e-07 0.0 0.0 0.0 0.0 0.0 0.0 0.0 1.2276682588809854e-07 0.0 0.0 0.0 5.909074905709285e-08 1.5293383009460207e-07 0.0 0.0 3.568022967659951e-07 0.0 9.585191407343623e-08
0.0014029209184116395 0.00133087281119607 2.744245633478134e-05 0.0 1.1016969484504945e-05 7.321612670677932e-05 0.0008256291896342793 9.161831795199455e-07 1.4322487866245596e-05 0.0013718734821228462 1.4600888325673636e-06 2.3037216282814158e-05 0.00014678346098115705 6.582957280827429e-05 7.118612851587908e-07 0.0 0.0 6.347333677555165e-08 0.0 0.0 7.661054871961209e-08 0.0 6.597563330492082e-08 0.0 0.0 0.0 0.0 0.0 0.0 0.0 3.225407125997591e-05 6.314757090280461e-07 1.5611585329674424e-07 0.0 0.0 0.0 4.5460875903645764e-07 0.0 0.0 0.0 0.0 7.413381029468143e-08 1.0357649181080022e-07 1.35160703361632e-07 0.0 0.0 3.213267558196479e-05 4.037258717412227e-06 6.366079227442746e-07 5.781258250485574e-08 1.4774461893084212e-06 0.0 0.0 1.6836579656810874e-07 6.1191491048824176e-06 6.153632737036825e-06 4.9986581761577394e-05 0.0001623290446620941 6.144899362232156e-05 1.557540005826494e-05 0.0 0.0 0.0 1.2523022209398922e-06 6.7677822398969125e-06 2.7348495452572787e-06 1.5913192129804139e-06 1.3788269505704794e-06 1.7069210019937858e-07 0.0 2.1213870993851938e-06 8.181138254896408e-07 0.0 0.00012793314929893917 8.654783136993506e-06 5.247852385482166e-06 1.0447935994309931e-06 0.0 7.779211452230217e-08 0.0 0.0 1.349903747980286e-07 1.8292460555240033e-05 8.300193027445122e-08 2.2789106868024844e-06 2.639295025078025e-06 5.033554075824563e-07 1.6724757069960357e-07 3.494554915932908e-07 2.028803440983349e-07 1.3371418586292179e-06 2.62000296817708e-07 8.517613966458382e-08 9.341980563905786e-07 1.9791791668531384e-07 4.6007575831046035e-05 9.61774506288352e-07 0.0 0.0 0.0004489703539626423 5.480397287064113e-07 5.014637596313663e-06 2.319717045119015e-05 5.210498455374067e-05 4.05837636906812e-07 1.30154766281103e-05 1.3823099086925208e-06 1.7519746220470582e-06 4.905523398915861e-05 1.3661113735238421e-05 0.0 6.010204248219644e-06 5.671331536643954e-06 2.873672903996214e-07 1.3252277313410442e-06 0.0 0.0 0.0 0.0 0.0 0.0 0.0 0.0 0.0 0.0 0.0 0.0 0.0 0.0 0.0 0.0 0.0 0.0 0.0 4.449677089284139e-07 1.4153617251382025e-06 0.0 0.0 0.0 1.0851979507164522e-06 0.0 2.4818165955385147e-07 0.0 0.0 0.0 0.0 0.0 0.0 0.0 0.0 0.0 2.7455067848138063e-07 1.8760690059162173e-07 0.0 0.0 0.0 4.0716145786442147e-07 0.0 0.0 8.711054582787188e-08 0.0 9.304021486875779e-07 4.39180307455637e-07 1.9447932591686167e-07 0.0 0.0 6.462933271393923e-07 7.434908767181681e-08 0.0 0.0 1.7669741195217646e-07 0.0 0.0 0.0 0.0 0.0 4.32664839735767e-07 3.611461030662671e-07 0.0 7.76613579010771e-08 0.0 0.0 0.0 0.0 9.908910802423414e-07 1.8622886012768938e-07 4.385853694023434e-07 0.0 0.0 0.0 0.0 0.0 0.0 0.0 7.732812255470925e-08 0.0 0.0 2.154172541844636e-07 1.0094219342127298e-06 9.767231488844925e-08
1.5129050186386932e-05 0.000994704456713728 0.00041643263244394867 1.1016969484504945e-05 0.0 0.0 0.0015695194622298487 1.5369529749143445e-05 0.003547706065331955 0.0006569905311629596 0.0005275361421959528 3.831588084248287e-05 0.00029266828561054416 0.000968628800634197 1.5976037039047014e-06 1.0947864342323922e-07 0.0 0.0 0.0 0.0 0.0 0.0 0.0 0.0 0.0 0.0 1.2482951910117053e-07 0.0 0.0 0.0 6.297205122816606e-05 1.0709867561255787e-07 9.124545643720872e-07 0.0 1.1310516988501405e-07 8.203502118940733e-08 0.0 0.0 9.016039469185055e-08 0.0 1.135347185175866e-07 0.0 0.0 0.0 0.0 0.0 1.399297277898891e-05 6.751690198790037e-07 2.504724287960515e-07 0.0 3.2278170272354477e-07 0.0 0.0 0.0 5.715477948521784e-07 9.521449089811979e-07 4.430868820121862e-06 9.295220012658635e-06 6.104892928811723e-06 4.133881562437056e-06 0.0 0.0 0.0 4.973594645213161e-07 1.0601907175074974e-06 2.20003607679848e-07 0.0 8.132031545447593e-08 0.0 4.262643834858703e-07 6.287077702373092e-07 0.0 0.0 1.5759514285780194e-05 6.023277192506914e-06 4.1644830478857565e-06 1.5402904844250639e-06 0.0 0.0 5.789972048383303e-07 0.0 0.0 2.032566394934102e-06 0.0 1.8101035514269183e-07 3.668286718846931e-07 0.0 0.0 8.058589234756206e-08 0.0 0.0 1.821287508758993e-07 0.0 2.2472348136449876e-07 0.0 5.132823399844726e-07 1.0163190029863188e-07 0.0 9.073118582438628e-08 1.1835374974221693e-05 0.0 0.0 0.0 0.0 0.0 0.0 0.0 0.0 4.786949727630216e-07 0.0 0.0 0.0 3.072781513445337e-07 1.7722495291820331e-07 0.0 0.0 0.0 0.0 0.0 0.0 0.0 0.0 0.0 0.0 0.0 9.75017903271124e-08 0.0 0.0 0.0 0.0 0.0 0.0 0.0 0.0 0.0 0.0 0.0 0.0 0.0 0.0 0.0 1.9723016717198612e-07 0.0 0.0 0.0 0.0 0.0 0.0 0.0 0.0 0.0 0.0 0.0 0.0 0.0 0.0 0.0 0.0 0.0 0.0 0.0 0.0 0.0 0.0 0.0 0.0 0.0 0.0 0.0 0.0 0.0 0.0 0.0 0.0 0.0 0.0 0.0 0.0 0.0 0.0 7.82836441714412e-08 3.472768069215783e-07 0.0 0.0 0.0 0.0 0.0 0.0 0.0 0.0 0.0 0.0 0.0 0.0 0.0 0.0 0.0 1.6685911625847236e-07 0.0 0.0
1.6773723680229322e-05 8.028026929254416e-06 4.4859614963471857e-07 7.321612670677932e-05 0.0 0.0 3.068059575251228e-06 2.570416978937465e-07 2.4604878608569813e-07 0.0002629469811906364 1.786160122049154e-06 7.745051527972357e-05 2.7464061334801394e-05 5.653308996261943e-06 7.950492238155194e-07 2.2676659440400167e-07 1.8872511339361124e-07 0.0 0.0 0.0 0.0 0.0 0.0 0.0 0.0 0.0 0.0 0.0 0.0 0.0 4.6527937217166324e-07 1.0507779524928301e-07 1.124346221780929e-05 0.0 0.0 0.0 5.125564519255236e-06 0.0 8.103935139696076e-07 1.3072085817198222e-07 0.0 0.0 0.0 0.0 0.0 3.529766300738034e-07 4.0456189419321166e-07 8.282307580944384e-08 1.6575647220977442e-07 0.0 0.0 0.0 0.0 0.0 7.389564038228211e-08 0.0 0.00011651332523689711 2.162565659357475e-05 3.8066783664449676e-06 3.762676548628343e-07 0.0 1.5985019811167573e-07 0.0 0.0 0.0 0.0 0.0 0.0 0.0 0.0 1.924034852411642e-05 8.778101879432407e-06 7.56249806503462e-07 2.9928985277691542e-06 1.5502028476622285e-07 3.970733957257572e-07 6.765941259319891e-07 0.0 0.0 1.9746754068026186e-06 3.167015002368054e-07 0.0 0.0 0.0 0.0 0.0 0.0 1.293110072759152e-07 0.0 1.8446731743202367e-07 0.0 0.0 0.0 0.0 0.0 9.99881042735755e-05 8.040040487499408e-05 5.392936173156981e-06 2.5607033835350233e-06 0.00036769754522931797 0.0 5.428758809560081e-07 0.0 6.618150932410961e-07 0.0 0.0 4.148882791225074e-06 0.0 3.2406322214367495e-06 2.571291194161114e-06 5.405382813220353e-07 2.5469753886896177e-07 6.719856756521384e-06 6.910420139190038e-07 1.0163616651596277e-06 1.0754803961597955e-07 0.0 0.0 0.0 0.0 0.0 0.0 0.0 0.0 0.0 0.0 0.0 0.0 2.182386023575585e-07 0.0 0.0 1.1050840114148288e-06 3.960476807874282e-07 0.0 6.889634448895245e-07 0.0 2.7428709419621396e-07 0.0 0.0 0.0 0.0 1.2545913176680998e-06 0.0 0.0 0.0 0.0 0.0 0.0 0.0 2.132175846887592e-06 0.0 1.0937060293931803e-07 0.0 0.0 0.0 0.0 1.1348844998598296e-07 0.0 0.0 0.0 0.0 0.0 0.0 0.0 0.0 1.6033277327770045e-06 2.2375364146001444e-06 0.0 0.0 0.0 0.0 0.0 0.0 0.0 0.0 0.0 1.315598983357402e-06 4.4773633371121767e-07 5.093689969728625e-07 0.0 0.0 2.6893182983274243e-06 0.0 0.0 0.0 0.0 0.0 0.0 0.0 0.0 0.0 0.0 0.0 0.0 0.0 0.0 0.0 2.0272333031408875e-06 4.0406592192878165e-07 1.1570941790205271e-07
0.00020443948246306418 0.001915025930110151 0.0002667435989803581 0.0008256291896342793 0.0015695194622298487 3.068059575251228e-06 0.0 1.1719730954230026e-05 0.0017020724424954292 0.0020413951182783998 0.00016048238517487744 0.00015132693434068674 0.0016406486888797573 0.0010686500476541 8.832201650739976e-06 6.923274585204088e-07 6.322109618586981e-07 1.5526661471759042e-07 0.0 8.390652514678178e-08 9.190445438969478e-08 0.0 1.7620963239300357e-07 1.0241615256264002e-07 2.90374784153407e-07 2.2573148464098398e-07 3.254101499274035e-07 1.9501355040559822e-07 0.0 0.0 5.043795061274777e-05 1.0520086026612277e-06 3.8634334301126173e-07 0.0 6.477057064062205e-07 0.0 1.137782535412755e-06 7.774203710141229e-08 1.726048094135766e-07 1.8148872681066035e-07 2.9089911075660566e-07 4.005663693319768e-07 0.0 0.0 0.0 0.0 8.365377603444731e-05 6.030711739331615e-06 1.0626444131322352e-06 4.096155650843994e-07 2.4839864929785123e-06 0.0 0.0 7.867464004984917e-08 6.198230427162606e-06 8.846493041070119e-06 2.923480777043231e-05 7.1405576326253e-05 4.4666364595609626e-05 2.3393241899361908e-05 2.0489416854320645e-07 7.789056418380116e-08 0.0 2.4105185131173045e-06 6.50886556888591e-06 2.169610518915301e-06 1.1972797445694234e-06 2.2913297303849892e-06 4.729428639487767e-07 4.278792349445836e-07 7.965097074593877e-07 0.0 0.0 0.00010241401153566614 3.084773097077782e-05 2.6969373012323536e-05 1.0183771065858e-05 1.3689587129563657e-07 2.2346241888113177e-07 8.570802002042866e-07 8.402015156610558e-08 6.734293962631927e-08 1.964166749207845e-05 6.571653083459179e-08 1.9758965576142028e-06 3.008556453496268e-06 4.841975111300397e-07 1.098058616391909e-07 9.793084308541933e-07 2.6756567859131963e-07 1.7445052725581598e-06 2.7815893142114265e-07 5.527966002298748e-07 1.6564973184415154e-06 2.5227213225041494e-07 4.763047601508142e-06 4.049517794177968e-07 0.0 0.0 5.152010905674731e-05 1.977776672405333e-07 2.283681617896692e-06 8.74300711981193e-06 1.5977199867466385e-05 0.0 6.738290709212367e-06 1.0843814502920383e-06 8.216218059889829e-07 2.7082015444626446e-05 2.814433667056278e-06 0.0 4.041530440319426e-05 6.498382483115415e-05 2.142767536308828e-05 1.5679581516679725e-06 1.0946746501917627e-07 0.0 0.0 0.0 0.0 0.0 0.0 0.0 0.0 0.0 0.0 0.0 0.0 0.0 0.0 0.0 0.0 0.0 0.0 2.2529610834247101e-07 0.0 0.0 4.010336279284601e-07 0.0 1.9108482157191438e-07 0.0 1.3263166424818873e-06 3.796000605925749e-07 0.0 0.0 1.0043462201097901e-07 0.0 0.0 0.0 0.0 0.0 4.512341092619062e-07 0.0 0.0 0.0 0.0 0.0 0.0 6.935659420648853e-08 7.921573752577118e-08 0.0 2.1150209492719038e-07 5.237929667031418e-07 1.0996139237392082e-07 0.0 0.0 2.324271526769642e-06 0.0 1.4179988485083942e-07 7.903664133022591e-08 0.0 0.0 0.0 6.874926909644247e-08 0.0 0.0 2.360586248148791e-07 0.0 0.0 8.802614923956313e-08 9.692249289294596e-08 1.9888021982362227e-07 0.0 2.416204655627737e-07 0.0 1.6822814082666715e-07 5.790206527005056e-07 0.0 0.0 0.0 0.0 1.5008253346783994e-07 0.0 2.368308232182817e-07 8.544736786135403e-08 0.0 0.0 1.5321279301525898e-06 9.322710589416137e-08 6.245704475491997e-07
6.029538943120844e-05 0.0003345574525935554 0.0008052302953849951 9.161831795199455e-07 1.5369529749143445e-05 2.570416978937465e-07 1.1719730954230026e-05 0.0 7.698552016959794e-05 3.072436092266557e-05 0.0013501856016453805 3.542859709148652e-05 0.00024146891716879078 0.000829203629678797 4.1787064858017115e-05 7.580414910372252e-06 1.2599117604209256e-05 2.555226126262313e-05 7.030980585926692e-06 2.9422223377236112e-05 3.7075208793848225e-05 4.400426582831569e-07 2.4994712076686896e-05 7.4018655485032386e-06 4.976562269761339e-05 6.338926851307525e-06 3.3793274812837234e-05 2.7464545971863577e-06 9.154383293336133e-07 7.644005094463213e-07 0.0013632306973399004 0.0016586090120417995 5.067125137958867e-05 6.247146600681502e-06 5.667150209851387e-05 6.642900712143853e-05 1.0983234321961678e-05 2.3276624711424242e-05 6.39649046442487e-06 8.902203489084677e-06 1.963825377342237e-05 1.1023419286450853e-05 3.2699119406374125e-05 9.838112350890997e-05 1.2466578860526507e-05 2.8333006205532454e-05 0.0001688341643222988 1.218701992382877e-05 7.503260363410263e-06 1.4339895189342167e-05 4.299317820083219e-06 7.587395330448609e-07 0.0 1.3898056329430815e-06 1.1077855762264676e-05 9.536681141864025e-06 4.290548190924473e-05 0.0003660358226831692 7.141768026101284e-05 4.873116026284309e-05 6.429404376865314e-05 4.249188861589328e-05 1.491432939708168e-05 0.0002770717780990387 9.190924908224748e-06 4.6374108526753485e-06 1.4460954045248403e-06 7.2206604238795856e-06 2.561247713013569e-05 7.02700473662459e-05 7.391873525253952e-06 2.1649291587852678e-07 1.028004975846271e-07 0.00028671324065817944 0.0003442929483123355 0.00012413023406284297 0.00013070020491735593 0.0001071605663656349 0.0006415445886921422 0.0009306933044835003 0.000247541361934576 0.0006128095176819395 2.8591064818066297e-05 1.3895923743426003e-07 4.650908556717239e-06 4.866729334301905e-06 6.785669091048073e-06 4.273867841060975e-07 1.5597222354438778e-06 4.853943516894214e-07 2.4095287768295745e-06 1.2402898595877265e-06 3.214535791583587e-05 7.088051062213483e-06 4.032096633641424e-06 2.043361643027992e-06 8.733915366418322e-07 0.0 1.9297763701616984e-07 0.0001536587033752863 1.2003150765346129e-07 0.0 0.0 0.0 0.0 0.0 0.0 0.0 0.0 0.0 0.0 0.0 1.387457893693033e-07 0.0 0.0 0.0 0.0 0.0 0.0 0.0 0.0 0.0 9.49870283418974e-08 0.0 0.0 4.412536629454073e-07 0.0 0.0 0.0 0.0 2.0447975093565428e-07 3.3448659589802985e-07 1.9976526718867268e-07 0.0 0.0 1.0078888791414319e-07 0.0 2.947676290865816e-07 0.0 0.0 0.0 2.2561871407842948e-07 1.504380602897559e-07 5.348903714361364e-07 0.0 3.4301803097132356e-07 8.686954701485347e-08 0.0 0.0 1.0497137501329145e-07 0.0 0.0 0.0 0.0 3.2264880319376746e-07 4.654434810738593e-07 8.622734868142503e-07 1.3058780707062458e-06 0.0 0.0 0.0 8.8406894436513e-08 0.0 0.0 0.0 0.0 4.1596226568927564e-07 0.0 0.0 0.0 1.3554962166406567e-07 0.0 1.864501089024364e-07 0.0 1.8951105123812686e-07 1.034473097047003e-07 0.0 2.4172107773259807e-07 1.9122629273589997e-07 5.447251195708655e-07 4.7333525141109194e-07 0.0 0.0 0.0 0.0 1.174769385285879e-07 1.2448150552570244e-07 0.0 0.0 0.0 0.0 0.0 0.0 2.1676716897364955e-07 2.0578163974689348e-07 0.0 2.626179118087588e-07 0.0 0.0 7.570553049217732e-07
6.757506712459486e-06 0.000983844148753276 0.0009827113086469737 1.4322487866245596e-05 0.003547706065331955 2.4604878608569813e-07 0.0017020724424954292 7.698552016959794e-05 0.0 0.0003347909157771848 0.0007531142663001767 0.0002681252389753311 0.0026695629251610718 0.002305288727910745 4.870910374284454e-06 6.054264277363096e-07 4.558440151515904e-07 0.0 0.0 0.0 2.226813352471474e-07 9.273014057454874e-08 2.3226316790666588e-07 4.0738218397854605e-07 3.442888737415883e-07 8.132613658715863e-08 3.7780549227882734e-07 2.5541073542134574e-07 0.0 0.0 1.67305582958066e-05 9.101903332229926e-07 9.193126309033767e-06 0.0 3.677992853268987e-07 8.254619634469324e-08 6.45676679070493e-06 0.0 4.225263604468082e-07 9.904969549334564e-08 9.24433893572913e-08 4.980235048421573e-07 0.0 7.103132950602063e-08 0.0 0.0 2.0796379795577023e-05 1.5098392900383527e-06 5.296612629737606e-07 6.870839703576575e-08 4.4106203596143844e-07 1.0320842113394512e-07 0.0 0.0 8.925645771857849e-07 1.0768515636365429e-06 3.505427419800055e-06 7.827520470503769e-06 6.020577101598231e-06 3.6005381227117437e-06 0.0 0.0 0.0 1.7059635726657813e-06 8.673851730345316e-07 3.835072819416444e-07 0.0 2.9902394199865305e-07 9.335947623005833e-08 1.305498416563345e-06 3.485414385236709e-06 0.0 0.0 1.6969044097752884e-05 8.19771105231034e-06 8.752786772983793e-06 3.6213135753915937e-06 1.0863168495105093e-07 7.40105603866465e-08 1.569472913617484e-06 0.0 0.0 3.2287428878618547e-06 0.0 7.828329333549838e-07 2.1140936839950743e-07 1.467514866557176e-07 1.0273528913871687e-07 8.238125771875899e-08 0.0 7.706205563158588e-08 1.9822306555648208e-07 7.700003149551801e-07 2.639147438784756e-07 1.9394096587594984e-07 3.2454733066530074e-06 2.0584330063382877e-07 0.0 0.0 5.592870253193452e-06 0.0 0.0 0.0 1.1963776127352762e-07 0.0 8.949530904976433e-08 7.455217006997853e-07 0.0 1.1093722458244175e-06 9.71516619361007e-07 0.0 0.0 2.136768655241664e-06 5.057639257296398e-07 1.061349462640759e-06 0.0 1.7845028501476698e-07 0.0 0.0 0.0 0.0 0.0 0.0 0.0 0.0 0.0 0.0 0.0 0.0 0.0 0.0 0.0 0.0 0.0 0.0 1.0751894048582384e-07 0.0 0.0 0.0 3.158630284664744e-07 0.0 1.340538714946966e-06 1.9099051399584843e-07 0.0 0.0 0.0 0.0 0.0 0.0 0.0 0.0 0.0 0.0 0.0 0.0 9.622917051073118e-08 0.0 1.1293398546464135e-07 0.0 0.0 0.0 7.004767568128453e-08 0.0 0.0 0.0 0.0 9.559142459248036e-07 2.917020938706713e-07 0.0 0.0 0.0 0.0 0.0 0.0 0.0 0.0 3.266358805526918e-07 1.0710260210048409e-07 0.0 7.025894817140027e-08 1.2010147884429368e-07 7.438190226567247e-07 0.0 0.0 0.0 7.812897582673837e-08 0.0 0.0 0.0 0.0 0.0 0.0 0.0 7.509945846097363e-08 0.0 0.0 0.0 4.1061600284837434e-07 1.223047938978398e-07 9.110856704690486e-07
0.0012048388024887744 0.0019438090981736122 0.00032511497500849364 0.0013718734821228462 0.0006569905311629596 0.0002629469811906364 0.0020413951182783998 3.072436092266557e-05 0.0003347909157771848 0.0 0.00016216940513541283 0.0016838738898180767 0.004431795517083665 0.0007201172915164236 3.030266062733256e-05 1.3943298224906812e-06 2.5177613319962796e-06 8.526884659249348e-08 1.705389867700275e-07 4.802907928418194e-07 1.8164095302360466e-06 2.804973477123381e-07 1.8226875271021006e-06 7.884815357662074e-07 3.4915587508481136e-06 5.43384194544386e-07 2.4511356918082313e-06 1.154267532375372e-06 3.021775716624798e-07 2.1842223916726141e-07 3.163674571837781e-05 2.7262798971592247e-06 2.4685301215205656e-05 0.0 1.28896333564658e-06 9.56670640377634e-07 3.1753849144025804e-05 2.054582839929418e-06 1.6524918956947428e-06 7.203454782450714e-07 2.4894898153364644e-06 2.337877297428484e-06 2.3317754306589435e-07 7.593572852343251e-08 1.6153044094751707e-07 2.0716480881818367e-07 0.00015752038128636692 1.1581722599799468e-05 2.0573582854333448e-06 2.7799100056314487e-07 3.396182993668258e-06 4.3145578851759314e-07 1.1232461544490997e-07 3.3328827228913207e-07 9.766091703225742e-06 1.2971042583025414e-05 0.00013820272060044452 0.0001645895127527055 9.783447068629824e-05 3.1833216838594306e-05 6.949423688141457e-08 6.433472721417774e-08 0.0 8.929186882507396e-06 1.170869187188924e-05 5.970761161284505e-06 1.2400134047847317e-06 4.961584707699632e-06 2.0902464895044216e-06 5.421584848255225e-06 7.297317961095809e-05 2.747897643565209e-06 2.0298541848322358e-07 0.00017826498764040067 3.450373718377349e-05 4.63696126850114e-05 2.0781224623635914e-05 5.650836785384655e-07 3.230688590027845e-07 3.4942672043267563e-06 2.8666503705402017e-07 7.110223168608684e-07 3.233466874232278e-05 3.960581274666197e-07 3.385187729887408e-06 5.345107793591848e-06 1.2392606754895155e-06 8.924576473556862e-08 1.4290401782898564e-06 2.491310464415273e-07 1.5560113450243801e-06 6.23216802269821e-07 4.568079241646613e-06 3.073682279828608e-06 1.426964993487907e-06 0.0003973359814220717 6.250947533766386e-05 0.0 4.7778903791952025e-06 0.0007984209005853848 1.1357174967601398e-06 8.88752768839998e-06 8.002368545842221e-06 1.4595067101525335e-05 2.3532384433876467e-06 8.654436724066193e-06 2.4098626798748875e-05 7.241195452673103e-07 8.270080536741542e-05 0.00010814410120668028 2.9378678848264596e-06 2.7860966995666887e-05 0.00022178212689559222 3.0975012578322316e-05 3.601537630793136e-05 8.929313281445683e-07 4.5346995993920073e-07 3.679482436043011e-07 9.861368546882791e-08 1.3875413887274717e-07 0.0 0.0 1.3194992075873878e-07 0.0 0.0 2.1269167507720027e-06 0.0 3.957098852271294e-07 0.0 0.0 2.1267866932093603e-07 1.2047432337260926e-06 2.5573215863764595e-07 1.16089520226437e-06 3.2310782008556036e-06 9.716878704206092e-06 0.0 7.90597207166624e-06 0.0 1.8957042888213283e-05 3.6653325495431524e-06 3.789554082368589e-05 1.3258810917453914e-05 3.6135369667892634e-06 4.6395729559388134e-07 2.105657549553029e-07 9.45749169743419e-08 0.0 1.926499484056578e-07 3.4067574045826416e-07 1.2153831209499552e-07 1.006041077843286e-07 5.491253078857858e-07 7.900312571781037e-08 8.627317817810583e-08 2.078594051856658e-07 5.145982053940824e-06 8.174423241884138e-07 0.0 2.5043522842624764e-07 8.312939413375478e-08 1.3768444400301514e-06 1.3514388283614958e-06 1.7509510826835707e-06 0.0 2.221957521692405e-06 7.582942253451975e-05 4.553067592312435e-07 3.5041919284876425e-07 1.8865781430521118e-07 0.0 0.0 1.0590331810269246e-07 3.6224182839497507e-07 1.0377706282467104e-07 0.0 4.541644488999249e-05 2.346366227126656e-06 1.596379064333462e-07 2.834927222729403e-07 1.0505226981113339e-07 1.8106180160774966e-05 3.345459283318921e-06 1.4083959160395466e-05 1.4687717085560167e-06 1.2423831349804705e-06 2.2798077030957887e-06 0.0 6.669464641670711e-07 0.0 2.9499211835718795e-07 2.852673706837143e-07 0.0 3.393683702437469e-07 0.0 1.4064751617717176e-07 0.0 4.322626054779897e-05 1.6670260618840116e-05 1.923275800882871e-05
0.00018382438157872415 0.0011646835983150372 0.0024370416855884224 1.4600888325673636e-06 0.0005275361421959528 1.786160122049154e-06 0.00016048238517487744 0.0013501856016453805 0.0007531142663001767 0.00016216940513541283 0.0 0.000258884846898226 0.002004175051989326 0.002369861399933925 4.9295494485248485e-05 6.24643801660911e-06 7.099711594567637e-06 7.563508368017844e-07 8.964796515107064e-08 2.2711665092917778e-06 9.523912141061857e-06 2.3668752208879167e-06 1.793519408357523e-05 8.26268194243441e-06 5.900760746536682e-05 1.172147896001557e-05 3.918753587840611e-05 1.3429483718409806e-05 5.26071020265723e-06 5.652005062541019e-07 0.0013700826129265879 0.0002785865402706807 0.0006415368068242674 7.30822622017614e-07 2.2319972396834685e-05 3.299933110770384e-05 0.00010855420440759219 4.275474976742249e-05 2.330212069111452e-05 2.2226925367124734e-05 3.1646197473874914e-05 2.0606514308571028e-05 1.4941824749650612e-06 6.140817333771273e-07 9.360544031899018e-08 3.341392487148555e-07 0.00017125613242847625 9.67441248289804e-06 3.5346510411827838e-06 1.6033358013503634e-06 6.228306390421935e-06 4.729189463453669e-06 2.605073167496378e-07 7.774993600606702e-06 9.906490661610639e-06 9.403251441484558e-06 4.7149008458381374e-05 0.0001945580704235702 6.1443002788268e-05 4.4650391721124675e-05 1.364347324017166e-06 7.201717699618854e-05 1.4166660769876253e-06 3.803983507369115e-05 1.0022030325875776e-05 5.795167020573775e-06 1.9804100195525274e-06 5.39560645281041e-06 9.525735775839472e-06 4.3099261020192414e-05 6.376487641996761e-05 8.141320858023234e-07 0.0 0.0002137333940405873 9.255912182452685e-05 9.039978657171863e-05 4.82377803232347e-05 4.10451927265793e-06 9.14164337206435e-06 0.0005211266260030946 7.210288968618163e-06 0.00010964713869591004 2.8719159117145926e-05 3.6781041799815727e-07 3.6376254410230202e-06 5.4138731541022045e-06 1.8241425489424641e-06 2.6543136780645445e-07 1.7330759750632712e-06 2.220887864062242e-06 2.3266491883403264e-06 2.3834372645595428e-06 3.729447116423329e-05 8.551455875900528e-06 7.285603214461939e-06 3.422280255858462e-05 7.914491596610598e-06 3.557708260275613e-07 6.392676152534701e-06 0.00020144050914234574 8.042800964003107e-08 0.0 1.6014845439588517e-07 7.729580906172538e-08 1.9420640560632622e-07 3.621700213587062e-07 1.614766918357544e-07 0.0 1.4461733985562276e-06 2.631373267087578e-06 0.0 4.6087625695725714e-07 4.336458096982067e-06 1.453414293087047e-06 2.384416083773521e-06 0.0 1.6624403617144046e-07 0.0 0.0 0.0 0.0 8.827890138332915e-08 3.7958359024970956e-07 0.0 0.0 2.540373257305285e-06 1.2009610850639795e-07 8.439262565870496e-08 1.157427897827971e-07 0.0 6.548195225399458e-07 9.450710829183489e-08 1.516632192549885e-06 1.9448836141237248e-07 1.7828352360991184e-07 2.7568334284958145e-07 0.0 8.388578205332772e-08 0.0 2.8842275648723252e-06 8.91450486869455e-07 2.5430956984888364e-06 7.09620018410796e-07 4.2007127977142087e-07 3.67753526389402e-07 9.970516091334958e-07 6.02572909801902e-07 8.215648751806809e-08 2.2744433496640933e-07 0.0 7.146850179709757e-07 1.5432418574945124e-07 1.6050689505077135e-07 0.0 3.745696480990869e-07 9.153654312432945e-07 1.7828776892081784e-06 3.228716983494753e-06 0.0 0.0 0.0 1.4642590828746882e-07 7.004615343222159e-08 5.475949706497251e-07 0.0 5.444498472875289e-07 6.065351535946757e-06 1.0339200567758583e-07 0.0 0.0 0.0 7.31363451629967e-08 0.0 1.902259464375339e-07 0.0 1.3775069581019292e-07 3.4316151372537987e-06 1.0110379616578438e-06 1.2832070912801596e-07 2.651994698215246e-07 8.384136178035024e-07 2.2919526242483275e-06 2.845210701141549e-07 2.1708867385567194e-06 1.7814284950337558e-07 1.5493976236407442e-07 4.970384725000295e-07 7.440339864374866e-08 0.0 2.0236516405602936e-07 1.936853064324712e-07 1.3250378422036445e-07 0.0 1.9914622141416789e-07 2.3568007479254362e-07 3.56072708269839e-07 2.654082531404259e-07 1.6584050427800267e-06 2.1236545318306014e-06 2.6303727966573143e-06
1.615236594259406e-05 0.00018024525939661882 0.00023494056213408683 2.3037216282814158e-05 3.831588084248287e-05 7.745051527972357e-05 0.00015132693434068674 3.542859709148652e-05 0.0002681252389753311 0.0016838738898180767 0.000258884846898226 0.0 0.0011176251432202702 0.0003382062543675987 1.2287778144630889e-05 2.061643279347074e-06 3.4631312199924916e-06 9.025086071234137e-08 0.0 1.5466656112345435e-07 1.261418408717599e-06 1.7672393959206963e-06 1.305740650162084e-06 6.031685273140048e-07 7.82472671881154e-06 1.7103717250219369e-06 5.7127330263982085e-06 3.273247309199557e-06 2.808944234404369e-06 2.776860019569056e-07 4.740287109917202e-06 4.392696824220785e-07 8.492679170091745e-05 0.0 1.0715508245358578e-06 1.5483394972105644e-06 0.0001002702736191524 9.936420423627345e-06 1.6136485788103533e-05 6.047824686899092e-06 5.543792041815077e-06 5.581978731012904e-06 2.5153380878860586e-07 1.5505851085749837e-07 2.373459379280094e-07 0.0 2.5236743360032184e-05 6.522177179613172e-07 7.135834780428426e-07 7.388450836434939e-07 1.4667924842443528e-07 2.8887724583138325e-06 5.693586700345322e-07 4.570731607107208e-06 5.63501859231092e-07 5.932672248822626e-07 8.01682054324838e-06 3.0981631349914217e-06 3.5447137020151963e-06 2.216533656815583e-06 0.0 4.073147032655796e-06 2.259768411369421e-07 2.4244830314941486e-06 3.716578535052745e-07 6.968157151502144e-08 2.0425002852556556e-07 6.334467667674844e-07 1.616459972911893e-06 7.435908355622144e-06 4.431577340168327e-05 1.032661810126595e-06 1.0402954057161032e-07 7.828178572093287e-06 4.8203722803219274e-06 9.950330114904897e-06 5.556161641702697e-06 4.158713227409668e-07 1.0159304048135163e-07 1.89295320060906e-05 1.27150824790238e-07 2.1429493914991345e-06 1.6588028136467533e-06 0.0 2.3379408006941134e-07 3.1472562095312473e-07 4.0955911773717325e-07 2.3761715959152183e-07 1.2146391135538776e-07 9.641563360775004e-07 2.024090871480897e-07 8.372019075494116e-07 9.235572401374596e-06 1.6836327407727956e-06 2.4072015585422154e-06 0.00039074551946839057 2.0922508916849215e-05 0.0 8.424169374945954e-06 8.931055395539361e-05 0.0 8.780297968702848e-06 2.3257574313195352e-06 4.000953815519522e-06 1.341476439969503e-06 4.322006844367296e-06 1.611604722286115e-05 1.7122977555487496e-06 5.041793302450375e-05 0.00010335211469009696 2.9634759948200317e-06 1.0247084442350046e-05 0.00016885725774870623 2.912872960275163e-05 4.114054970064303e-05 3.7532905438375455e-07 1.808380470019809e-07 0.0 0.0 0.0 0.0 0.0 1.9950994094134092e-07 0.0 0.0 5.940044768897956e-07 9.082031252703202e-08 1.299854354766279e-07 1.0324623954993515e-06 0.0 1.0510415367779969e-06 3.476916818571751e-07 1.5468883495920648e-06 0.0 3.6878551390852622e-06 4.5114075880810514e-06 0.0 5.275941336786554e-07 2.1983016928554093e-07 1.8390728396174982e-05 6.163074104654056e-06 2.9981576349912823e-05 1.0890752223052035e-05 2.9342926379050067e-06 9.79588041220696e-07 1.713865724349628e-07 1.9420583067964156e-07 0.0 3.873533323981123e-07 4.359505196058594e-07 0.0 2.804534050205044e-07 1.5581010793914063e-06 0.0 1.013531980549604e-07 1.9455601982995057e-07 2.3316541276617273e-06 1.1115621154334509e-06 0.0 0.0 0.0 1.413468707162956e-06 4.785240496729601e-07 1.3308015998165129e-06 0.0 3.1770411618892456e-06 5.520346308828471e-05 4.7248911612938406e-07 1.817547088014325e-07 0.0 0.0 0.0 0.0 1.5332319919182264e-07 8.733723680635033e-08 1.0513381793475342e-07 3.967280884216596e-05 2.1920220888079424e-06 3.916505108376026e-07 0.0 2.8290612718983275e-07 1.3512849792873182e-05 5.076640767157315e-06 1.4678336085244832e-05 1.0956949686591643e-06 6.451363133194425e-07 1.259384808101425e-06 0.0 4.7172235992971297e-07 2.4600776376009243e-07 1.9495482948466437e-07 0.0 0.0 0.0 0.0 1.8962278301269423e-07 2.6259351009094746e-07 4.907819735147017e-05 2.070300137943266e-05 1.557227343708878e-05
