0.0 0.001597708295923764 3.511398686819738e-05 0.0013999020212238137 7.918261297945796e-06 0.00021034753749487272 0.00032126982161596727 2.7455058228110004e-05 6.168772045207496e-06 0.0009487344475423841 0.0001038607181267939 5.705219134098919e-05 0.00022492524517975137 0.0001550751378815516 7.541538308081047e-07 1.799062880499446e-07 2.3975789454605033e-07 1.4794509935972315e-07 0.0 0.0 0.0 0.0 0.0 0.0 0.0 0.0 0.0 7.38646595268112e-08 0.0 0.0 0.0004592401152170022 8.238756168900956e-07 3.3379334990660516e-05 1.3528828814787903e-07 0.0 1.034467131154154e-06 4.911658905441465e-06 6.297916903420717e-07 1.4114808329831519e-06 4.4878441507063117e-07 0.0 1.2602068664932287e-07 0.0 4.899404816774874e-07 0.0 2.8209552344165106e-07 8.460921985007524e-06 5.624379492002828e-06 2.1880401512517086e-07 3.2703910615459837e-07 8.413203160990392e-08 0.0 1.7877154880615118e-07 6.137669714380217e-08 9.914911415073987e-07 3.889397916155872e-06 0.0002027950375669567 0.000662798622513004 4.07463819529067e-05 1.3792166001243914e-05 7.440483925294189e-07 1.745851200720434e-06 0.0 1.1690536014959897e-05 4.095818374430791e-06 3.3744888732522776e-06 4.6137382081271207e-07 5.154247716356515e-07 4.922717715131511e-07 0.0 6.770960264149365e-06 2.2208523068896117e-05 0.0 0.00021290686881776297 5.9441432082963486e-05 3.23747740340411e-05 2.4177783479074915e-06 5.342636590448332e-07 2.0075581615422368e-07 2.8706904327338097e-05 8.804330250242316e-07 5.303852500438832e-06 9.578180204766562e-06 0.0 5.301691124040182e-06 3.6856236745882153e-06 4.263303790128029e-06 4.526629699623318e-07 1.0509466940456002e-06 1.2443118720674012e-07 0.0 0.0 2.402718390736579e-07 0.0 2.1301399074757918e-07 0.00011485563036903483 9.62341321797095e-06 2.7464592277378034e-07 2.3556251620299286e-06 0.0004843772691104583 0.0 6.576914333270137e-06 1.0964573038329055e-05 8.6224290688266e-06 9.896101513594002e-07 6.2983086398010035e-06 4.281217928313917e-05 1.1874091395408836e-05 1.3588768305675012e-05 3.0024908806421447e-05 1.7784825750461524e-07 6.1051184715350055e-06 2.0896813208895203e-05 1.5096555669615724e-05 1.466856797118341e-06 0.0 0.0 0.0 0.0 0.0 0.0 0.0 0.0 0.0 0.0 0.0 0.0 0.0 0.0 0.0 0.0 0.0 0.0 2.0656951327759428e-07 0.0 0.0 0.0 0.0 0.0 1.973392874121405e-06 0.0 2.4619117391517964e-07 0.0 1.4505785240327683e-07 0.0 0.0 0.0 0.0 0.0 0.0 0.0 0.0 0.0 0.0 0.0 0.0 0.0 0.0 0.0 0.0 0.0 0.0 0.0 3.689961129821627e-07 0.0 0.0 2.005000637539594e-07 0.0 0.0 0.0 0.0 0.0 0.0 0.0 0.0 0.0 3.5056666007850942e-06 0.0 0.0 0.0 0.0 1.1116531168365577e-07 0.0 7.999357037454062e-07 0.0 0.0 0.0 0.0 0.0 0.0 0.0 1.0967672329605482e-07 0.0 0.0 0.0 0.0 0.0 6.010464138541587e-06 1.0064372398192148e-06 1.1457190211122956e-06
0.001597708295923764 0.0 0.0004281810653797553 0.001397118454111931 0.001308229931796294 0.0004596304336525528 0.0036667636445978126 0.0004352740401346044 0.0026871033237672874 0.001443588419034518 0.0019421967870222054 0.0002646579010430775 0.0016571002879725066 0.0051672860593983015 1.5818681985658254e-05 5.024581717652988e-06 8.699632492396694e-07 2.3462019897323373e-07 0.0 2.3737855440878368e-07 4.204174751932867e-06 2.2041437793083547e-07 4.0964409533514265e-07 2.4072169024583976e-07 0.0 5.827080135365914e-08 1.5133851821831512e-07 4.119449156903972e-07 0.0 0.0 0.001357008794842917 2.793756004599717e-05 0.0002452008974965343 8.76069408030546e-07 5.127507518971707e-07 7.255069970613933e-06 2.2145447602109042e-05 8.399102415789606e-06 3.848928354247863e-06 1.3997220729872444e-06 5.558936878785139e-07 2.954629655423466e-07 1.5511502351573038e-07 1.6885420806364292e-06 1.2160406104001092e-07 7.642788066183891e-07 0.00014037975254860527 1.4011763223394261e-05 1.0395685906189201e-06 8.385074290667166e-07 4.767766212474975e-07 2.735372171429798e-07 9.419197415374437e-07 1.1972849743648505e-07 1.939389067060756e-06 7.356541803025862e-06 0.0001429169854544926 0.0006165490638605683 4.692587470106102e-05 0.00012169697418168235 5.588570104540259e-06 2.8985240615792808e-05 2.2652286456635728e-06 0.00011303079528120942 8.213486427063499e-06 6.6501997424434865e-06 1.8326340426247474e-06 1.0256223318940231e-06 3.911655487152952e-06 1.0326143826953738e-06 2.5417016874399502e-05 5.524622546219115e-06 3.411776843757053e-07 0.0004284950892319671 0.0002393184520825449 0.00026285424675886375 6.464088751822263e-05 6.642207398610993e-06 6.693321548909706e-07 0.00026757946977448954 1.9545706360012596e-06 4.4518498703753365e-05 1.4140450590885862e-05 1.4472324506657346e-07 1.4168685202430813e-05 8.054682777712613e-06 6.574906211161984e-06 5.867249034180437e-07 1.8641707976630834e-06 2.33848003173384e-07 4.3589623394308836e-07 0.0 2.126453938232346e-06 5.037795107007053e-07 1.2081053857537143e-07 2.6633418391901352e-05 6.004822784724827e-06 1.0972295883501033e-06 3.3672353921403696e-06 0.00044350213909260746 7.291484863836322e-07 3.33203741507003e-06 1.3157428816535438e-05 1.0565440884162633e-05 2.915466821196468e-06 1.3123642076182437e-05 2.4311601720760988e-05 1.446671167546807e-05 2.3300770281106623e-05 3.066151428483963e-05 5.039304356679331e-06 1.915587502706294e-05 4.7113180597553054e-05 4.4144877883550125e-05 1.5844827180431525e-05 4.739375280962272e-07 0.0 0.0 0.0 0.0 0.0 0.0 3.397177714065807e-07 0.0 0.0 1.585138294888625e-07 0.0 1.4745125916899517e-07 0.0 5.122499868245315e-07 4.1202994141128676e-07 0.0 0.0 0.0 2.884944691969773e-06 0.0 0.0 0.0 0.0 1.4688275933736816e-05 0.0 3.414201360739585e-06 1.803515441563572e-06 2.3432290221024392e-07 0.0 0.0 0.0 0.0 0.0 0.0 0.0 0.0 8.865097789428785e-07 0.0 0.0 0.0 0.0 0.0 0.0 0.0 8.676574409979421e-08 1.4579797195296428e-07 0.0 0.0 0.0 0.0 1.070141591358896e-05 0.0 1.698575648005486e-07 0.0 0.0 0.0 0.0 0.0 0.0 0.0 2.430271880754227e-05 8.054363764914252e-07 0.0 0.0 0.0 3.001758164062301e-06 0.0 2.044166074142143e-06 9.66655848524706e-08 1.2577733496285832e-07 3.481251497807792e-07 0.0 0.0 0.0 0.0 0.0 0.0 1.8416117700451242e-07 0.0 0.0 0.0 2.3782622057125107e-05 6.893598261810505e-06 1.2058336775034397e-05
3.511398686819738e-05 0.0004281810653797553 0.0 3.7340675120549815e-05 0.00023534859347058886 1.5107345079220093e-05 1.382378737784633e-05 0.002223188701324349 0.0010071961049700198 1.3307093381324305e-05 0.0018061163531402846 6.518375935750212e-05 5.610389184128737e-05 0.0010247468937690711 6.895249079727007e-06 3.2936068439786513e-06 2.1330805918483814e-06 4.557218504866024e-07 7.469450287385632e-07 9.291823355433852e-07 2.157105350814893e-05 1.0488481344583097e-07 2.723527700617922e-06 2.8292171804130908e-06 0.0 1.689007797427737e-06 3.2011774336489925e-07 0.0 7.959235503846064e-08 0.0 0.0017618888304630365 0.0003390659085847491 0.0003037612286262017 1.251141383814879e-05 1.814589909865599e-06 5.661594493967225e-05 2.8964678300246258e-05 3.526608761137133e-05 8.980213492412582e-06 7.868086136990539e-06 3.991309392316187e-06 4.3909425777072876e-07 2.0553287324171494e-06 2.3660525999243715e-06 3.624138377552576e-07 4.655728079803499e-06 3.519707337571472e-05 1.4086112309215397e-06 2.9210383593888347e-07 1.3119911137100878e-06 3.536418961388185e-06 5.377932245319181e-07 1.547288782998864e-06 4.097080950444784e-07 8.589859116478377e-08 3.8395122596231714e-07 2.2385975149224292e-05 0.00013354623106777842 7.402173152195501e-06 1.4795738794465204e-05 6.533890539758857e-05 0.00013471876236912102 1.0393009077068026e-05 7.337217679530122e-05 9.107522083878843e-07 1.6441846090852128e-06 7.381523312056084e-07 1.6252299159640132e-06 2.5403423996587965e-05 5.398223465292947e-06 1.782937599002443e-05 0.0 0.0 5.9814510800738506e-05 5.570940465639864e-05 4.338641406045666e-05 2.3659222292881295e-05 7.534750154389863e-06 2.7712395524372208e-05 0.0010413695152576181 8.402445255902173e-06 0.00034310557114490916 1.6789082834964231e-06 0.0 1.7578571272487845e-06 1.0014354740102618e-06 4.41977060480898e-06 1.004995937778273e-07 6.713061158912757e-07 0.0 1.3469735963413377e-06 4.300770905602787e-07 1.3067213101196232e-05 4.654289399853074e-06 4.4819820533406863e-07 5.2505980293254755e-06 5.417047132748149e-06 5.06598524158804e-07 4.670827767560238e-06 1.9201019884795536e-05 2.8622907663615523e-07 1.0847315614768006e-06 6.792016641680017e-07 9.66223203589358e-07 0.0 2.047645253104119e-06 1.418645010226484e-06 2.0100300240163264e-06 3.083664868851637e-06 2.95972421957877e-06 8.404707982013803e-07 3.4113611142627863e-06 6.7922517623680565e-06 8.130627080316557e-06 7.240254301590384e-06 1.9450519594781925e-07 0.0 0.0 0.0 0.0 0.0 0.0 0.0 0.0 5.84348998613654e-07 0.0 0.0 4.212859603671445e-07 0.0 6.688874641112163e-07 0.0 0.0 0.0 0.0 4.268251955872367e-07 1.409273698147732e-07 0.0 0.0 0.0 1.286315740876975e-05 1.2623750001965749e-06 3.5311532318955057e-06 2.2094531971663443e-06 1.336481133559311e-06 0.0 7.600255540060235e-08 0.0 0.0 0.0 0.0 0.0 0.0 4.974897069987892e-07 0.0 0.0 0.0 1.251593693443358e-07 0.0 0.0 0.0 2.4848431036232065e-07 0.0 0.0 0.0 0.0 0.0 1.1702489805259884e-05 0.0 0.0 0.0 0.0 0.0 0.0 0.0 0.0 0.0 7.0396739683511554e-06 0.0 6.375690473958583e-08 0.0 0.0 3.888411625679539e-06 0.0 0.0 0.0 0.0 0.0 0.0 0.0 0.0 0.0 0.0 0.0 0.0 7.305782453118087e-08 0.0 0.0 2.9638662994961965e-06 1.0161943836458463e-06 5.442857148450701e-06
0.0013999020212238137 0.001397118454111931 3.7340675120549815e-05 0.0 1.7594445004322523e-05 0.000701806143728937 0.0005398958225131898 1.3431507559443874e-06 2.7012385265298698e-06 0.002108067727194375 9.593386220265277e-06 0.000230344667320273 0.0009196515914450899 0.00017674373828776248 5.527098046104487e-07 7.493359514185287e-08 0.0 6.179453613946226e-08 0.0 0.0 0.0 0.0 0.0 0.0 0.0 0.0 0.0 7.220890793999345e-08 0.0 0.0 8.623158362888294e-05 1.9661579645077473e-07 3.6330344702262655e-06 0.0 0.0 0.0 8.911843798149046e-07 2.954154475448336e-07 1.5199432178589965e-07 1.7389534761753228e-07 6.506972434518202e-08 0.0 0.0 1.8680099127647102e-07 0.0 5.839922464410595e-08 8.886544503577112e-06 2.0434512390367285e-06 7.231260866270613e-08 1.469248252102396e-07 8.842024378625218e-08 0.0 0.0 0.0 4.5164132562269074e-07 1.1498808504972083e-06 3.6081785938330125e-05 8.850538219296037e-05 8.439592446761371e-06 8.394944238602199e-06 0.0 1.4506586259408263e-06 6.401602347034498e-08 6.874748925469186e-06 7.847525526788567e-07 9.015745761380164e-07 2.0893312087175738e-07 1.763268929855486e-07 3.4243964922574305e-07 0.0 2.557919401077805e-06 6.173192801102247e-06 0.0 6.858658367942318e-05 2.2281006458454366e-05 1.2849814945531348e-05 1.3651556402184628e-06 4.300954501226411e-07 8.702867274778994e-08 2.0282585853564253e-06 2.32710183466107e-07 9.80871472834094e-07 2.2528436151195907e-06 8.700090421776314e-08 2.1990945102881136e-06 1.553976622012797e-06 1.3988528746244808e-06 0.0 1.9221436615173482e-07 2.516554429759344e-07 1.061238005026517e-07 0.0 0.0 1.1877279473035978e-07 0.0 0.0001357207760436628 1.820090518537977e-06 1.0473177601996462e-07 2.026195202197747e-06 5.927267921672684e-05 3.120856098016801e-07 5.000034420897935e-06 1.0171741489612096e-05 4.571116678788127e-06 2.422736523925965e-07 5.980607931588927e-06 1.2945166705314943e-05 5.11886460589518e-06 1.135378830815443e-05 8.400511789442634e-06 7.077724158882836e-07 3.6035759338587457e-06 1.3925290123325417e-05 1.1711019712149605e-05 2.1801899671124276e-06 0.0 0.0 0.0 0.0 0.0 0.0 0.0 0.0 0.0 0.0 0.0 0.0 0.0 0.0 0.0 0.0 0.0 0.0 0.0 0.0 0.0 0.0 0.0 0.0 4.463292068143191e-06 0.0 0.0 2.870019230298926e-07 0.0 0.0 0.0 0.0 0.0 0.0 0.0 0.0 0.0 4.795496791191621e-07 0.0 0.0 0.0 0.0 0.0 0.0 0.0 0.0 0.0 0.0 0.0 0.0 0.0 8.170422222800056e-07 0.0 0.0 0.0 0.0 0.0 0.0 0.0 0.0 0.0 3.0875486580668887e-06 0.0 0.0 0.0 0.0 0.0 0.0 0.0 0.0 0.0 0.0 0.0 0.0 0.0 0.0 0.0 0.0 0.0 0.0 0.0 0.0 3.1107533212585656e-06 1.1020349733797901e-07 4.108219758539315e-07
7.918261297945796e-06 0.001308229931796294 0.00023534859347058886 1.7594445004322523e-05 0.0 1.2792132162762407e-05 0.0012112958035227141 1.713260764029353e-05 0.004144622282384847 0.000158877944595133 0.0005683600960515209 0.00011010224035434101 0.0007755352211751727 0.002292662396818641 6.238170170687819e-06 2.9785161902969105e-06 6.650421289377228e-07 9.783200111835876e-08 0.0 0.0 0.0 0.0 2.1624526386587646e-07 0.0 0.0 0.0 0.0 6.805775420932932e-08 0.0 0.0 2.778188565467149e-05 5.0302728074009685e-06 1.3662664824587359e-05 5.641510255017229e-07 0.0 6.676558307368238e-07 2.93017796146872e-06 5.543478077988591e-07 2.3982048956403756e-07 5.40761958372804e-07 0.0 0.0 0.0 3.5715460434397274e-07 0.0 1.338379665098571e-07 6.912743883537046e-05 1.3984115945338956e-06 6.649310055302001e-08 6.820656770366692e-08 0.0 2.875819767682295e-07 0.0 8.281967530601566e-08 3.428810081761933e-07 7.564595404750004e-07 6.041707475736551e-06 2.4504204156309274e-05 6.1516007728661e-06 3.392625628401703e-05 2.4389769245612846e-07 2.5660428395786795e-06 9.135066651888497e-08 2.5973389310662047e-05 1.1265232188820473e-06 7.410548474034503e-07 6.398213344328357e-08 3.261819881374322e-07 6.777387348090336e-08 0.0 6.634791623896543e-06 8.612276018904314e-08 0.0 5.209136740046305e-05 3.922956675103003e-05 7.523046162077448e-05 2.1425490469591823e-05 2.479284360443965e-06 2.779334081897268e-07 2.8184489476397724e-05 1.73318270839106e-07 6.625339115729104e-06 1.785743192975859e-06 0.0 1.3441216194595937e-06 1.0137078483080913e-06 1.1592797142413578e-06 6.865060788953328e-08 1.2946175658145028e-07 0.0 1.5758505249795491e-07 0.0 5.9350683703736176e-08 4.5056431180020965e-07 0.0 1.1247627512517525e-05 0.0 7.216620433724974e-07 2.244574443587863e-07 1.583521928875723e-06 9.380831055928284e-07 6.593008547430377e-07 6.743626542775505e-06 5.38568612184811e-06 4.793531662496216e-06 1.2464319130819665e-05 6.144943605410981e-06 2.198517647417072e-05 1.5129247490028107e-05 2.0538719393414412e-05 2.532130781042426e-06 1.1858062122347569e-05 4.435801917383507e-05 4.0774597756373804e-05 1.2244608636330469e-05 0.0 0.0 0.0 0.0 0.0 0.0 0.0 0.0 0.0 0.0 1.2063098944857965e-07 0.0 0.0 0.0 0.0 0.0 0.0 0.0 0.0 2.566318671672115e-06 0.0 0.0 0.0 0.0 1.4816176309346365e-05 0.0 2.4558101542331004e-07 1.6689589581783456e-06 4.976518428816008e-07 0.0 0.0 0.0 0.0 0.0 0.0 0.0 0.0 4.583200711084198e-07 0.0 0.0 0.0 7.341365305760443e-07 0.0 0.0 0.0 0.0 1.090187461534363e-07 0.0 0.0 0.0 0.0 4.099681226351837e-06 0.0 0.0 0.0 0.0 0.0 0.0 0.0 0.0 0.0 1.6410324531124064e-05 3.797826442014481e-07 0.0 0.0 0.0 3.898250281034318e-06 0.0 3.395442402732505e-07 0.0 0.0 8.899270036232721e-07 0.0 0.0 0.0 0.0 0.0 0.0 0.0 0.0 0.0 0.0 2.390534027991284e-05 1.7463174202433822e-06 6.198073413863711e-06
0.00021034753749487272 0.0004596304336525528 1.5107345079220093e-05 0.000701806143728937 1.2792132162762407e-05 0.0 0.00012610776649719441 7.481057868091245e-06 1.140982737039473e-06 0.0007389634623585464 1.5833493667329864e-05 0.0002073405179238241 0.0001880346544397198 5.5635702753776075e-05 7.19402126643564e-08 4.1384358030567944e-07 7.67381207930756e-08 0.0 0.0 0.0 0.0 7.601336610237032e-07 0.0 0.0 0.0 0.0 0.0 0.0 0.0 0.0 9.6541609238705e-05 1.6006269145716932e-07 1.7353853856726004e-05 0.0 0.0 6.331602289131992e-07 4.086767776551994e-05 1.472434141368282e-07 4.554997372404535e-06 3.238016573231092e-07 0.0 0.0 0.0 0.0 0.0 0.0 2.1650885395099137e-06 3.5873540455767776e-07 0.0 0.0 0.0 3.113240906418276e-06 3.2619525828124545e-06 0.0 1.1281150151182031e-07 2.971108607150957e-07 0.00016926797931466603 3.555952300106254e-05 4.651974892382469e-06 1.3795601733348914e-06 7.712224719637091e-08 5.139254385914197e-06 0.0 1.254834449460443e-06 1.3489105622073896e-07 4.790232550178897e-07 0.0 8.102656954901937e-08 1.5589416884119912e-07 0.0 0.00015012669674870698 0.0002959740347012649 4.068923542707847e-06 1.397853555512672e-05 2.849762501658694e-06 2.3969672442725213e-06 9.2515497701483e-07 1.1269209781845357e-07 0.0 8.953310991567746e-06 0.0 8.908976108439163e-07 6.806789410936906e-07 9.784706335260828e-08 6.634786236782005e-07 7.758421469396369e-07 8.278930440043797e-08 2.0715191605416518e-06 3.522618174470838e-06 1.1008079932303171e-05 3.9145587574482556e-07 3.1315713892053793e-06 8.470305589367756e-08 0.0 3.335233289966344e-07 0.0004829801726323235 0.0006043841939924735 1.5074597613315345e-05 6.993723416626601e-05 0.0001980816842868721 0.0 2.477199828055193e-06 7.394546427341692e-06 6.82253632625089e-06 9.008982542192601e-07 4.182061425486684e-06 2.4147904856205573e-05 1.176288349939798e-05 1.1877092969454826e-05 2.863692902650451e-05 1.1771693999545502e-07 5.474885609534663e-06 1.641469281070728e-05 1.4929066818585608e-05 1.5754291865773713e-06 0.0 0.0 0.0 0.0 0.0 0.0 0.0 0.0 0.0 0.0 0.0 0.0 0.0 0.0 9.266030511466945e-07 0.0 9.907510416726776e-07 5.914733466963284e-07 8.666775430994307e-07 1.579693533787019e-06 0.0 0.0 0.0 0.0 4.07131107441361e-07 0.0 4.550477415728128e-07 2.075719897412548e-07 1.9492852556159257e-07 0.0 1.1614694851202132e-07 0.0 0.0 0.0 0.0 0.0 0.0 0.0 0.0 0.0 0.0 2.7230088963511228e-06 1.0432599272619404e-07 0.0 0.0 0.0 0.0 0.0 2.6330348864986976e-07 0.0 0.0 7.176556270668896e-07 0.0 0.0 0.0 1.1037451481310653e-07 0.0 0.0 9.860834691861355e-08 0.0 0.0 1.525765126265829e-06 2.1474383314923085e-06 0.0 0.0 0.0 4.836576472161567e-07 0.0 0.0 0.0 0.0 0.0 0.0 0.0 0.0 8.509104643036679e-08 0.0 0.0 1.270582261805394e-07 0.0 2.0563664050243887e-07 1.603596333507658e-07 7.137935982456862e-06 1.3038601391633476e-07 9.688424600802123e-07
0.00032126982161596727 0.0036667636445978126 1.382378737784633e-05 0.0005398958225131898 0.0012112958035227141 0.00012610776649719441 0.0 2.6293360729547107e-06 0.0006881985358852593 0.0012578018911430081 5.3603384605493654e-05 0.00033458000864515893 0.004905025238295172 0.001920563048585965 6.057416617175114e-06 1.7347079271860372e-06 2.529971154347036e-07 7.616779146186387e-08 0.0 0.0 7.19915947952632e-08 0.0 0.0 0.0 9.614096959935577e-08 0.0 0.0 4.682944048612425e-07 0.0 0.0 8.560117244994119e-05 5.384065600906062e-06 6.536316993736828e-06 3.045861105541164e-07 0.0 1.4253367626612265e-07 2.606946603904373e-06 7.98946741891141e-08 5.880852508786361e-07 0.0 0.0 0.0 0.0 5.020410991889534e-07 1.0255572675765076e-07 9.180224767935924e-08 6.039576591983397e-05 2.8652668883860565e-06 8.682220825613777e-07 1.2930042408351523e-07 9.434143676334723e-08 0.0 0.0 0.0 8.097181813037276e-07 1.5957330734169817e-06 2.4354331485264948e-05 8.349403170670592e-05 9.713087456832117e-06 4.331718718410232e-05 1.2230794990326358e-06 5.723726322128926e-06 8.500544404671308e-08 3.2361130533124854e-05 1.0952857715332632e-06 2.2717718359697977e-06 4.6725757014007097e-07 2.1346479809562647e-07 5.410760079284032e-07 6.378750236727596e-08 7.0725465109308214e-06 1.9510425294216806e-06 9.244817897757148e-08 0.0001073154900590713 6.001518265578002e-05 7.609767876743015e-05 1.843172764603689e-05 2.0779427401473643e-06 1.3970571714206752e-07 4.838828838058409e-06 4.946144122406593e-07 1.4061957680372784e-06 4.691331549371855e-06 0.0 3.2350125150993465e-06 2.4627358198141932e-06 2.084406193272408e-06 2.3802686136043448e-07 2.9077012832649763e-07 0.0 1.3119334178612246e-07 0.0 7.147104575394679e-08 8.018084185363025e-08 0.0 3.46060327528136e-05 1.6275665485555427e-06 6.773027580443823e-07 6.970489824186257e-07 1.2671193215682816e-05 2.7236121053173733e-06 4.042408125511254e-06 0.00010732545267227661 2.2319889561953336e-05 3.010823835018579e-06 3.9113408210117825e-05 3.228833920565057e-05 4.468562767778873e-05 7.084377789472995e-05 6.259110632102639e-05 2.9854137374073254e-06 0.00016150228589616308 0.00015235020422782724 8.918183957325e-05 1.2128653489796793e-05 0.0 0.0 0.0 0.0 0.0 0.0 0.0 2.456493672114554e-07 0.0 0.0 0.0 0.0 4.6613392056481865e-07 0.0 0.0 0.0 1.821379384459525e-07 0.0 0.0 6.015549830962058e-06 2.3144913043326036e-07 0.0 0.0 0.0 1.4339187821213573e-05 0.0 1.8067070826708751e-06 1.5886723800317334e-06 8.243299778608176e-07 0.0 0.0 0.0 0.0 0.0 0.0 0.0 8.995713384127627e-08 3.6583405911052784e-07 0.0 0.0 0.0 4.6566703073301616e-07 0.0 6.926188520574013e-08 0.0 7.622847412812043e-08 2.6867745330750945e-07 3.26865693311066e-07 6.277431180518225e-07 0.0 0.0 8.404857066588923e-06 6.282815929262428e-07 9.48119738639144e-08 1.0381751417299189e-07 0.0 0.0 0.0 0.0 0.0 0.0 2.4788308836894813e-05 6.858574367892553e-07 0.0 0.0 0.0 2.0936213825330688e-06 0.0 0.0 9.656908502119723e-07 6.508966011909971e-07 4.525515705452809e-07 1.8154420252100673e-07 0.0 0.0 0.0 1.6535364132048162e-07 0.0 0.0 0.0 0.0 0.0 3.427116846109698e-05 2.260426419957235e-06 8.194289476436463e-06
2.7455058228110004e-05 0.0004352740401346044 0.002223188701324349 1.3431507559443874e-06 1.713260764029353e-05 7.481057868091245e-06 2.6293360729547107e-06 0.0 7.690427594635083e-05 7.928011482389324e-07 0.0010960191846379377 3.703159200646881e-06 8.132722707302609e-06 0.00024781653389077625 6.729545167529101e-06 2.9209002659074203e-06 2.5882515568892807e-06 2.976462304823245e-07 0.0 1.8481872337511743e-06 2.4636096048638653e-05 5.183454798186423e-07 4.652153140321485e-06 6.0950013422813065e-06 1.3953619110414015e-06 1.4593417723348195e-06 1.4921193084919091e-06 1.1417788668084052e-07 3.3321616982175546e-07 0.0 0.0010010944289829656 0.001569370202078214 9.76695463065374e-05 1.1037912160928077e-05 2.0749882158684355e-06 0.00011816051460746361 3.611372518426286e-05 6.75163838569541e-05 1.5072388886496392e-05 1.240171134739179e-05 7.101694580937863e-06 1.5827820656205977e-06 4.492632339356646e-06 5.3565844953729154e-06 3.057585053835336e-07 1.5998720994861296e-05 3.738291903928188e-05 8.243252511976479e-07 8.021522278335241e-07 6.2817780644342685e-06 4.843088754329382e-06 7.392264419993028e-07 9.772742751551338e-07 5.530019754822017e-07 0.0 3.354497177832693e-07 1.0485041181539419e-05 7.206772816439396e-05 2.504871429450167e-06 1.4615181207717475e-05 0.00034384133275058447 0.00044808119596914225 2.9961750625493287e-05 0.00033601382556399246 6.763214554545231e-07 2.7889491596767766e-06 1.0559187346141219e-06 2.0441811166614264e-06 3.6798061029810934e-05 5.594253323087946e-06 5.7022768971727345e-06 8.793924395307226e-07 0.0 3.537374792241591e-05 6.774442111532036e-05 4.053289177179197e-05 0.0004012179717886273 0.000478258663053818 0.0006568953036714427 0.001348261341146683 0.00021978046354531667 0.0014971630145499681 8.161614118020938e-07 8.973308310681473e-08 9.665372630024405e-07 1.3375322172723725e-06 1.061654047495874e-05 0.0 1.4611312160368265e-06 0.0 1.0755542200226855e-06 6.013157971821195e-07 1.705917472374236e-05 5.6092255733025525e-06 1.0189877479327953e-06 3.2621298006444816e-07 1.4391657271941509e-07 2.1534371817216406e-07 2.146046627377824e-06 1.0348895420504983e-05 0.0 0.0 0.0 0.0 0.0 0.0 1.8323896016863953e-07 7.355754076761316e-07 0.0 0.0 0.0 0.0 9.853002921500596e-08 0.0 0.0 1.6391939723747335e-07 0.0 0.0 0.0 0.0 0.0 0.0 0.0 0.0 0.0 1.4918083344710522e-07 0.0 2.3860727982564777e-07 0.0 0.0 0.0 0.0 0.0 3.4433091579992304e-07 0.0 0.0 0.0 0.0 0.0 8.729559071921543e-07 5.552438924469078e-07 8.986669143339715e-08 0.0 8.163240060578719e-08 0.0 0.0 0.0 0.0 0.0 0.0 0.0 0.0 0.0 0.0 0.0 0.0 2.387637969430652e-07 0.0 0.0 0.0 0.0 0.0 0.0 0.0 0.0 0.0 1.5227137127850429e-06 0.0 0.0 0.0 0.0 0.0 0.0 0.0 0.0 0.0 8.118384174964596e-07 0.0 0.0 1.7402613670393453e-07 0.0 2.0125573841205378e-07 0.0 0.0 0.0 0.0 0.0 0.0 0.0 0.0 0.0 0.0 0.0 0.0 0.0 0.0 0.0 0.0 8.124651858474326e-07 2.010552421335733e-06
6.168772045207496e-06 0.0026871033237672874 0.0010071961049700198 2.7012385265298698e-06 0.004144622282384847 1.140982737039473e-06 0.0006881985358852593 7.690427594635083e-05 0.0 2.1291718533432833e-05 0.0008363824742594507 1.7209655054406592e-05 0.000889874648548921 0.0020482830352357992 3.9597607590106585e-06 5.059919242183506e-07 0.0 0.0 0.0 0.0 9.299582131131905e-08 0.0 0.0 0.0 0.0 0.0 0.0 0.0 0.0 0.0 7.990426241510948e-06 1.049565374789612e-06 9.313078021166756e-06 0.0 0.0 5.092461356999323e-07 2.998168122916106e-06 8.18898041344787e-07 3.3430238067601326e-07 0.0 0.0 0.0 0.0 1.575292246421485e-07 0.0 0.0 1.6370504399920785e-05 3.486790121863929e-07 1.463160024073365e-07 0.0 3.4268652989117444e-07 0.0 4.832041832764012e-07 0.0 0.0 0.0 1.6374689276101302e-06 7.251609397651401e-06 5.344096878001817e-07 7.480766362599608e-06 1.9161151205487753e-07 1.6882955154104585e-06 0.0 4.255618487180617e-06 7.641587966898084e-08 2.3653342801986656e-07 0.0 0.0 0.0 0.0 1.1806546067674708e-06 0.0 0.0 1.068393273569455e-05 8.594113384411509e-06 1.5775446320332937e-05 7.580060386188486e-06 8.831895518966575e-07 0.0 1.7597499813706256e-05 0.0 1.2101454362497823e-06 3.0578737302293134e-07 0.0 6.219843763969998e-07 3.7909310339779094e-07 3.472928381199539e-07 0.0 0.0 0.0 0.0 0.0 5.023012233829936e-07 0.0 4.2362782235348403e-07 3.5214651397383226e-06 0.0 0.0 3.5740987372756275e-07 9.807409351135123e-07 1.7399303527552495e-07 0.0 1.0964600737856696e-06 1.474045859577879e-06 0.0 2.3817182353610632e-06 2.4224312376728847e-06 1.0433092008772024e-05 6.0464890795881444e-06 1.9681523797855835e-06 5.002962704556725e-07 4.7720380316568484e-06 1.2725666234361685e-05 1.1200766752835948e-05 2.0256461009564934e-06 0.0 0.0 0.0 0.0 0.0 0.0 0.0 0.0 0.0 0.0 0.0 0.0 0.0 0.0 0.0 0.0 0.0 0.0 0.0 6.493088268079652e-07 0.0 0.0 0.0 0.0 1.3261288047577114e-06 0.0 5.948240333654755e-07 0.0 0.0 0.0 0.0 0.0 0.0 0.0 0.0 0.0 0.0 0.0 0.0 0.0 0.0 3.3651290648563585e-07 0.0 0.0 0.0 0.0 0.0 0.0 0.0 0.0 0.0 1.1076517081323884e-06 0.0 0.0 0.0 0.0 0.0 0.0 0.0 0.0 0.0 4.866352567348686e-06 0.0 0.0 0.0 0.0 1.9890520184054433e-06 0.0 0.0 0.0 0.0 0.0 0.0 0.0 0.0 0.0 0.0 0.0 0.0 0.0 0.0 0.0 3.7920585131853645e-06 1.1719381716528877e-06 9.60928631100989e-07
0.0009487344475423841 0.001443588419034518 1.3307093381324305e-05 0.002108067727194375 0.000158877944595133 0.0007389634623585464 0.0012578018911430081 7.928011482389324e-07 2.1291718533432833e-05 0.0 6.744411159004117e-06 0.003043537423770138 0.005745094942964463 0.0003923082678775636 2.426747809828248e-06 6.104993932092918e-07 0.0 0.0 0.0 0.0 0.0 0.0 0.0 0.0 0.0 0.0 0.0 0.0 0.0 0.0 5.326111794031092e-05 1.2796724680372268e-06 1.3701999745826404e-05 0.0 0.0 1.4119629181252267e-07 1.173304260111665e-05 0.0 1.2079051999859527e-06 2.521070241364087e-07 0.0 0.0 0.0 2.945045618858389e-07 0.0 1.3121563941300232e-07 5.8242008093900505e-05 2.1751181293845205e-06 3.1146938895767475e-07 1.5404333273414893e-07 1.742026990133326e-07 9.581472633710307e-08 8.416291707610197e-07 6.927839156127077e-08 1.2244969508931022e-07 1.609681796512666e-06 2.9167342904650957e-05 5.518876443829184e-05 8.079263353330776e-06 2.7062798213391183e-05 6.143709887178903e-08 4.372988882427276e-06 1.761298862561024e-07 2.0321884026106124e-05 8.965712380605016e-07 3.5207920313590726e-07 2.2216541194975791e-07 1.6701239943965934e-07 0.0 0.0 4.890781355469842e-05 1.1955046715069667e-05 1.144797721022355e-07 7.031562792066443e-05 4.171509270715458e-05 5.004547401433518e-05 1.9112882950003692e-05 1.9720103128225398e-06 3.4543068562225035e-07 3.4139702619046725e-06 2.457461134798075e-07 4.6946856615163976e-06 1.8973265457335793e-06 7.402677569465647e-08 1.9215882761305885e-06 1.4598817751191282e-06 1.1084598295295694e-06 0.0 4.0855602141657e-07 3.2796820351370826e-07 4.910962617190593e-07 0.0 0.0 0.0 0.0 0.00013567689676847653 3.772059244261477e-05 6.527568166932621e-07 6.093204668115411e-06 8.556296248439396e-05 1.3113714427469806e-07 3.4265595986443707e-06 3.451970489783018e-05 2.945366226597526e-05 4.203541541716656e-06 2.416205027551998e-05 3.728909744182106e-05 2.4349237256264064e-05 4.544501483161366e-05 9.174478894239604e-05 5.5127046420865315e-06 2.4521198536115592e-05 0.0003091839423232797 0.0001376955637910795 1.765128430690223e-05 0.0 0.0 0.0 0.0 0.0 0.0 0.0 0.0 0.0 0.0 0.0 0.0 0.0 0.0 1.3996436271363554e-07 0.0 0.0 0.0 0.0 2.2207904068241873e-06 1.0357299338902593e-06 0.0 0.0 0.0 1.628958714000239e-05 0.0 2.6311766720655116e-06 1.706940530769835e-06 0.0 0.0 0.0 0.0 0.0 0.0 0.0 0.0 0.0 1.3723093192422432e-06 0.0 0.0 0.0 1.1516275866534785e-06 0.0 0.0 0.0 0.0 7.844587553223844e-08 0.0 1.328387331581521e-07 0.0 0.0 6.066440073459813e-06 0.0 0.0 0.0 0.0 0.0 0.0 0.0 0.0 0.0 2.4952765289529133e-05 1.8152632991831187e-06 0.0 0.0 0.0 2.9300733440000745e-06 0.0 0.0 5.308119430309064e-07 6.068304872691742e-07 9.68897312045187e-07 0.0 0.0 0.0 0.0 0.0 0.0 0.0 0.0 0.0 0.0 4.332397191231811e-05 2.0022482015226747e-06 5.551811071794958e-06
0.0001038607181267939 0.0019421967870222054 0.0018061163531402846 9.593386220265277e-06 0.0005683600960515209 1.5833493667329864e-05 5.3603384605493654e-05 0.0010960191846379377 0.0008363824742594507 6.744411159004117e-06 0.0 7.663762631533151e-05 0.00023680073125130594 0.0019608942498698374 2.2663790622485642e-05 1.4259599433812082e-05 1.3948223617013184e-06 0.0 0.0 0.0 2.167401918298698e-06 2.16695329931191e-06 1.0172002116537773e-06 2.2567515403823296e-06 2.1891209749914266e-06 4.894805265850792e-07 1.566407253273819e-06 4.890080229166242e-07 1.058767719749731e-06 0.0 0.00030697032440355713 2.237353893862781e-05 0.0006992378576761346 1.2162945145222834e-06 5.684460491989261e-07 8.0079508528714e-05 0.0003319124810549366 0.00011452510321218342 8.895955130748778e-05 2.5209647441150702e-05 2.720804733546872e-06 8.941256704227075e-08 8.528577115246435e-08 4.319511292111617e-06 0.0 2.854844472879277e-07 5.1887622189183265e-05 6.775531479738144e-07 0.0 2.396972513097263e-07 7.831826745564793e-07 2.7566223815803186e-06 3.395835208649712e-06 3.358965436938732e-06 3.3906070115241174e-07 7.893764959449876e-07 1.4469482604123375e-05 4.925181556571564e-05 4.216731204108785e-06 2.142943397051124e-05 3.9634588233859265e-06 0.00016474739226699837 5.141505637915444e-07 4.3823884583745836e-05 1.0686169620414107e-06 6.433378683271995e-07 1.2633284849689923e-07 9.027882393206313e-07 3.8902857993779415e-06 4.929516076246495e-07 0.00011565384605040333 1.3501678348954497e-07 0.0 4.4505112877446595e-05 5.848630588188263e-05 7.117060222111301e-05 5.129995690651665e-05 1.926941151688782e-05 2.3946962526612715e-06 0.0008899858881909567 1.0009829071014726e-06 9.944733338686007e-05 1.5333432389414948e-06 6.298654243160157e-08 1.1097663994908502e-06 1.2311021398395835e-06 9.90545123778466e-07 0.0 1.687780274623817e-07 0.0 5.55570372288756e-07 1.6364328617726442e-06 6.338472792237391e-06 3.92911945774145e-06 3.704452891806429e-06 5.5406489507527834e-06 3.622027624258632e-06 0.0 2.2674732788577607e-05 1.9241078330511393e-05 0.0 0.0 5.526956837658398e-07 4.97646948641218e-07 0.0 1.2467801858475577e-07 1.6851818913535282e-07 1.2534389551436882e-06 3.354348783281389e-06 1.417688992080898e-06 5.402266871804066e-07 2.5493085494652158e-06 6.754658658401183e-06 4.8962494807780046e-06 4.582425972053696e-06 0.0 0.0 8.887177565931075e-08 0.0 0.0 0.0 0.0 0.0 9.314931218141019e-08 0.0 2.0553604488691763e-07 0.0 1.507096305084651e-07 0.0 6.697863384269954e-07 0.0 0.0 0.0 0.0 1.0846757878371514e-06 0.0 3.0020949154015896e-07 0.0 0.0 4.704265222784125e-06 8.065982287426162e-07 9.451764913209362e-08 6.462843636861044e-07 9.543449363965105e-08 5.345594426841598e-07 0.0 0.0 0.0 0.0 0.0 0.0 0.0 1.2126292312072226e-07 0.0 2.0666262706340642e-07 0.0 3.3745497629256803e-07 0.0 0.0 0.0 0.0 0.0 0.0 0.0 0.0 0.0 1.7713505479841057e-06 0.0 0.0 0.0 0.0 0.0 0.0 0.0 0.0 0.0 4.3597706234765365e-06 0.0 2.668546272388232e-07 0.0 0.0 6.061941275870982e-07 0.0 0.0 0.0 0.0 0.0 6.859952641186247e-08 1.7476933178836398e-07 0.0 0.0 0.0 0.0 0.0 1.3820114484554278e-07 0.0 0.0 1.7315304167808274e-06 1.522236521883351e-06 3.1932482368535422e-06
5.705219134098919e-05 0.0002646579010430775 6.518375935750212e-05 0.000230344667320273 0.00011010224035434101 0.0002073405179238241 0.00033458000864515893 3.703159200646881e-06 1.7209655054406592e-05 0.003043537423770138 7.663762631533151e-05 0.0 0.0006216803834654228 0.00036324022869626497 1.3590986751972345e-05 1.1276964979277024e-05 3.038135894573228e-07 2.2491637920168873e-07 0.0 6.435324796882407e-08 1.1094112294443008e-07 1.2088678689754186e-05 0.0 5.552484860340545e-07 1.6070538457216759e-06 5.585145067804471e-07 1.136945447096647e-06 0.0 1.1552368942504859e-07 4.6613401913965014e-07 2.585248022189891e-05 1.6016495742320986e-06 8.157201509336013e-05 0.0 0.0 6.680680085799121e-06 0.0002753348800735801 1.2248384215024466e-05 2.6210565614160348e-05 3.5756108209743106e-06 7.129720410989745e-08 1.2147332814126265e-06 0.0 2.9934554475154226e-06 0.0 6.120063756604462e-08 2.299654543252364e-05 8.664352165912138e-07 1.7587857465199612e-07 2.2827909692901748e-07 0.0 1.0433187655931003e-05 5.872097787207232e-06 6.955595522019641e-06 0.0 2.565279278934067e-07 8.944047752005488e-06 1.5020736177534655e-05 2.0649466343655797e-06 9.340823509326657e-06 2.1816783780653322e-07 6.8667444125737475e-06 3.534409355728818e-07 1.5495271867565762e-05 2.5985292596147124e-07 4.1076544811682164e-07 9.285768839997185e-08 6.841283060978872e-08 1.944855006964904e-07 0.0 0.0004039296686266888 5.933206124229825e-06 0.0 2.6500649706018447e-05 2.4088378645228165e-05 3.212314826208944e-05 2.3479496396772947e-05 1.4890852422099659e-05 3.176136962083324e-07 2.2439383776587854e-05 3.225018840964588e-07 3.5178538162860117e-06 1.2307040305964435e-06 0.0 4.064159519677448e-07 4.449549849461965e-07 4.344008241771493e-07 7.10258670287769e-08 1.5376362664983605e-07 0.0 1.410648659327091e-06 7.254544734339382e-07 8.876347642070973e-07 1.4432563954082213e-06 6.69576391779422e-06 0.0005686128035639581 0.00010762159930356267 4.482559751140551e-07 5.9827030356355005e-05 2.4139726491808596e-05 3.2887836563344e-06 5.406123479009539e-06 3.2335879515576635e-05 3.083483773578613e-05 1.2766328441062844e-05 5.5472214803789746e-05 4.04089615665225e-05 7.829549372218954e-05 6.29163496796185e-05 6.979179157136676e-05 1.1237693505728257e-05 4.7444296403868106e-05 0.00018507664744299275 0.00015975488320152628 4.868501398621407e-05 9.382551088162709e-07 4.6542614341733847e-07 0.0 1.553627765684203e-07 0.0 0.0 0.0 1.8846130687798613e-07 0.0 0.0 4.2688117623403187e-07 1.0533463011682189e-07 7.694754893703606e-07 1.9127332152305e-07 4.0265040819158966e-07 4.0761083171622166e-07 0.0 0.0 0.0 1.0342530325346787e-05 1.0200984299889672e-06 0.0 0.0 0.0 4.132850258859497e-05 1.2417804408226502e-06 5.4045294204810005e-06 5.783417636091569e-06 1.6931723671929656e-07 0.0 0.0 0.0 0.0 0.0 0.0 0.0 2.237303071144043e-07 1.2560677586069705e-06 0.0 0.0 1.0437474783784205e-07 8.7814035680754e-07 4.3130733402954756e-07 0.0 0.0 0.0 8.021508182134339e-08 6.339393939536343e-07 1.0104083860501211e-07 0.0 0.0 8.461560838632834e-06 0.0 0.0 7.284812629218217e-08 1.0712983551772856e-07 0.0 0.0 0.0 0.0 0.0 6.948202948863275e-05 2.169407024017008e-06 0.0 0.0 3.6618598111638e-07 8.885341846274434e-06 0.0 4.6999448554977495e-07 1.8248569418655233e-06 8.504943651537834e-07 1.3372728077458608e-06 5.183364996514948e-07 1.9022484018553963e-07 0.0 0.0 0.0 0.0 0.0 1.1064853312964329e-07 0.0 0.0 0.00010143718227434573 1.2954876592367363e-05 2.0875351792310763e-05
0.00022492524517975137 0.0016571002879725066 5.610389184128737e-05 0.0009196515914450899 0.0007755352211751727 0.0001880346544397198 0.004905025238295172 8.132722707302609e-06 0.000889874648548921 0.005745094942964463 0.00023680073125130594 0.0006216803834654228 0.0 0.003056746557998669 2.4578877030879365e-05 1.4713245431423819e-05 7.419251547330682e-07 2.590243798592083e-07 0.0 0.0 6.656055235295407e-07 4.843447975801505e-06 0.0 9.089906564344434e-08 8.533665745196877e-07 2.9634727049803385e-07 6.828912412502802e-08 0.0 2.9691365190724496e-07 0.0 3.6404664432498976e-05 4.367388944825962e-06 0.00036460894766877905 0.0 0.0 1.135432312097386e-05 0.00029871231992161326 1.8990058300899156e-05 3.705668594995181e-05 5.948342560683737e-06 1.012505368440108e-07 1.0553031101478466e-07 1.7829780309481957e-07 2.667953443351736e-06 0.0 5.760384157952233e-07 8.223688689484655e-05 2.0458849234785882e-06 0.0 4.1085964622578e-07 3.604480141072908e-07 2.0887535207751925e-06 2.7550875960979467e-06 7.911291120899553e-07 7.701907877774822e-08 1.1910168472683764e-06 1.7220332694938284e-05 3.8307057379558506e-05 6.10543081574602e-06 2.7508823528786297e-05 4.5523232787349304e-07 2.163339977747764e-05 2.8912177478078207e-07 3.281929325415853e-05 1.17923926933714e-06 7.896741130761792e-07 2.1304630357733705e-07 2.31556369992423e-07 6.037162027608725e-07 0.0 0.0002927645562465561 3.113765314664245e-06 0.0 5.767685286194683e-05 5.617629963873609e-05 7.89838580155181e-05 4.6731052399737825e-05 1.5467479896444072e-05 3.3667901000541437e-07 4.1496014683570356e-05 8.751235480213434e-07 4.014683653505418e-06 1.952683563786159e-06 0.0 1.955422795704402e-06 1.185649038608962e-06 9.364929013402003e-07 0.0 6.320072533255828e-07 3.021362647686366e-07 1.601867035239076e-07 1.0217111536618455e-06 2.668325661915389e-07 6.743653167837485e-07 2.4372586765313115e-06 0.0004962013400581099 4.381815012600074e-05 8.4048069511446e-07 2.388465693418821e-05 2.8109384139255732e-05 2.8615811852946553e-06 5.8282645316810636e-06 3.895088252299266e-05 4.532825384076141e-05 1.4466968669911214e-05 0.00010993833078501424 5.5761638148552464e-05 8.116959566571368e-05 0.0001671623194069078 8.16049986558437e-05 1.1921355819025307e-05 9.518292300060262e-05 0.00025882078855281294 0.00018888265498485577 5.10729618059125e-05 1.0878421001415064e-06 3.75764073619119e-07 0.0 1.0478020583466875e-07 0.0 0.0 7.596095189297792e-08 1.9721560951408097e-07 0.0 0.0 2.435947128541041e-07 0.0 7.12382228452322e-07 0.0 1.0226508872452718e-07 0.0 4.022082852861955e-07 0.0 9.051241572446328e-08 9.67286442564889e-06 7.198277629083938e-07 0.0 0.0 0.0 6.0321010759923315e-05 3.270799062773463e-07 4.25084438980244e-06 6.317712518714272e-06 1.9719811248149398e-06 0.0 0.0 0.0 0.0 2.472552300760632e-07 0.0 0.0 5.063593914751265e-07 3.945913789784765e-06 0.0 0.0 0.0 1.7063485297619233e-06 1.9400461323861826e-07 0.0 0.0 0.0 4.389976889370734e-07 9.911432167109632e-07 5.598583478855087e-07 0.0 0.0 2.198141738211728e-05 1.5949339716168808e-07 1.3943885042955433e-07 0.0 0.0 0.0 0.0 0.0 0.0 0.0 7.98674908584319e-05 5.6968237966403854e-06 0.0 0.0 0.0 1.0314647714667552e-05 0.0 3.3526111850119966e-06 8.307869004032763e-07 4.3185538052010414e-07 1.4071002611184519e-06 4.804331363312986e-07 6.761263364330996e-07 0.0 0.0 0.0 0.0 0.0 4.3970703342437404e-07 0.0 0.0 0.00012865886254350876 1.343893623267502e-05 2.3523246095343216e-05
