0.0 0.0018379433527045488 0.0004316481454680692 0.00046434427784173855 0.0005871233990495623 0.0002935756512456763 0.0006544919833370393 2.2585227267289902e-05 0.00026350742043060473 0.0007027976471545385 0.00016874310997889552 2.9918391521020323e-05 0.00013326782600458828 5.65158495998142e-05 1.1779708862397332e-06 7.233760898850762e-08 2.806367003846349e-07 0.0 0.0 6.510408079835293e-08 0.0 0.0 0.0 0.0 0.0 0.0 0.0 0.0 0.0 0.0 0.0006943181246321243 7.656373188562323e-07 2.8002255443227744e-06 0.0 0.0 0.0 3.2242771234678492e-06 2.4424572141831624e-07 2.583573221912254e-07 1.244916309225048e-07 0.0 9.556267792315318e-08 0.0 0.0 0.0 0.0 5.595134514268774e-05 9.746408457936235e-07 2.418470765335254e-07 1.2573818768952008e-07 1.582719576857131e-07 0.0 0.0 0.0 1.2838252530748985e-05 9.821208751719007e-06 0.00016617175961502413 0.00031477344635624316 5.6472563801550027e-05 1.6189138927347772e-05 3.564111813351292e-07 1.234946126769054e-07 0.0 7.810288001429176e-06 3.745691132969471e-06 1.8158985799770109e-06 7.013583011991292e-07 2.3879278874925214e-07 0.0 0.0 8.412430167435319e-07 2.586541102741401e-06 1.380875810838409e-07 0.00014309903946414578 5.530870565192327e-06 1.0621162718161425e-05 1.6799035418065202e-06 2.4364315826427163e-07 0.0 3.1636642304676375e-06 0.0 1.865700761947887e-07 3.19399558649442e-05 8.433154746801371e-07 1.6648802908650294e-06 4.3255712007880586e-06 1.8751729754976964e-07 1.4138375432080504e-07 5.788641004363077e-07 0.0 0.0 8.35460371866571e-08 0.0 0.0 0.0 9.203686386642424e-06 2.0124580163176576e-07 0.0 0.0 0.0011666249621362116 4.97065414671302e-07 0.0 7.277412617687797e-07 0.0 0.0 1.3049199694737662e-06 1.5358920838299334e-06 0.0 1.0011691038553856e-06 2.8492248120336513e-06 1.697338098094004e-07 4.6053933653295995e-06 9.722397837857696e-07 2.8702053778912396e-06 1.6418867878605407e-06 0.0 0.0 0.0 0.0 0.0 0.0 0.0 0.0 0.0 0.0 0.0 0.0 0.0 0.0 0.0 3.8635303356341657e-07 7.635065660060896e-08 0.0 0.0 3.258206051355551e-07 0.0 0.0 0.0 0.0 3.522363651648149e-06 8.229755226187433e-07 4.25242687524568e-07 2.1021664429588286e-06 0.0 0.0 0.0 0.0 0.0 0.0 0.0 0.0 1.5444022893263667e-07 0.0 0.0 0.0 0.0 0.0 0.0 0.0 0.0 0.0 0.0 0.0 0.0 0.0 0.0 2.246477153237201e-07 0.0 0.0 0.0 0.0 0.0 0.0 0.0 0.0 0.0 8.558751799437063e-06 0.0 0.0 0.0 0.0 3.764539657768063e-07 0.0 0.0 0.0 0.0 0.0 0.0 0.0 0.0 0.0 0.0 0.0 8.25867856231915e-08 0.0 0.0 0.0 4.814515040411227e-06 6.127879101178666e-07 9.852938966813696e-07
0.0018379433527045488 0.0 0.000784879728990996 0.00020541142613410033 0.002674815211455223 4.8251140419339685e-05 0.0012637458288914302 3.6360398868936365e-05 0.000934600570278143 0.0005905143648371827 0.0005729114550002686 6.988087868341267e-05 0.00023281475517539335 0.0001500306940725886 3.0942522199693023e-06 4.246361627820068e-07 2.666379494776139e-07 0.0 7.509022042207777e-08 1.7029248382633112e-07 9.573650993395024e-08 2.8684939924296684e-07 0.0 0.0 7.347597698941029e-08 1.627753142094191e-07 1.561637346387945e-07 2.7875633101010216e-07 0.0 7.970776350150358e-08 0.0007050968567077814 2.1743840615259227e-06 5.436733553547772e-06 0.0 0.0 8.408427300828671e-08 1.2343993818431384e-05 2.564448383240489e-06 8.904932912568832e-07 1.4314042794200759e-07 0.0 2.4512702942030484e-07 0.0 2.5880156724754457e-07 6.941249530811798e-08 1.3131034893605216e-07 0.00010744871521185855 1.0917481103506218e-06 5.347734763764257e-07 3.422312293086021e-07 1.684923920260901e-07 1.1716241513279745e-07 0.0 3.987226504515629e-07 1.691381037703042e-05 1.4404230081316791e-05 0.00010069567199026077 0.0002235373173428426 5.991926897337717e-05 2.389612994186071e-05 3.6972777024751084e-07 1.4569543437075455e-06 6.910586697176923e-08 1.811266621424966e-05 5.28083021024369e-06 2.241971469626534e-06 1.0395027814197582e-06 2.406263047211378e-07 0.0 1.3744459864556147e-07 3.192026191499345e-06 1.5552440489594093e-06 0.0 0.00016381303408900838 1.966194080727082e-05 2.5008773866392908e-05 3.8404450027308294e-06 3.326108509631036e-07 0.0 5.216129054856395e-06 6.771333397894535e-08 3.537453854820738e-07 3.867351028731399e-05 6.784540586016346e-07 2.24304056523523e-06 6.293449838988463e-06 3.1591346180312285e-07 1.417512401366898e-07 7.002432906410097e-07 2.7991391133013916e-07 1.3206600809386858e-07 7.350863931710936e-08 0.0 0.0 8.265407029528574e-08 5.226193387372342e-06 0.0 8.148641285760628e-08 5.254999655793055e-07 0.0005912310210409914 4.457583762066225e-07 0.0 1.4340036217035224e-07 0.0 2.8178841104336465e-06 1.8463704262606086e-06 7.050867377649063e-07 6.80735254853448e-07 1.8663538284296626e-06 1.6458961509182875e-06 1.9878384751510545e-06 4.664902990557234e-06 2.2263953277562446e-06 2.918546703319089e-06 1.195712652635306e-06 7.622761603307185e-07 1.0668687388434845e-07 0.0 0.0 0.0 0.0 0.0 0.0 0.0 0.0 0.0 0.0 0.0 0.0 0.0 0.0 0.0 0.0 0.0 4.6398704814912005e-06 1.0296382701819297e-06 9.891405021689457e-08 0.0 0.0 7.823562488074789e-06 1.6710449104445475e-06 4.594507813521399e-06 1.4843875823404393e-06 3.7211685052785874e-07 0.0 0.0 0.0 0.0 0.0 2.950822866173898e-07 0.0 0.0 5.66864331080277e-07 0.0 0.0 0.0 5.741519432647069e-07 0.0 0.0 0.0 0.0 7.231721234833082e-08 1.872633611110321e-07 0.0 0.0 0.0 2.8991856514691e-06 2.572912116256247e-07 0.0 0.0 0.0 0.0 0.0 0.0 0.0 0.0 1.615583503008465e-05 3.587800866026299e-07 0.0 0.0 0.0 9.701251543238542e-07 0.0 1.0287820337716016e-06 1.1096962810485886e-07 2.2016148990000637e-07 2.3404638322937498e-07 0.0 0.0 0.0 0.0 0.0 0.0 0.0 0.0 0.0 0.0 7.270846991158793e-06 2.03186784695772e-06 6.447722645788227e-06
0.0004316481454680692 0.000784879728990996 0.0 4.131204524468863e-06 0.0011901405442191891 1.340954530138972e-06 7.221710082487456e-05 0.0017735871783668773 0.00033348262813803965 0.00013120249051932605 0.0021008506696012135 2.9256615590778553e-05 0.0002286793182476629 0.0004917234520320424 2.1238194095123585e-05 1.4764545712872514e-05 3.414672321150951e-06 2.476408533357007e-06 4.943113695859435e-07 5.123167208275309e-06 3.811718576248189e-05 2.2927075060540738e-07 1.6219275091337285e-05 9.350259115482741e-06 2.3720543792305043e-05 6.482167473618247e-06 1.1208263376674802e-05 1.6365099426240684e-06 9.483191028479197e-08 1.0055252513512618e-06 0.0030677954782833854 4.704622687348697e-05 6.421851244035576e-05 3.244618931658129e-06 3.058692999367344e-05 2.4345588317076386e-05 0.00010970194931141699 4.5412090126696984e-05 3.625477832724496e-05 9.048783690731463e-06 2.8484661875714237e-05 2.712901137932982e-05 3.8095134736622355e-06 2.64005461441855e-06 1.8115562357082558e-06 4.211274267732282e-06 0.0001507435991576596 4.694390752627671e-06 1.8010999829633356e-06 7.333945967951175e-06 2.0554132989748574e-06 5.850572199052407e-07 2.701989881510062e-07 7.536566787090873e-07 2.7054004878631504e-05 2.1025978436725202e-05 0.00019323236592338715 0.0009030209726595349 8.846464649059936e-05 3.9859960593628904e-05 3.291325636405526e-05 3.999614805972832e-05 8.001243902404445e-06 0.00014354006614188358 8.032788106373997e-06 4.45800789790531e-06 1.7733020150044698e-06 2.0741770166906084e-06 4.571147565767409e-06 2.23723138048555e-05 4.108490399335379e-05 5.746296209422126e-05 6.846514928776407e-08 0.000327272656615237 6.930307886511649e-05 5.58318652259762e-05 1.4704750742458031e-05 5.073443579341067e-06 4.519738282997148e-05 0.0003486839425585981 1.3406602035045858e-05 0.00016685262976473694 5.9092695459190754e-05 1.8670138034508537e-06 3.7017070458595115e-06 8.213700466247176e-06 6.279952994335654e-06 7.065777148471946e-07 1.7239264275508678e-06 1.5881765265215435e-07 8.771924967546622e-07 3.9431277910582174e-07 2.1111511387162165e-05 1.553284439503521e-05 2.3235746870126905e-06 1.1039617154504412e-05 6.713683812582042e-05 0.0 5.9898285138516464e-05 0.00035326695837867907 4.712209212468064e-06 1.416698128706258e-07 0.0 0.0 1.1890697751302301e-05 2.3507091927828517e-06 9.624953010615512e-07 8.81021606149737e-06 2.213906212182322e-06 1.0262094758435213e-05 1.322297858423414e-06 2.434979075216748e-05 5.354198060799674e-06 2.0419507553068143e-05 5.746614541066649e-06 2.1850584925251213e-06 8.954794802327471e-07 0.0 0.0 0.0 0.0 0.0 0.0 0.0 0.0 4.440296899616354e-07 0.0 1.3341335681487117e-06 8.87708987115181e-07 0.0 3.7895241221845525e-07 4.4925113288493736e-07 0.0 0.0 1.0431351494640101e-05 7.096603016711156e-06 0.0 1.8724401304515852e-06 1.1791315831940927e-06 3.750106786710759e-05 1.6594166716031667e-05 6.33820682994024e-05 2.688466190169199e-05 9.131973288839444e-06 0.0 0.0 2.2354547257754134e-07 0.0 0.0 1.4518419068011343e-06 0.0 1.0339414833753042e-06 1.4149848524865314e-06 0.0 1.01285989008469e-07 1.635896007217674e-07 4.279259462260245e-06 1.3634417185831467e-06 0.0 2.898708169239196e-07 0.0 2.95146378470767e-07 9.612116563460993e-07 0.0 0.0 5.178666493899776e-07 1.5895435786047323e-05 1.6876329680724977e-07 0.0 6.432905695261319e-08 0.0 0.0 0.0 0.0 0.0 0.0 4.9661840966214395e-05 7.039123629413838e-06 0.0 8.604263442527476e-08 1.5428888516993945e-07 3.73544929774008e-06 0.0 2.5181068150592833e-06 1.6507412290808124e-07 2.851300712119719e-06 1.8060580356571223e-06 0.0 3.701825079727156e-07 0.0 6.502829810333953e-08 0.0 5.7924505011246535e-08 1.361658574347766e-07 0.0 0.0 0.0 1.1508447365124831e-05 2.436044682965344e-05 6.26604224713941e-05
0.00046434427784173855 0.00020541142613410033 4.131204524468863e-06 0.0 9.193033434101804e-05 0.00027223280117948063 0.0009001747443736626 1.1172858396920295e-07 0.00043969701207967414 0.001480500602351201 2.885781242727366e-06 0.00023654938897459666 0.000828532504152365 2.2088973472677142e-05 0.0 0.0 0.0 0.0 0.0 0.0 0.0 0.0 0.0 0.0 0.0 0.0 0.0 0.0 0.0 0.0 1.0562402130975137e-05 0.0 6.582640859096903e-07 0.0 0.0 0.0 1.0481730330145021e-06 0.0 0.0 0.0 0.0 0.0 0.0 7.033517143634636e-08 0.0 0.0 4.493070466898525e-06 0.0 0.0 0.0 9.070211355097238e-08 0.0 0.0 0.0 1.5892229815133509e-06 1.1133150744189019e-06 1.7849174140050275e-05 3.992074839907315e-05 5.470835510047201e-06 1.6003113500315459e-06 0.0 0.0 0.0 1.1281807621807588e-07 2.4105213393153837e-07 0.0 0.0 0.0 0.0 0.0 1.3472348599621e-07 0.0 0.0 1.2237656623992161e-05 2.2140218393156844e-07 3.0115448067461253e-07 0.0 0.0 0.0 0.0 0.0 0.0 9.84473328419398e-07 7.506064009943089e-08 9.788842819406928e-08 6.212383385679951e-07 0.0 0.0 0.0 0.0 0.0 0.0 0.0 0.0 0.0 1.3970181759065443e-07 0.0 0.0 0.0 0.000740428498656093 0.0 0.0 0.0 0.0 0.0 3.931372885272119e-06 0.0 0.0 4.532781859590983e-06 1.2758196639193674e-06 0.0 0.0 1.4630113147375668e-07 1.817325679907398e-07 6.115859350733701e-07 0.0 0.0 0.0 0.0 0.0 0.0 0.0 0.0 0.0 0.0 0.0 0.0 0.0 0.0 0.0 0.0 0.0 0.0 0.0 0.0 0.0 0.0 0.0 0.0 1.0148192834539317e-06 0.0 8.147259577877683e-07 0.0 0.0 0.0 0.0 0.0 0.0 0.0 0.0 0.0 0.0 0.0 0.0 0.0 0.0 0.0 0.0 0.0 0.0 0.0 0.0 0.0 0.0 0.0 0.0 3.4829629666200757e-07 0.0 0.0 0.0 0.0 0.0 0.0 0.0 0.0 0.0 0.0 0.0 0.0 0.0 0.0 0.0 0.0 0.0 0.0 0.0 0.0 0.0 0.0 0.0 0.0 0.0 0.0 0.0 0.0 0.0 0.0 2.6223075289670673e-06 0.0 6.984298908122119e-07
0.0005871233990495623 0.002674815211455223 0.0011901405442191891 9.193033434101804e-05 0.0 4.015821116066237e-05 0.001749833910987694 0.0001237203193899426 0.0015731019037329096 0.0015666665489206023 0.0004976271007490848 0.00042978387679612956 0.0008537756265492961 0.00033516681694122584 6.014731326604401e-06 1.3978025496552507e-06 3.764879093875047e-07 0.0 0.0 7.323781072034424e-08 1.4720008655186435e-07 0.0 3.834145806881269e-07 1.6400302572756477e-07 3.214090023263015e-07 5.038649480691313e-07 6.653865372525934e-08 1.4258505063160454e-07 1.3037084990833672e-07 0.0 0.00025402205940738636 1.3936415374046435e-05 6.556273952656939e-06 9.003829121785694e-08 3.13858138429437e-07 2.727288779700415e-07 1.6666971647022192e-05 2.4194792043141826e-06 1.5706848596415649e-06 1.0768439079143941e-07 6.955029210029369e-08 8.335523683343794e-08 0.0 1.4689124194221964e-07 2.2597062963163491e-07 2.2749496162702726e-07 0.00012647555331200044 8.967800067174458e-07 1.7482539296926777e-07 1.4597482678605228e-07 1.5520072926243387e-07 0.0 5.499840647441101e-07 1.1034676527259415e-07 1.4647708868286898e-05 9.028096545606549e-06 6.138839064362777e-05 9.394775232849106e-05 3.777621054373108e-05 2.5178923996215104e-05 8.51331174197411e-08 4.2130695322122496e-07 1.6355869063514292e-07 2.6905633256163687e-05 3.7730500121703585e-06 1.7566815790088371e-06 7.962527380942832e-07 1.437229823037021e-07 0.0 2.9946061762378796e-07 4.314928912677506e-06 1.9955244292163316e-05 7.011154253493093e-08 0.00010588495396575298 2.0892780983021552e-05 3.9368848712357385e-05 7.598266519737858e-06 1.0195913561889175e-06 3.2747002498094175e-07 2.003280726410852e-06 0.0 1.567059756818211e-06 3.117361073072992e-05 9.061765483859074e-07 2.074888790174239e-06 4.614832334779971e-06 3.0493189341730296e-07 7.293117545814143e-08 6.944667993853721e-07 0.0 0.0 2.199214224840036e-07 0.0 3.805474225544264e-07 4.296104843069564e-07 9.339974928655836e-06 2.2652383083869547e-06 0.0 1.264403099955312e-06 0.0001126148957622255 8.687210240970032e-07 1.1982523910188001e-06 4.5780618328634284e-07 5.029634581284414e-07 1.0278896063109362e-05 1.3070070769768574e-05 6.76666523374786e-07 3.7238173189375123e-06 6.401082628704305e-06 1.0938810732407914e-05 2.5038936189333174e-06 1.7976011225298464e-05 4.06511024739115e-06 8.443468784059231e-06 5.596132984865967e-06 5.127922007930295e-07 9.638862134045278e-07 0.0 0.0 0.0 0.0 0.0 0.0 1.7787105806524903e-07 0.0 0.0 0.0 1.3350064196829055e-06 0.0 0.0 0.0 0.0 0.0 3.9891306988280943e-07 1.2494596916444791e-05 2.891815621621477e-06 0.0 5.431449777938021e-07 0.0 3.5398989777268875e-05 5.419468743017196e-06 2.2727832562192894e-05 7.124875461079269e-06 2.6650868603021306e-06 9.48636237704862e-08 0.0 0.0 0.0 1.0392969138710538e-07 0.0 0.0 0.0 1.360482779031578e-06 0.0 0.0 2.14496747299463e-07 1.212213022025131e-06 1.1757792482066387e-07 0.0 0.0 0.0 0.0 7.726865777735369e-08 0.0 1.4754658702997806e-07 3.218031319027159e-07 9.415611252669749e-06 6.264484300165094e-07 7.198792954338502e-08 0.0 0.0 0.0 0.0 0.0 0.0 3.159948890691869e-07 4.9038800520422635e-05 4.033371232998885e-06 1.610365369950814e-07 0.0 0.0 1.4894022192618128e-06 2.2623561280758195e-07 4.187350193125948e-06 1.939442892582578e-07 8.785347515100113e-08 3.1907291175528894e-07 0.0 0.0 0.0 0.0 0.0 0.0 0.0 8.41961809580241e-08 0.0 0.0 1.4263406510849099e-05 1.2846129256078897e-05 2.6139902472907052e-05
0.0002935756512456763 4.8251140419339685e-05 1.340954530138972e-06 0.00027223280117948063 4.015821116066237e-05 0.0 0.0001156741498063296 4.854694018288152e-07 5.482996153141102e-05 0.0010009311721857735 1.6187349044256396e-06 4.352963799894559e-05 8.990039701354403e-05 1.6657501532006155e-05 1.5807268701299094e-07 0.0 0.0 0.0 0.0 0.0 0.0 0.0 0.0 0.0 0.0 0.0 0.0 0.0 0.0 0.0 8.927437145539823e-06 9.071785601722767e-08 5.975010071495777e-06 0.0 0.0 0.0 1.9171378845736723e-05 0.0 1.9354796418610956e-07 0.0 0.0 0.0 0.0 0.0 0.0 0.0 8.252285999031144e-07 0.0 0.0 0.0 1.6891899000629022e-07 6.778639342814636e-07 0.0 0.0 2.325695141117861e-07 1.6559116561631838e-07 7.04899797051632e-05 8.18006367780915e-06 2.5706283366608728e-06 1.1988915157563738e-07 0.0 2.804595785931642e-07 0.0 1.4894398197234496e-07 0.0 0.0 9.159052747921616e-08 0.0 0.0 0.0 5.631069905707597e-05 1.4177089764972234e-05 4.535965030593269e-06 1.8722005166790223e-06 1.7559864379637078e-07 0.0 0.0 0.0 0.0 1.049140083089628e-06 0.0 0.0 4.67669949994861e-07 8.88004541010904e-08 0.0 9.850478764938111e-08 0.0 5.671654672143643e-07 7.842539175802573e-07 9.686970224412145e-07 3.306037038301885e-07 3.2075197425600896e-07 0.0 0.0 0.0 7.081768158696017e-05 3.483231351775531e-05 3.020848147196638e-06 5.272403177328542e-06 0.00020505900968149338 0.0 1.2367781536823185e-07 1.0359024142841445e-07 0.0 2.98912256896123e-06 2.457935971619656e-06 3.2473376548878335e-07 2.1258052970436822e-07 2.5263901572804592e-06 2.5554214993357423e-05 3.154376978776083e-06 5.00875628951358e-06 1.3725612122379067e-06 3.5090844346442207e-06 8.269645859982701e-07 0.0 0.0 0.0 0.0 0.0 0.0 0.0 0.0 0.0 0.0 0.0 0.0 0.0 0.0 0.0 0.0 0.0 0.0 0.0 0.0 1.031032389195331e-06 0.0 0.0 0.0 2.4767995185956826e-06 0.0 2.3116838613408645e-07 0.0 0.0 0.0 1.9656627908444794e-07 0.0 0.0 0.0 0.0 0.0 4.149319816025052e-07 0.0 0.0 0.0 0.0 0.0 0.0 0.0 0.0 0.0 0.0 0.0 0.0 0.0 0.0 1.435432730131584e-06 0.0 0.0 0.0 0.0 0.0 0.0 0.0 0.0 0.0 7.624670881196522e-06 0.0 0.0 0.0 0.0 8.492307011811741e-08 0.0 5.696950522958214e-07 0.0 0.0 0.0 0.0 0.0 0.0 0.0 0.0 0.0 0.0 0.0 0.0 0.0 1.1306228023892697e-05 2.6366928602695876e-07 0.0
0.0006544919833370393 0.0012637458288914302 7.221710082487456e-05 0.0009001747443736626 0.001749833910987694 0.0001156741498063296 0.0 1.365167000770868e-05 0.00032463259883224013 0.0016861399087841334 0.0001289158239648016 0.0004321307225605254 0.0015699178798428623 9.951203967544163e-05 4.440422444572715e-06 8.150393042025455e-07 1.988568183133746e-07 1.1065806856042662e-07 0.0 1.6765654533008458e-07 8.53039990167129e-08 0.0 0.0 0.0 7.596141667715365e-08 0.0 0.0 2.815702154744513e-07 1.3369149218765892e-07 0.0 6.082224416346805e-05 3.4274433189847023e-06 4.431339540204901e-06 8.799681955227076e-08 1.896504259678515e-07 0.0 1.3398768748672553e-05 6.569820826216478e-07 4.416735421172945e-07 0.0 1.1071707683693131e-07 2.1318594631028133e-07 0.0 7.14638917225576e-08 0.0 1.2731319615899525e-07 7.624287723558094e-05 8.215614432939704e-07 2.2530035932839906e-07 0.0 4.3905124062767217e-07 8.752223232935922e-08 0.0 0.0 9.615027295605448e-06 7.374046943396863e-06 4.4853976712633574e-05 6.131816431198781e-05 2.8100387883111696e-05 1.9030162586270252e-05 7.356554213398288e-08 8.891425003864178e-07 0.0 1.6647715362566413e-05 2.978239247278034e-06 1.4909378057700364e-06 3.228700666449486e-07 2.1055845043012157e-07 0.0 0.0 2.789822205102795e-06 9.994741285124009e-06 0.0 8.148641097031104e-05 1.4078299362027697e-05 2.587184675262446e-05 3.6532424852476257e-06 2.9099704390267287e-07 7.922892380420544e-08 9.784325292585832e-07 1.391355320601229e-07 7.366456799518756e-07 2.0858966026988088e-05 9.223013564140254e-07 1.0633838153060998e-06 3.4199685840755535e-06 0.0 0.0 4.740234895582235e-07 1.2777848888577186e-07 7.150120822417816e-08 0.0 0.0 1.6693984410129866e-07 2.935786144446281e-07 5.3266122248245004e-06 2.1261603994325265e-06 3.5179293874444436e-07 8.78875690527323e-07 0.00010287410057740546 5.846932939783376e-07 1.2987817235464699e-07 1.7094669792212317e-06 1.3463339448672963e-07 2.889047191537257e-06 2.5912092017850495e-05 0.0 1.3941843034274064e-05 3.0141629506455614e-05 4.6638058244620735e-06 4.648508642141204e-07 1.846932818768579e-05 2.2517957520411137e-06 5.416514360677592e-06 3.2837169014573912e-06 1.7535594801875614e-07 3.4607498134430904e-07 0.0 0.0 0.0 0.0 0.0 0.0 0.0 0.0 0.0 0.0 0.0 6.423787808404699e-07 0.0 0.0 2.9846779644574283e-07 0.0 0.0 3.9512931305780916e-06 3.9497922633762204e-07 0.0 0.0 0.0 1.4659772403981166e-05 2.2377241272977805e-06 9.946248075716849e-06 1.6975416212411125e-06 2.802626280815488e-07 0.0 1.0928327267982439e-07 0.0 2.3447736527518874e-07 0.0 0.0 0.0 1.8072068686234941e-07 0.0 0.0 9.522329722300268e-08 0.0 1.6473111998626275e-07 9.686839533546219e-08 0.0 0.0 0.0 4.148579650002745e-07 1.716334538357539e-07 0.0 8.252792971547592e-08 0.0 5.2926322187631815e-06 4.4722551449927123e-07 0.0 0.0 0.0 0.0 0.0 0.0 0.0 0.0 2.070112827879618e-05 6.439107797562955e-07 0.0 0.0 0.0 1.0736777606613618e-06 0.0 1.6462462666922156e-06 8.727211203620314e-08 1.0784237298524344e-06 3.936254227206449e-07 1.3897032273761795e-07 0.0 0.0 0.0 0.0 0.0 0.0 0.0 0.0 0.0 5.352656746610151e-06 3.251142476697926e-06 1.4199010501665381e-05
2.2585227267289902e-05 3.6360398868936365e-05 0.0017735871783668773 1.1172858396920295e-07 0.0001237203193899426 4.854694018288152e-07 1.365167000770868e-05 0.0 7.260610549091951e-05 6.88134551975115e-06 0.0011353827090374398 2.030121194354742e-05 0.00018174754623748169 0.00042955955059280246 7.308323297857944e-05 4.124945121113746e-05 5.260614182488811e-06 1.6594706032286533e-06 2.730740625358856e-07 3.817878686404135e-06 2.9618361085680443e-05 2.0915563254403374e-07 2.0736868359073045e-05 1.3082586252068864e-05 3.847574968625377e-05 8.12883208959849e-06 2.391653240668076e-05 3.287732414673535e-06 9.060809577483114e-07 1.391370502073306e-06 0.0005166584326688495 0.0016904364049899 0.00012870375958437026 3.1579015874571727e-06 3.952515091559621e-05 5.506648388668565e-05 0.0001367976839012764 5.131025416641831e-05 1.5143493595582424e-05 1.6297577979974045e-05 2.779277608241371e-05 2.5426187436908307e-05 1.1605582641320249e-06 1.9886500488063718e-05 3.1043809075210813e-06 2.5934480810686183e-05 0.0003626352669416235 3.419288728390313e-06 1.5442276608423537e-06 3.7235168476854134e-06 1.519719099561045e-06 9.109873712743023e-07 8.833279480998492e-07 2.130610953244956e-06 1.5504678622671176e-05 1.168770206684923e-05 6.050835980029225e-05 0.00015058409385081053 4.8614377770907315e-05 5.739186421310768e-05 0.00024635162516293397 0.00017367451401557337 3.877449516096593e-05 0.00026183667928119297 6.444835489250957e-06 3.6314928656304883e-06 1.2859690112937764e-06 1.8459880429326625e-06 3.0151234301629503e-06 1.587884796389841e-05 3.464420908785433e-05 1.52887760170357e-05 6.271733937891768e-07 0.00016073756536353107 0.00010712971688462548 0.0001643232152116583 0.00017029959804283355 0.0004198342510367995 0.0007886113350561393 0.0011652131144532047 0.00019838324245215238 0.0012316407836874762 3.87526771797064e-05 1.5552162139519833e-06 3.0835615755457743e-06 6.51631579871054e-06 1.6777201247621823e-06 1.0442609158734687e-06 1.3008585863262504e-06 5.977600396317251e-07 4.890754377759693e-07 5.279576810732873e-07 1.3451992607281626e-05 1.541309126030726e-05 3.3930180982474964e-06 3.7779302425051138e-06 9.340447722082549e-07 8.682807752584709e-07 9.096651433185238e-06 2.4786559840775473e-05 2.0225060245956094e-06 2.0392721528570348e-07 0.0 0.0 4.611394964156492e-06 2.0308658282454964e-06 1.3349634932395052e-07 4.720679767450062e-06 1.1045049032577173e-06 2.431953083009195e-06 8.960870611680508e-07 1.8879724690653505e-05 2.9833300755198104e-06 1.1564873981051445e-05 3.0244587819108818e-06 5.014534972802025e-07 1.2085685614397084e-07 0.0 8.170040789603837e-08 0.0 0.0 0.0 2.0342842912874187e-07 9.262939173498473e-08 0.0 2.098426564882162e-07 0.0 4.12795881993036e-07 1.254996474243354e-07 1.8211578934702582e-07 2.035847456546469e-07 4.793883357525545e-07 8.775086862325268e-08 2.6682262737585303e-07 5.023022953232811e-06 1.0584599347761956e-06 0.0 2.845383387084905e-07 0.0 2.5773019002011955e-05 4.101556723225971e-06 1.2033163227063735e-05 5.681490593455954e-06 4.12410324546179e-06 8.607954230150639e-08 4.2930622461269264e-07 0.0 0.0 6.380175913228451e-07 1.178144565881741e-07 0.0 0.0 8.582077715732529e-07 0.0 1.9078772046137648e-07 6.084248644713563e-07 1.302048628124219e-06 5.323049219208558e-07 0.0 5.793165249262597e-08 5.556965922746703e-08 1.0789918230308723e-07 6.793900392954927e-07 1.5975959512117855e-06 0.0 2.059808556768553e-07 7.763481043559238e-06 3.313172537953818e-07 0.0 0.0 0.0 0.0 0.0 6.640430600840046e-08 0.0 0.0 3.414811451516324e-05 2.21133595156003e-06 1.30941138582509e-07 9.053542209570073e-08 8.723699103031638e-08 7.159771723002112e-07 0.0 2.253210080696633e-06 6.06768532623628e-08 1.3066869626175028e-07 4.986062994578736e-07 2.4138652801677297e-07 2.0542596317623585e-07 0.0 0.0 0.0 0.0 1.2719195215799862e-07 0.0 0.0 0.0 1.0112694646641002e-05 1.0927628463160516e-05 1.7487883839979964e-05
0.00026350742043060473 0.000934600570278143 0.00033348262813803965 0.00043969701207967414 0.0015731019037329096 5.482996153141102e-05 0.00032463259883224013 7.260610549091951e-05 0.0 0.001370536320824511 0.0005163448842961683 0.0006705878463372507 0.0027482558374345963 0.0015127100637323822 9.888784146925766e-06 3.223423581214747e-06 4.4196111742915205e-07 2.5381861610844895e-07 0.0 0.0 1.0500710494651542e-07 0.0 4.649973044721503e-07 7.71967535606082e-08 6.733459642057124e-07 0.0 2.77080156590521e-07 1.1926105972356514e-07 2.5939802872417124e-07 0.0 8.149047189981512e-05 2.0092803901541235e-05 0.00011460303313645983 2.2105069683853882e-07 1.5870762853471855e-07 1.1381891614993993e-06 0.00013594001519662733 1.3806041996201368e-06 5.129657218329798e-06 3.2178123927806446e-07 1.5988079202636762e-07 1.1680470862283111e-07 0.0 7.085966359319945e-07 1.9820993661926505e-07 4.90803930097043e-07 0.00012223411199096962 1.5188692349364427e-06 7.187966667063408e-07 1.2666108544507806e-07 1.3779285829060383e-07 2.534467254493886e-07 0.0 8.968782222537267e-08 1.0219170524381724e-05 8.177439447469175e-06 3.73128854659417e-05 4.632406571691931e-05 2.8601525166673545e-05 2.4014279415860987e-05 2.972458610898747e-07 4.676356379287272e-06 6.997919638989246e-08 2.9936315007974457e-05 2.9399663198424595e-06 9.777825309301512e-07 4.857067231436871e-07 1.8048158560298663e-07 7.884248192578627e-08 2.5570552348920474e-07 2.233669008585253e-05 2.2922003119102956e-05 1.499486325091073e-07 7.205452535618375e-05 1.8136121602460737e-05 4.113344668798813e-05 9.656637033726626e-06 1.3913820890271318e-06 1.4324040264521708e-07 1.5252610523099675e-05 2.107933061409518e-07 2.929129872339473e-06 2.0185899898452333e-05 5.136407564312164e-07 1.1310941157609714e-06 4.193765843748429e-06 3.1489348435134823e-07 0.0 7.790332572784629e-07 2.2410376567249937e-07 1.0668856379273657e-07 0.0 1.8024086369377616e-07 2.6266293173010025e-07 2.4067969613000793e-07 2.122534954471983e-05 1.565238582718242e-06 2.364927611002772e-07 2.619074415631227e-06 4.8357052615671e-05 1.5376437916137826e-06 4.971708330957947e-07 0.0 8.61678330889338e-08 1.1395242943990288e-05 1.0839017105652551e-05 8.571440019463211e-07 1.0097337479498206e-05 1.6819181757876632e-05 2.087904031021399e-05 3.1783668489958905e-06 4.173060651233034e-05 7.55236406455512e-06 1.8467923548300083e-05 9.139739512167989e-06 9.888975639864388e-07 6.572689307188303e-07 0.0 8.433265491207628e-08 0.0 0.0 0.0 0.0 0.0 0.0 0.0 0.0 3.055110575734402e-07 1.3935456912030329e-07 0.0 1.770873076434065e-07 1.8769236236258762e-07 8.257368883318325e-08 1.1462531549969633e-07 1.4719042304622573e-05 2.9165376723538724e-06 0.0 1.0094354846599939e-06 0.0 5.333924938381763e-05 1.036087275717516e-05 3.1127231624419774e-05 8.309795763124323e-06 2.433603763360019e-06 0.0 0.0 0.0 0.0 1.7223781771185137e-07 4.3076504495462763e-07 0.0 4.132780114710079e-07 4.769621398203536e-07 0.0 0.0 3.468997051187105e-07 7.034975312946289e-07 1.59024908834596e-07 0.0 0.0 0.0 6.988852103091568e-07 1.601264382178075e-07 0.0 0.0 7.894260899778488e-08 1.576346846444781e-05 1.1005061713859367e-06 1.0094048585333851e-07 0.0 0.0 0.0 0.0 0.0 0.0 0.0 8.169309724846337e-05 1.6166170475157383e-06 1.597816692032062e-07 0.0 0.0 2.527534959399775e-06 0.0 4.514775934196095e-06 9.857126476689311e-07 1.4195580770258923e-06 9.029357542779259e-07 0.0 5.850261158947029e-07 0.0 0.0 0.0 0.0 6.508005501065402e-08 0.0 0.0 0.0 3.2379878592712814e-05 1.9285070008968023e-05 3.6247915851685526e-05
0.0007027976471545385 0.0005905143648371827 0.00013120249051932605 0.001480500602351201 0.0015666665489206023 0.0010009311721857735 0.0016861399087841334 6.88134551975115e-06 0.001370536320824511 0.0 0.00021110999080352927 0.0007140840084145702 0.005949886376884653 0.00044136594568506665 2.260359979199135e-06 9.41716326037792e-07 5.527710284137675e-07 0.0 0.0 0.0 0.0 0.0 9.512959734356241e-08 0.0 0.0 4.854576555803466e-07 0.0 0.0 0.0 0.0 4.243988197199532e-05 1.3448529202372776e-06 2.9033522300286074e-05 0.0 0.0 0.0 8.167268339061341e-05 1.2949472106000653e-06 3.150507843485282e-07 3.476289559950348e-07 0.0 1.0746896210121901e-07 1.2782205250774532e-07 6.26283996389658e-08 0.0 7.054013516109746e-08 5.0963505645767654e-05 6.291706230990927e-07 0.0 0.0 8.167815512697621e-08 0.0 0.0 0.0 6.577989888382905e-06 5.079746722927436e-06 4.341590803015404e-05 4.880390151607874e-05 2.3874748909270257e-05 1.0588413810360885e-05 6.937888206065787e-07 1.2515177839746137e-06 2.6165956940219125e-07 6.9592449635378015e-06 1.833497279005477e-06 7.606726588976823e-07 3.0715525532487324e-07 2.47978299644815e-07 0.0 0.0 7.310655581286986e-05 5.413560945879798e-05 0.0 4.878182667913299e-05 7.548685369473129e-06 1.3454089084080084e-05 2.1794507185370653e-06 7.808577003815432e-08 1.1018402155413093e-07 7.715413947322491e-07 0.0 3.2359148438034245e-07 1.3918875523999831e-05 3.9258371193886185e-07 5.836686277233711e-07 2.5022357149167197e-06 0.0 1.490523369589547e-07 2.468514008582188e-07 1.419445130198047e-07 6.640869007401403e-08 0.0 0.0 0.0 0.0 4.538960292786403e-05 1.1162908216330791e-05 0.0 1.809594196662767e-06 0.00042839121555034035 4.4143325272766945e-06 9.000123727536341e-06 1.6278301298878087e-06 4.129573416581583e-06 3.117498876791022e-05 3.392062168323634e-05 7.88098229917557e-06 2.0356898483487835e-05 2.177897158744997e-05 0.00019990160480460852 1.1259498150778327e-05 9.569365977190575e-05 4.774869243867646e-05 8.136999562281412e-05 2.1915184180547874e-05 4.312244299278997e-07 7.564402210068441e-07 0.0 0.0 0.0 0.0 0.0 0.0 0.0 0.0 0.0 0.0 4.0686408884911176e-07 0.0 0.0 9.82973320023429e-07 7.973504444060593e-08 3.4624219916448844e-07 1.9275624210625558e-07 1.6051991337027278e-05 8.251622883135142e-06 1.3913283097704348e-07 0.0 0.0 9.046425179785719e-05 1.3066981222461335e-05 3.717248996173526e-05 1.0086715899691263e-05 3.7096942281727346e-06 0.0 0.0 0.0 0.0 0.0 0.0 0.0 1.2091483870149074e-06 3.3107788796839434e-06 0.0 0.0 1.3763242780739327e-07 4.888972133885338e-06 5.03262142510195e-07 2.608582550144782e-07 5.65978798307318e-07 1.6896740172609864e-07 4.94316009908157e-07 1.4240471732161094e-06 0.0 0.0 0.0 1.8014721319567523e-05 1.2090460921505907e-06 2.649743974270386e-07 0.0 0.0 0.0 0.0 0.0 0.0 2.1930373326471413e-07 0.00018951509566622683 1.31038962808036e-06 1.563909649843158e-07 0.0 3.528896061781129e-07 4.314984797393834e-06 0.0 7.557529158729872e-06 1.4817313753323155e-06 7.665539140846049e-07 1.798836018236398e-06 7.022686354554408e-07 4.469233948939089e-07 0.0 0.0 8.822872484927575e-08 0.0 9.426696836994614e-08 0.0 0.0 0.0 0.00014272863484749652 2.3583315903632708e-05 4.2383648905985976e-05
0.00016874310997889552 0.0005729114550002686 0.0021008506696012135 2.885781242727366e-06 0.0004976271007490848 1.6187349044256396e-06 0.0001289158239648016 0.0011353827090374398 0.0005163448842961683 0.00021110999080352927 0.0 0.00012628832969836587 0.0010833947502867905 0.0017568886775242106 2.6175652969668406e-05 1.1904162823599662e-05 1.240835332836426e-06 0.0 0.0 2.759017571532102e-07 3.031267284289705e-07 2.718647737895126e-07 1.3769446268211768e-06 1.5148322654244534e-06 4.825126300695637e-06 5.397554094149759e-07 2.698920637343968e-06 4.299098197189906e-07 3.0105431204748963e-07 6.629572731670484e-07 0.00034215711854938564 8.329785848742535e-05 0.0004726461547010818 1.0582060883735611e-07 1.6521779143932043e-06 7.505446106022324e-06 0.0005064613194382252 3.9049027004965645e-05 2.668454627477578e-05 5.920031430023653e-06 1.4332953353874077e-06 1.3937582248862607e-06 0.0 1.0243978711960935e-06 5.143811163774367e-07 7.996451391474158e-07 0.00013680870256799953 7.564345210289611e-07 3.465372405470119e-07 1.8291943082169943e-07 7.00927803963099e-08 1.3006460387913147e-06 4.162659495734836e-07 6.544891353081144e-07 8.516287407463208e-06 5.981775276898008e-06 3.4981208700160035e-05 9.341381805784989e-05 2.556985021276276e-05 1.7505417581423293e-05 3.6895855303780647e-06 5.3750376633646144e-05 1.1070181363977617e-06 3.759869106279496e-05 2.608648363072891e-06 8.86080085112417e-07 6.664621223865343e-07 1.5422751517720383e-07 2.1013246885093186e-07 4.2737541424311486e-07 0.00017937553604035187 2.283106003431203e-05 3.936666315522415e-07 7.558282066245875e-05 2.3244954779234468e-05 5.1534411032613814e-05 1.3031075212573146e-05 5.560879639760022e-06 5.114665854020352e-07 0.0006097310856772149 1.9564139914946084e-06 5.403821715723292e-05 1.601600348432179e-05 8.11715289032301e-08 6.831873015358901e-07 2.394419286180746e-06 1.449699892512307e-07 4.0721148968825197e-07 8.790085734260503e-07 4.854846179301626e-07 5.088928618527185e-07 5.541259678708088e-07 9.162766875672927e-07 1.542418426914767e-06 6.8040205201511e-07 2.0482278382895645e-05 8.047179622464185e-06 7.735904502080198e-07 4.1903916715431547e-05 8.016342524645219e-05 3.3911197285782885e-06 2.2276699273063076e-07 5.491141566978876e-07 0.0 9.302268549933246e-06 5.890750823710774e-06 2.991962162195812e-07 5.656924426383585e-06 7.586094261986716e-07 1.5216617122785089e-05 3.7709786866108903e-06 2.31000079915943e-05 7.133523401035191e-06 1.9317530572686915e-05 7.38786730854405e-06 7.843716709508128e-07 1.0133136858937444e-06 0.0 0.0 0.0 0.0 0.0 0.0 0.0 7.91065176448993e-07 0.0 1.4544407088679657e-07 5.848805967752615e-07 1.1730485224718652e-07 1.4011961281035722e-07 0.0 4.248044056285857e-07 0.0 2.3066813862192027e-07 1.1559652157206167e-05 2.5269466150240944e-06 0.0 2.669678625352783e-07 1.1849325954359936e-07 4.4057880325694464e-05 5.148576539208487e-06 2.4213613522480354e-05 9.147723331979072e-06 3.1709001342257307e-06 0.0 6.215183854765006e-08 0.0 0.0 8.621366146518162e-07 6.204731632867143e-07 0.0 2.727842640248781e-07 1.745471024573494e-06 0.0 0.0 0.0 1.7216091302848193e-06 6.965887425491634e-07 0.0 0.0 0.0 8.236162160622592e-07 1.4541853110740239e-06 0.0 4.961870570831386e-07 1.6812174109490455e-07 1.3637486932121975e-05 2.0062384608638167e-07 0.0 0.0 0.0 0.0 0.0 0.0 0.0 7.073566587263266e-08 8.187022187953425e-05 1.316755208240988e-06 6.823285614293229e-08 0.0 0.0 2.266319101763141e-06 0.0 4.348113179663623e-06 5.083945674313944e-07 1.0190680871378899e-07 5.412276797654757e-07 1.0336668871139356e-07 1.067290731130742e-07 0.0 0.0 0.0 0.0 0.0 8.727953655174458e-08 0.0 0.0 2.7749246494086987e-05 1.919305148448609e-05 3.5530149073328104e-05
2.9918391521020323e-05 6.988087868341267e-05 2.9256615590778553e-05 0.00023654938897459666 0.00042978387679612956 4.352963799894559e-05 0.0004321307225605254 2.030121194354742e-05 0.0006705878463372507 0.0007140840084145702 0.00012628832969836587 0.0 0.0007797584286051247 7.458909997526712e-05 2.4653336771800627e-06 8.428708071467209e-07 4.56109494487066e-07 0.0 0.0 0.0 1.255615091527086e-07 1.504641376777453e-07 8.648738506893957e-08 1.6043058017255236e-07 2.684827268881845e-07 0.0 7.704092877034076e-08 0.0 0.0 0.0 6.596052546911242e-06 1.2728460000020878e-06 2.936679704284084e-05 0.0 0.0 2.634709226411172e-07 0.0005841109162189954 5.840536373351729e-06 5.2911445937942526e-05 7.703183858690033e-07 0.0 0.0 0.0 2.509820841013569e-07 0.0 1.1323481870796312e-07 9.926625926095032e-06 0.0 0.0 0.0 0.0 2.2161295844786737e-07 0.0 1.1539204909813836e-07 4.914012157503016e-07 5.81057321027053e-07 5.999649088163968e-06 3.931815648195672e-06 1.998666673961867e-06 9.742518621267678e-07 5.292908040900716e-07 2.8722043248129587e-06 0.0 1.4292233418314883e-06 1.2932452650775647e-07 7.167851701370822e-08 1.0540042419800607e-07 0.0 0.0 0.0 6.47684275305194e-05 7.694428824252938e-06 0.0 3.438148099076347e-06 1.2503851020998862e-06 2.947788337851229e-06 7.303002332489702e-07 3.5846623460050714e-07 0.0 2.5317574102090722e-06 1.558168947938323e-07 3.967090899777976e-07 1.1923725210026872e-06 6.476368892351118e-08 1.037007988366121e-07 2.102611096640537e-07 0.0 1.709439365841135e-07 9.017322763231007e-08 7.701481137471878e-08 0.0 0.0 0.0 0.0 2.5295992101993306e-07 0.00019562003914376332 4.041754820031578e-06 1.38163876292054e-07 5.417285048938696e-05 4.105372766304794e-05 2.7716045944418003e-06 1.091915023433223e-06 8.423238516748426e-07 5.46777690053e-06 1.6479977015974145e-05 8.395523991479152e-06 4.486043751636153e-06 8.313186875968603e-06 1.0512945119718397e-05 6.413875599502614e-05 8.559681879303271e-06 6.334397072073965e-05 1.9497962105142682e-05 4.5284431721731656e-05 1.1305031527198747e-05 1.4868470570013493e-07 2.7130252603189217e-07 0.0 0.0 0.0 0.0 0.0 7.918121852151011e-08 0.0 0.0 0.0 0.0 4.675156211890683e-07 1.0736632094420032e-07 1.6730521060584412e-07 4.5506266549914014e-07 0.0 1.6310123104929665e-07 0.0 1.1199837936706086e-05 6.148101597681229e-06 0.0 0.0 0.0 5.622358217420658e-05 4.2614826856724505e-06 1.703813443345127e-05 3.457630533444413e-06 1.1674603347990622e-06 0.0 0.0 0.0 0.0 1.4114472231998277e-07 1.1799104508888301e-07 0.0 6.86290717865866e-07 7.805308277738068e-07 7.088259786630011e-08 0.0 0.0 4.2829103292606643e-07 2.1532879170159503e-07 0.0 8.404476101093235e-08 0.0 8.692138886487523e-07 3.3614378798368865e-07 0.0 8.946440109957874e-08 6.238602660614988e-07 1.2778517475897883e-05 7.844469826877509e-07 0.0 1.489929339087692e-07 0.0 0.0 0.0 0.0 0.0 0.0 0.00014071111118534244 5.701464794627902e-07 7.037525135373281e-08 0.0 0.0 4.46655619213609e-06 0.0 3.7744509289095096e-06 6.685050069263467e-07 6.626674261750625e-07 2.3294602431549784e-07 0.0 0.0 0.0 0.0 0.0 0.0 0.0 0.0 0.0 0.0 8.409774351045364e-05 1.4045725345893619e-05 2.6179969154986415e-05
