0.0 0.0008217743033550383 0.0004108912037132952 0.000663918266108813 0.0012046689125081687 5.932984503073428e-06 0.0006311388231702781 9.133678236673513e-05 0.00033621721158035386 0.0005009645892927244 0.00017333144440120993 0.00013241323375390933 0.0007569728826304074 6.78096360258221e-05 3.20883531340383e-06 4.5639519314286335e-07 1.3570706176172566e-07 0.0 0.0 0.0 1.8471066278589788e-07 0.0 0.0 0.0 0.0 0.0 0.0 0.0 0.0 0.0 0.0006363034020952527 1.342018509786114e-06 3.497713617622463e-06 0.0 0.0 8.570409490736354e-07 9.93488598038438e-07 7.042865156116528e-08 0.0 3.8455590418113923e-07 0.0 1.8456304092744776e-07 0.0 0.0 0.0 7.832203649836207e-08 3.172043396166172e-05 1.8481091867276267e-06 2.773999857448339e-07 0.0 8.783893127641748e-07 0.0 2.6046613188992893e-06 0.0 2.4669402612897156e-06 5.080837941438394e-06 5.380402637953548e-05 0.000604310815477091 4.065802292345679e-05 1.0961939414815615e-05 2.891006100526103e-07 1.1525191110030118e-06 3.14046720518119e-07 4.85934656978868e-06 1.106609406326516e-06 6.959008930468645e-07 6.08665695756035e-07 6.79900855935498e-08 1.3629373603741494e-07 1.0960879337602391e-07 4.712972628315272e-06 4.6660044320317094e-07 0.0 9.861304451136469e-05 6.57261407879089e-05 8.043802488907459e-06 5.871125449326717e-07 0.0 1.145934319760428e-06 2.0787933828619016e-06 0.0 4.1981626710548056e-07 3.248397541364755e-06 1.2521932408970688e-06 2.4481705682398074e-07 3.1238602660816636e-06 1.8173397932365572e-07 1.2594433704548896e-07 0.0 1.269919155737873e-07 0.0 0.0 0.0 3.3973633904013947e-07 0.0 4.309508461945586e-05 1.945827249963724e-06 8.569395858302485e-07 0.0 0.0006321101604010318 0.0 0.0 0.0 0.0 0.0 1.4959440899253472e-06 1.1468926806600634e-06 1.1849440185432941e-07 1.132158843142023e-06 0.0 2.8252051785335556e-07 2.7163885976426426e-06 1.574528220058985e-07 1.248207906500442e-07 0.0 0.0 0.0 0.0 0.0 0.0 0.0 0.0 0.0 0.0 0.0 0.0 0.0 0.0 0.0 0.0 0.0 0.0 0.0 0.0 0.0 0.0 0.0 0.0 0.0 0.0 0.0 1.1072616425277724e-07 0.0 6.926344737627713e-07 0.0 0.0 0.0 0.0 0.0 0.0 0.0 0.0 0.0 0.0 0.0 0.0 0.0 0.0 0.0 0.0 5.319382590689816e-07 0.0 0.0 0.0 0.0 0.0 0.0 0.0 0.0 8.022162476396555e-08 4.904852695973393e-07 1.3793771432042295e-07 0.0 0.0 0.0 0.0 5.115276883343274e-07 0.0 0.0 0.0 0.0 0.0 0.0 0.0 0.0 0.0 0.0 0.0 0.0 0.0 4.053398691155938e-07 3.9646549468896195e-07 0.0 1.5170665593048323e-07 0.0 0.0 0.0 1.2910639519926282e-06 0.0 0.0
0.0008217743033550383 0.0 0.0007738748948433156 0.0007927964540405907 0.0018766352832726401 1.1579210413412048e-05 0.0004383093002304514 0.0007051354659443585 0.0018815434103223473 0.0005613681140602546 0.001574394034331759 4.699580714318297e-06 8.312382941656203e-06 0.00010204176071486754 1.900329504381559e-05 2.504756358130899e-07 1.4411734788453116e-07 1.7725218971546626e-07 1.8068306909660383e-07 6.100663573187076e-07 1.4051908241734764e-06 0.0 6.185026422468151e-07 1.5268365123308886e-06 5.281819709373357e-07 3.119454264595793e-07 1.0484931726883578e-07 2.3594762538008534e-07 1.3201182909606152e-07 1.9158359782472366e-07 0.001051854463846969 5.071094934729655e-05 3.3685096659184664e-05 1.8461021110556099e-07 2.4957799014815735e-06 1.6268508863431222e-06 3.5733392994065355e-05 7.704259484686896e-07 1.1939040670577185e-06 1.2524419242843748e-07 4.4636637546895516e-07 1.2440267850512469e-07 3.0224613882827934e-07 2.0142358713864275e-07 9.634932435465996e-07 4.2315660644958636e-07 7.580505571382033e-05 2.0762433558433093e-06 2.273335150431709e-07 3.3866115684201433e-07 5.762267616998058e-07 2.0326421910106285e-07 0.0 0.0 2.5479941431184152e-06 3.846574818344267e-06 2.3166468131108135e-05 0.00026686032550567656 3.4915978884798415e-05 2.0867293487066168e-05 2.161572641702307e-07 1.7105176095879148e-06 1.2252000551161264e-07 3.8168443737039725e-05 2.0605479605355e-06 9.403242124083281e-07 7.718230087153684e-07 1.4321733343955996e-07 6.962111582957169e-08 8.985851526254102e-07 4.430660935433885e-06 0.0 0.0 0.00017277403547207636 9.362171019828674e-05 4.9700278177350826e-05 1.5279410847340297e-05 6.824287294041901e-07 3.683699024942363e-05 6.670856277941874e-05 1.4118461652605707e-06 9.342303241879975e-06 3.2087063593295324e-06 7.196605977832206e-07 7.423329811261861e-07 2.2211277711955768e-06 1.8802800121163414e-07 6.179545617532184e-08 8.131682283244408e-08 0.0 0.0 9.181126306066425e-08 4.1898766271240517e-07 0.0 0.0 1.0584264919357985e-05 3.910479072924646e-06 0.0 6.238351063450249e-07 0.0004806512550913348 0.0 0.0 1.4010885850254037e-07 0.0 1.0578561320709227e-06 2.5110723281461187e-06 0.0 1.934449119972479e-06 5.268772224981237e-07 1.4919610215974296e-07 0.0 6.760383520920878e-06 1.0681544835320442e-06 2.0456444374815222e-06 2.1375437369905594e-06 8.626311158977814e-08 2.4420824825676516e-07 0.0 0.0 0.0 0.0 0.0 0.0 0.0 0.0 0.0 0.0 0.0 0.0 0.0 0.0 0.0 0.0 0.0 9.676432049461814e-07 0.0 0.0 0.0 0.0 1.4032217966296138e-06 0.0 8.032665608571042e-07 0.0 0.0 0.0 0.0 1.4744022630260707e-07 0.0 0.0 2.0965983533291986e-07 0.0 0.0 0.0 0.0 0.0 0.0 0.0 0.0 0.0 0.0 3.6377185579372936e-07 0.0 0.0 0.0 0.0 0.0 1.1842988501654045e-06 0.0 0.0 3.79068230425006e-07 3.0549636823904623e-07 0.0 1.1359661210293513e-07 0.0 0.0 0.0 3.3908036799816046e-06 0.0 0.0 0.0 0.0 3.8381337830171665e-07 0.0 0.0 0.0 0.0 0.0 0.0 0.0 0.0 2.0506738068655765e-07 5.612780007246029e-08 0.0 2.487681947673128e-07 0.0 0.0 0.0 1.6167760539935586e-06 5.477015850823968e-07 2.1571248559636702e-07
0.0004108912037132952 0.0007738748948433156 0.0 0.00015775558831341657 5.9250179485108705e-05 0.0 6.789480513978206e-05 0.00015052631041371584 0.0002632479825006932 7.597887003336479e-06 0.0006359210988238547 5.743826824883864e-06 0.00017181920404185977 0.0003220756160559819 7.188023491671726e-05 6.745976241236346e-06 4.125008574363028e-06 4.741134116953528e-06 4.200104313190417e-06 2.9182287106781078e-05 5.246233352885874e-05 1.2655250366689456e-07 9.82299582715013e-06 2.2822454455780817e-05 9.020480368568464e-06 1.1680140593736179e-05 1.9431919513573618e-05 2.721361995771529e-06 1.5503828792162332e-06 8.014744336781362e-06 0.003162461810345493 0.0002400078170647684 0.00022402265221369496 5.448393075333402e-05 0.00014342036147395863 0.00012153437495939457 0.000132297470632473 3.181356809529181e-05 3.9539638529819885e-06 4.128653683899853e-06 1.2223022430419296e-05 3.083067742556561e-06 1.3265411199173005e-05 2.5307900544714724e-05 3.103080728005514e-05 1.9235040235145593e-05 0.0001601137727347279 3.1434930424340976e-06 8.052145152458648e-06 5.452963367442622e-06 4.39491749544866e-06 9.494847341797341e-07 8.834107156007286e-07 1.5576924657949694e-06 3.1931581108402737e-06 2.3264995938369416e-06 1.9558441242358384e-05 0.00022420395626907084 3.8110550534634305e-05 3.260790687825035e-05 6.815686366704138e-05 5.7094254169085456e-05 3.745066355260076e-05 0.0005716568353456302 1.541094905523726e-06 1.6741653674549321e-06 7.590568699133644e-07 7.267280359829952e-07 9.115511901428952e-06 3.715943444282619e-05 2.472751401268336e-05 2.7302713113085954e-06 0.0 0.00023626634092112342 0.00025109527747904566 0.00016481613320921178 0.00010448712291783652 2.5263771706845746e-05 0.0007281245254242989 0.00022022541170117833 5.2425164815108495e-05 0.00044251381067993633 2.510973121840653e-06 7.291433891901238e-07 6.037427481483498e-07 3.2226898777460176e-06 1.3171058896335088e-06 2.3374917282321374e-07 1.4743664424498771e-07 5.950906025221974e-07 1.0218482104120092e-06 3.1175532704688663e-07 1.4677867270728124e-05 2.0696848394427255e-06 1.5170744873355855e-06 1.4156940500720514e-05 1.4397564733423178e-05 0.0 7.335290435616023e-06 0.0003768390633674295 0.0 0.0 0.0 0.0 3.788940705267737e-07 1.1811006825598222e-06 0.0 4.62145883010401e-06 2.0555455336170884e-06 1.4877569184882384e-07 3.7673835230246866e-07 6.650021917693558e-06 1.5853522352660202e-06 1.9552381370204572e-06 1.1287364207549851e-05 2.3674386286542422e-07 9.707697185604598e-07 0.0 3.868911008247117e-06 0.0 0.0 0.0 9.240332968115695e-08 0.0 3.1888288347176054e-07 1.2458790554912005e-07 0.0 6.78758988406638e-07 0.0 0.0 0.0 0.0 1.3756066744896426e-07 3.114621439760364e-07 2.508437442310913e-06 0.0 0.0 0.0 0.0 4.936042807909371e-06 2.4898459405789234e-06 1.0911691639358849e-05 2.976656243739817e-07 5.613906859662394e-06 0.0 2.9085724982526e-07 6.394843329101842e-07 1.1118016116847147e-07 1.1313922571336448e-07 7.529014954814133e-07 1.5744468213302864e-07 0.0 3.7090355276907726e-07 0.0 0.0 3.2907633456808183e-07 2.8921063828053965e-06 0.0 0.0 0.0 1.6406467768382828e-07 0.0 0.0 0.0 1.1617619944218298e-06 1.3472334528649011e-06 1.1533854374157691e-05 0.0 0.0 1.633143329044408e-07 2.270569005936748e-07 7.853052765850911e-08 2.854060578495048e-07 9.204063029855001e-08 2.340749603217501e-07 0.0 1.1097927790070164e-05 4.1877606453453815e-07 0.0 5.425529678446911e-07 3.08503235993271e-07 1.926180857940661e-06 1.332033524172107e-06 3.88158701143795e-06 0.0 0.0 0.0 0.0 0.0 0.0 6.82822479705623e-08 8.214651853339623e-08 0.0 0.0 4.929417907892584e-07 0.0 4.3327288282063854e-07 8.35763626958097e-06 6.53767802432194e-06 5.393888304284389e-06
0.000663918266108813 0.0007927964540405907 0.00015775558831341657 0.0 0.00017557145578515887 1.6494158644487373e-05 0.0017195622471861624 0.00011772678030390647 3.7431599058776565e-05 0.00018031602972379867 0.00011683444652870886 7.828155047828338e-05 0.0007392149054145392 5.183232735250671e-05 2.4031169753343415e-06 2.1079423703201045e-07 0.0 0.0 0.0 0.0 0.0 0.0 0.0 0.0 0.0 0.0 0.0 0.0 0.0 0.0 0.00012079139184764938 3.341295073027681e-07 2.1987056260326694e-05 0.0 7.508293200848118e-08 0.0 1.4272124362355234e-05 0.0 0.0 0.0 7.920986039240282e-08 1.5021709129259426e-07 0.0 0.0 0.0 0.0 1.9865356201706572e-05 5.998288623203676e-07 2.2787379589517702e-07 0.0 3.0520398118100024e-07 1.2190346791684572e-07 0.0 0.0 6.732488914833642e-07 8.249962275198223e-07 8.502914794724322e-06 0.00011329346033905552 1.3061932332651482e-05 5.808271174151965e-06 0.0 0.0 0.0 6.966402695401436e-06 5.423902602597077e-07 4.0801655846194237e-07 2.2522852979622426e-07 8.860968030337341e-08 0.0 0.0 8.174720975158434e-06 0.0 0.0 5.205555715192645e-05 3.0835349552106436e-05 1.0914290948557269e-05 2.599789624245068e-06 0.0 2.552142294230812e-07 2.980770602824781e-07 0.0 1.5531083500246777e-07 1.100451483369699e-06 8.919031386899138e-08 1.730129079758918e-07 9.142186515182261e-07 1.7817667513471178e-07 0.0 1.0886313480104888e-07 0.0 8.213721031915234e-08 0.0 0.0 9.176709718894152e-08 0.0 2.288461399152223e-05 9.512202025795724e-07 0.0 0.0 0.00031506655211996365 0.0 3.0727213799683157e-07 0.0 0.0 1.8178570988480257e-06 8.031215729023122e-06 3.463005777456724e-06 7.340971681711681e-06 4.2776245850500166e-07 2.9084146437779395e-07 1.7208631248076912e-06 1.6533796037883186e-05 1.6321310446967394e-06 1.609359930088208e-06 5.4084067240469925e-06 0.0 0.0 0.0 0.0 0.0 0.0 0.0 0.0 0.0 0.0 0.0 0.0 0.0 0.0 0.0 0.0 0.0 0.0 0.0 2.6624914308705055e-06 6.840038782574581e-07 0.0 0.0 0.0 9.21562858234491e-07 0.0 4.873784572999675e-07 0.0 0.0 0.0 0.0 0.0 7.143813830899439e-07 0.0 0.0 0.0 0.0 0.0 0.0 0.0 0.0 0.0 0.0 0.0 0.0 1.770158958822915e-07 0.0 0.0 0.0 0.0 0.0 1.31498213389108e-06 0.0 0.0 0.0 6.993196524911107e-08 1.0562261803038619e-07 0.0 0.0 0.0 0.0 6.60238030099701e-07 0.0 0.0 0.0 0.0 9.76592353220753e-07 0.0 6.31805479843206e-07 0.0 0.0 0.0 0.0 0.0 0.0 0.0 0.0 0.0 0.0 0.0 0.0 0.0 3.6005945749710783e-06 0.0 0.0
0.0012046689125081687 0.0018766352832726401 5.9250179485108705e-05 0.00017557145578515887 0.0 8.118202846355707e-06 0.0010829931652959809 2.917931946191584e-05 0.001867262561011292 0.0009862621786207175 0.00021131323743177325 2.509114253481665e-05 6.88351121929789e-05 0.001027787822511272 2.7578126135320995e-05 2.3817883643163734e-07 4.186308820701658e-07 0.0 0.0 1.3874417158305592e-07 3.915037607154412e-07 0.0 0.0 0.0 0.0 1.8043146485586236e-07 2.3740333379595894e-07 1.005677441393035e-07 1.2846226677358528e-07 3.1418918113225724e-07 0.000377734893166669 3.0790450661721716e-06 6.79135203316327e-05 0.0 3.3088662817152493e-07 2.1379626451482837e-07 9.37018204711305e-05 0.0 0.0 8.774797718433844e-08 0.0 0.0 0.0 1.9454917562445413e-07 0.0 8.441580339093482e-08 7.91541838866542e-05 2.128050308541586e-06 6.995524027834147e-07 6.254319465472103e-08 1.3055767868266856e-06 0.0 0.0 0.0 3.4275123304282567e-06 4.381001695895664e-06 2.034266182310845e-05 0.00018438201609282144 3.4972803799503706e-05 2.3396212672643677e-05 0.0 3.784180741281733e-07 0.0 5.828315148892946e-05 2.1468844272729785e-06 1.2492420362640223e-06 8.25975843245224e-07 2.3134769848449573e-07 2.3174261070784458e-07 1.417380335151717e-07 1.8881395305603905e-05 7.0324719250647e-07 0.0 0.0001617787805462011 9.608144317990138e-05 7.417054923210693e-05 2.2195759012232135e-05 3.4660807364030074e-07 9.984677030655749e-07 5.233292091908869e-06 0.0 9.648180335339968e-07 3.347956775797752e-06 1.151477842802025e-06 3.6258190652370606e-07 3.952794478075173e-06 1.5009688052022793e-07 0.0 7.305313787425086e-08 0.0 0.0 0.0 7.994750748367001e-08 7.586143253109192e-08 8.919130888499675e-08 7.149653732618128e-05 3.359210349043498e-06 0.0 1.5814901480454402e-06 0.00010386110342396725 3.6918627069403403e-07 8.721700711435946e-07 7.322010984105487e-06 4.143010667130178e-07 2.0741697617464676e-06 2.244055817160694e-05 1.580740766184768e-06 2.6960421675655327e-05 6.220484626671652e-06 1.5585127634092643e-06 2.849226103858886e-06 6.0024791221972624e-05 1.0438241364746551e-05 1.31482981619903e-05 2.7698682627603252e-05 3.135774966478133e-07 9.742409699135835e-08 0.0 0.0 0.0 0.0 0.0 0.0 0.0 0.0 1.6603544490083618e-07 0.0 0.0 0.0 0.0 0.0 0.0 0.0 0.0 6.19497252542445e-06 1.4937263725747197e-07 0.0 0.0 0.0 7.930636282211705e-06 1.166546313831862e-06 3.7357645720293058e-06 0.0 7.999824944826962e-07 0.0 0.0 0.0 0.0 0.0 0.0 0.0 0.0 0.0 0.0 0.0 1.7651212890795383e-07 0.0 0.0 0.0 8.089385757720152e-08 8.600969192628613e-07 0.0 0.0 0.0 1.3298414589760446e-07 0.0 7.585803856359485e-06 0.0 0.0 2.517351976867414e-07 1.6230948870870905e-07 0.0 0.0 6.983078175055088e-08 0.0 0.0 9.008554280053332e-06 4.935533212067079e-07 0.0 0.0 0.0 5.996865743896522e-06 0.0 2.4897401158121576e-06 0.0 0.0 0.0 0.0 1.19828044274446e-07 0.0 1.9936439830577603e-07 1.8801034770186126e-07 0.0 0.0 0.0 0.0 0.0 2.6003365017322173e-05 1.5476553926979452e-06 2.335831014421865e-07
5.932984503073428e-06 1.1579210413412048e-05 0.0 1.6494158644487373e-05 8.118202846355707e-06 0.0 1.6412381199858475e-05 8.151224012422621e-07 4.415291738469931e-06 2.043748709236074e-05 0.0 1.9657013298944335e-05 5.289295687022134e-05 5.72732042091763e-06 0.0 0.0 0.0 0.0 0.0 0.0 0.0 4.675455286634569e-07 0.0 0.0 0.0 0.0 0.0 0.0 0.0 0.0 1.5012520573714504e-06 0.0 5.544322135740787e-07 0.0 0.0 0.0 4.527027015858077e-06 6.752663923553344e-07 0.0 4.943189186185392e-07 0.0 0.0 0.0 0.0 0.0 0.0 2.4106110250415585e-07 0.0 0.0 0.0 0.0 8.421035890560168e-07 6.738653438277275e-05 0.0 1.7567956370923127e-07 0.0 7.08754468719855e-06 1.4482638216715842e-06 0.0 0.0 0.0 0.0 0.0 0.0 0.0 0.0 0.0 0.0 1.0967682679295964e-07 0.0 2.942678480840354e-05 2.0390077616107978e-05 1.4750508593945856e-06 1.8193364372891626e-07 0.0 0.0 0.0 0.0 0.0 7.61425714146564e-07 0.0 0.0 0.0 0.0 0.0 0.0 0.0 6.600831799314311e-07 0.0 1.8073217474133398e-06 0.0 1.2972496134278917e-07 0.0 5.001260631264391e-07 0.0 1.0234737378885483e-05 6.253677785427745e-05 1.80090418177035e-05 6.7208733547651376e-06 0.0001167893210121949 0.0 0.0 0.0 0.0 0.0 1.6112992868967359e-06 0.0 0.0 0.0 0.0 0.0 7.206607044188752e-07 0.0 0.0 0.0 0.0 0.0 0.0 6.581010823708781e-07 0.0 0.0 0.0 0.0 0.0 0.0 2.722433506039622e-07 0.0 0.0 0.0 1.7077432738644188e-07 0.0 0.0 2.5512263017546323e-07 0.0 0.0 0.0 0.0 0.0 9.303801508397048e-08 0.0 1.3936868214478212e-07 3.2294336404489707e-07 1.0909367038030875e-07 8.67986985340221e-07 0.0 0.0 0.0 0.0 0.0 1.8628100346504958e-07 0.0 0.0 0.0 0.0 0.0 0.0 8.230464968670057e-07 2.9865042060206957e-07 0.0 0.0 0.0 0.0 0.0 0.0 0.0 1.904450427362429e-07 0.0 0.0 0.0 0.0 0.0 0.0 0.0 0.0 0.0 0.0 0.0 6.793802507225661e-07 0.0 0.0 0.0 0.0 0.0 1.4365313119154284e-07 0.0 0.0 0.0 0.0 0.0 0.0 0.0 0.0 0.0 0.0 0.0 0.0 0.0 2.7420034808334714e-07 5.169670107320571e-07 1.2602542764019857e-07
0.0006311388231702781 0.0004383093002304514 6.789480513978206e-05 0.0017195622471861624 0.0010829931652959809 1.6412381199858475e-05 0.0 7.459293660773139e-05 0.0026842297296629787 0.0018865471685978522 0.0007476440222601827 0.00012566255138868202 0.00016188644745992152 0.0007707556125367439 5.034571597347737e-06 3.6532447234906907e-07 0.0 0.0 0.0 0.0 0.0 0.0 0.0 0.0 0.0 0.0 0.0 0.0 1.167250708130175e-07 0.0 2.8650086677043335e-05 1.9190552722894231e-07 1.950811892415418e-05 0.0 0.0 0.0 3.9190589277492514e-05 0.0 0.0 0.0 0.0 0.0 0.0 0.0 9.191105995627501e-08 0.0 1.4450787106018298e-05 2.503219925029428e-07 2.3328607311593476e-07 0.0 0.0 0.0 0.0 7.933509760046085e-08 3.9026591586853945e-07 5.720282756164519e-07 2.4737275992742455e-06 2.7524026928944103e-05 4.7840274915945605e-06 4.025087051392742e-06 7.763742055045268e-08 0.0 0.0 7.818321340596114e-06 1.0331583069863188e-07 1.6969737341788142e-07 6.907062803918776e-08 0.0 0.0 0.0 9.607696985755843e-06 4.4050718199478663e-07 0.0 2.784904286639201e-05 1.093201073923505e-05 1.2345164824147137e-05 3.0436452341011653e-06 0.0 3.0431954676083587e-07 1.8352454850014308e-06 0.0 0.0 7.624023512434078e-07 1.449487319029634e-07 1.6056046883282316e-07 7.375892070135087e-07 0.0 0.0 0.0 0.0 0.0 0.0 0.0 8.86116061408032e-08 0.0 5.595062248968685e-05 2.019107148775872e-07 0.0 3.6814829567505215e-07 2.8866632498173385e-05 0.0 3.1490710251267706e-06 5.490651652873051e-06 1.942834139108205e-06 1.4321730904561916e-06 2.3515813487359785e-05 9.263184313111549e-07 3.071768719547473e-05 2.7678796937440627e-06 1.817536793566706e-06 1.55855397504637e-05 5.4008311806030975e-05 9.513188747861238e-06 9.045503255752845e-06 1.706144844204408e-05 0.0 0.0 0.0 0.0 0.0 0.0 0.0 0.0 0.0 0.0 0.0 0.0 0.0 0.0 0.0 0.0 0.0 0.0 0.0 4.801065317560624e-06 6.670318966731185e-07 0.0 0.0 0.0 2.7488923553867577e-06 0.0 1.979798425215286e-06 0.0 0.0 0.0 0.0 0.0 1.4700508975480836e-07 0.0 0.0 0.0 0.0 0.0 0.0 0.0 2.227097912164074e-07 4.4106124542333184e-07 0.0 0.0 0.0 6.642490615870989e-08 0.0 0.0 0.0 0.0 0.0 3.5593164130213106e-06 1.2610054813887584e-07 0.0 7.0074015017931e-08 7.818419147459714e-08 0.0 0.0 0.0 0.0 0.0 7.108055022731525e-06 1.3297402883164e-07 1.0031466342319918e-07 0.0 0.0 4.470633315411687e-06 8.754028203699568e-08 1.520683474581686e-07 0.0 0.0 0.0 0.0 1.2853535872350323e-07 0.0 0.0 0.0 0.0 0.0 0.0 0.0 0.0 2.1382938750633966e-05 4.258119510977551e-07 0.0
9.133678236673513e-05 0.0007051354659443585 0.00015052631041371584 0.00011772678030390647 2.917931946191584e-05 8.151224012422621e-07 7.459293660773139e-05 0.0 0.00018878562626635468 7.23954626715692e-05 6.542524210617458e-05 0.00011248168332927086 0.0006680458175204016 0.0015273371119253424 7.477354195002934e-05 5.631231924281109e-06 1.9896668912453326e-06 1.3812095582602834e-06 2.388871016631843e-06 1.9238341550603915e-05 4.738070384355568e-05 0.0 1.3152177331388889e-05 1.9666869933913108e-05 1.589080517227816e-05 1.3323927872187935e-05 2.7159268421698895e-05 4.73592498348432e-06 7.751644843035579e-07 8.070853892753904e-06 0.0017925584839980967 0.0007932783693593035 0.00018495008241370766 3.057073158690295e-05 0.00013975742398500602 0.0002324316967170122 5.7595835516943534e-05 3.194802980786012e-05 4.668862182193747e-07 6.796112549222671e-06 6.419340411312226e-06 2.1235972395889324e-06 8.114396017830446e-06 1.127826670559861e-05 1.8778953073280167e-05 5.873958959614972e-06 0.00013300585696709706 2.3300463701146027e-06 7.375394632746435e-06 4.310159130515176e-06 1.7688477203115646e-06 1.2399075407586698e-06 2.393303376412668e-06 4.848838302047714e-07 1.2252800158862112e-06 1.871812342457587e-06 8.176121341426034e-06 6.724203134100671e-05 1.7319859908251323e-05 1.4842688764005107e-05 3.5728468345301276e-05 7.148410263042039e-05 4.9232430279371986e-05 0.00042030223085544343 1.0706713283717218e-06 5.428294795828576e-07 2.1786536642019208e-07 1.9476371391413066e-07 5.017440881822977e-06 2.5655904362612796e-05 1.031446884592628e-05 6.631454322023529e-06 2.113648177262449e-07 8.876673119026877e-05 0.0001267578825517854 8.87892188280271e-05 9.704416673684138e-05 3.199234360957531e-05 0.00044194247620651234 0.0001102750061177463 2.536963802676395e-05 0.0004781224306120226 8.88322640998857e-07 1.5002626006167828e-07 1.6841485556206718e-07 1.5807651216087966e-06 6.397460028612254e-07 2.9387836877646514e-07 0.0 9.07178027394932e-07 5.927242811360308e-07 2.743031236075159e-07 7.478364043808199e-06 1.1170533061611204e-06 1.1773367488535797e-06 4.9856976398476616e-05 1.086011835493539e-05 0.0 1.4027575927755415e-06 0.0001858484400029629 0.0 0.0 2.1818807771440725e-06 1.3492856123911489e-07 5.210748925837982e-07 6.576438500483018e-07 6.767096919587022e-07 3.6554651626915516e-06 3.407571676865383e-07 1.972073705120188e-07 1.910776764802479e-06 1.3459078456804871e-05 2.3909419209757416e-06 2.9082704242322823e-06 1.3771642423730143e-05 3.0219100788017723e-06 2.0574967921009324e-06 0.0 1.03248476460363e-06 0.0 0.0 0.0 0.0 0.0 9.810128562624692e-08 0.0 9.184788606912044e-08 5.21506857919296e-07 0.0 0.0 0.0 4.966435841410999e-07 0.0 0.0 1.4613472421901425e-06 0.0 0.0 2.3979364469704246e-07 0.0 8.528047390447613e-06 2.4377658142606914e-06 9.9819015073325e-06 6.87119883218828e-07 3.122831406693182e-06 0.0 0.0 6.147560731747314e-07 2.7337451047671265e-07 0.0 8.481018921871957e-07 0.0 0.0 4.5255695420912247e-07 0.0 0.0 1.2636282151897827e-07 1.692028992510882e-06 0.0 0.0 0.0 1.346517413669596e-07 0.0 2.0421892090958144e-07 0.0 2.541968095089331e-07 1.7262687771476897e-06 9.721157774964315e-06 0.0 0.0 0.0 0.0 0.0 3.7335405892875733e-07 2.3935932983988044e-07 0.0 0.0 1.7196725817377933e-05 2.1273971158410725e-07 1.1365220461007448e-07 3.1908320908120533e-07 4.2716480053650454e-07 2.1981293307368344e-06 4.50563051265125e-07 2.1757158890752175e-06 0.0 0.0 2.639949503755033e-07 1.246823357777599e-07 2.69252435203114e-07 0.0 0.0 2.882319354020796e-07 7.324323086748549e-08 3.2248589420237105e-07 1.959602559676218e-07 0.0 2.433345535900009e-07 9.400722082353471e-06 6.2472644681821245e-06 5.254385179428634e-06
0.00033621721158035386 0.0018815434103223473 0.0002632479825006932 3.7431599058776565e-05 0.001867262561011292 4.415291738469931e-06 0.0026842297296629787 0.00018878562626635468 0.0 0.004034296147662914 0.00036677186286124134 0.0008050483315499987 0.0010341011663967973 0.00041740193653728546 7.953181012062584e-05 5.347017394888319e-07 6.289152857399347e-07 0.0 0.0 1.3135516732039106e-06 1.2482665482501786e-06 0.0 6.468312614766835e-07 2.2371780277276534e-06 1.3486813937364744e-06 1.8143834081008252e-06 9.398760764578789e-07 4.780516458859596e-07 1.222183294976971e-07 4.148213316946705e-07 0.00044111507377993264 1.8694965068996414e-05 0.0002366258241809004 1.1285525456488654e-06 6.2798465882512575e-06 1.4471565511702044e-05 0.00025212958116500444 5.252931814114967e-06 7.509229029449825e-07 4.35112307924936e-07 1.9625980714090658e-07 2.0069605711334e-07 2.7502593533111584e-07 2.775067413330243e-07 1.0061113261465047e-06 3.3777866109819596e-07 0.0001528413108065818 2.1068396550661912e-06 7.251626575449542e-07 1.8681166154936493e-07 1.6561083819015759e-06 6.760562424798646e-08 6.355375345205272e-07 1.0317833232560432e-07 2.4240627041934386e-06 4.728743465094664e-06 1.4754575089551233e-05 0.00013022640434490575 3.4118652993177665e-05 3.6144479029256364e-05 8.271188470181675e-07 4.874992894758779e-06 1.1207745504710028e-06 0.00012123682370408608 2.402127589193713e-06 5.247197260839253e-07 7.12652154403378e-07 0.0 3.0393880228151204e-07 4.876080556383449e-07 6.098735981961353e-05 1.3941103978354748e-05 0.0 0.00022285274799688158 0.00011122485182447443 0.00013805604402466028 4.7698038610512224e-05 2.2245031607809043e-06 9.16580992840371e-06 2.4668089557679162e-05 4.231234563679619e-07 1.438914215403812e-05 4.1901616574831165e-06 1.0449524178623937e-06 2.1575945677127914e-07 3.7529887323958868e-06 0.0 8.953043601746327e-08 0.0 0.0 7.760565707177765e-08 0.0 3.584579696072587e-07 1.2054451999290192e-07 9.224392169763668e-08 0.0006348269288829465 1.3290364050069517e-05 0.0 2.2850900255798826e-06 6.574266903087159e-05 1.6203434367317183e-06 9.748022282707659e-06 3.2849608141955085e-05 1.9527838112832085e-07 1.2145018696331323e-05 9.134248708236963e-05 1.5254111936296573e-05 0.00011669611022381563 1.2312282440344863e-05 5.2935613283405554e-06 2.5255512785125462e-05 0.0002650543448600936 5.771434575560099e-05 5.0183048099261896e-05 0.00011427656174675216 7.862046041480456e-07 1.4081757373810017e-06 0.0 3.7430976859219755e-07 0.0 0.0 0.0 1.2857329772086968e-07 1.1019115377587062e-07 0.0 0.0 0.0 0.0 0.0 0.0 0.0 0.0 0.0 0.0 2.9732131770174788e-05 4.749829106043034e-06 0.0 3.1955677250518615e-07 0.0 2.9545900896258034e-05 1.0096718850007045e-06 1.6098595841157413e-05 2.1253860280077437e-07 2.2567439903601906e-06 0.0 0.0 0.0 2.1974005232393705e-06 8.912003364172086e-08 1.9108302774051944e-07 0.0 0.0 2.9106477164723403e-07 0.0 0.0 3.8912755978325976e-07 8.25047955513186e-07 9.744749591613006e-08 0.0 0.0 2.7375798964518684e-07 9.046781042468043e-07 3.0498819109699436e-07 0.0 2.889019342438971e-07 2.8453828192310793e-07 3.985039073950526e-05 1.5231096060589632e-06 0.0 3.3471224645064266e-07 5.284724449968681e-07 1.7500865330436375e-07 0.0 1.0863302290602362e-07 0.0 0.0 5.2064686507228785e-05 4.51770046764185e-06 8.494379996792224e-07 0.0 0.0 3.17693232385566e-05 1.3133277881832416e-07 5.061971667641383e-06 3.105454196816328e-07 7.874050107153126e-07 1.8662164558962755e-07 0.0 4.0959281788146156e-07 0.0 3.9934599541050326e-07 3.899839026547819e-07 7.510396215321429e-08 1.590357319840085e-07 0.0 0.0 9.114284982499732e-08 0.00013363605384629086 1.115374598609795e-05 9.833463832049894e-06
0.0005009645892927244 0.0005613681140602546 7.597887003336479e-06 0.00018031602972379867 0.0009862621786207175 2.043748709236074e-05 0.0018865471685978522 7.23954626715692e-05 0.004034296147662914 0.0 0.00043172758591116845 0.0002444523555333656 0.005866948000256916 0.00120316516407119 1.2798333539874195e-06 9.211060881128983e-08 0.0 0.0 0.0 0.0 0.0 0.0 0.0 0.0 5.335270171734201e-07 0.0 0.0 0.0 0.0 0.0 2.2985700100483592e-05 5.424995900505959e-07 2.7531168608176796e-05 0.0 0.0 0.0 2.8142311110612342e-05 8.491933669699766e-07 0.0 7.823981864681028e-07 0.0 0.0 0.0 0.0 0.0 0.0 5.3190304834130725e-06 8.202841976274456e-08 0.0 0.0 0.0 0.0 7.946100885161929e-07 1.5944535760532083e-07 3.371126230620257e-07 1.6730425721360848e-07 1.1732851271326208e-06 1.6413219375663577e-05 2.0358294070206935e-06 6.899617965777348e-07 0.0 0.0 0.0 2.165749250272459e-06 0.0 1.5657777925293328e-07 0.0 0.0 0.0 0.0 8.338571762917853e-06 1.1157362978408308e-05 0.0 8.320327958294893e-06 3.954410377648454e-06 3.541764818565191e-06 8.140372496257089e-07 2.174631745313586e-07 3.208123992510227e-07 5.706591913681694e-07 0.0 0.0 8.235239697409688e-08 1.7623172055872107e-07 0.0 2.2547868323943537e-07 0.0 0.0 0.0 0.0 0.0 0.0 0.0 0.0 0.0 6.835054581781604e-05 7.1183711047359155e-06 1.120325162726224e-06 0.0 0.00014117835451800658 0.0 1.84725093727705e-06 9.81221487366803e-06 5.182925903128011e-06 1.3413577119535897e-05 3.8437767781297935e-05 1.4183614389075056e-05 4.417280598929591e-05 5.511850655031995e-06 9.791454943184695e-06 2.573024217528078e-05 0.00013993782359651084 2.248405724137801e-05 2.732562265046948e-05 4.648209352023507e-05 5.573585877431972e-07 4.113697110444143e-07 0.0 2.4778008609884573e-07 0.0 0.0 0.0 3.6644235678247026e-07 0.0 0.0 0.0 0.0 0.0 0.0 0.0 0.0 0.0 0.0 0.0 1.3906461854181576e-05 2.6782605279767517e-06 0.0 0.0 0.0 4.258119279877059e-06 1.7425454672253013e-07 2.0831096980986673e-06 0.0 2.2692304847284758e-07 0.0 0.0 0.0 2.2465959248326316e-07 0.0 0.0 0.0 0.0 2.7863132768068107e-07 0.0 0.0 5.45498651743772e-07 3.891909840292802e-07 0.0 0.0 0.0 0.0 0.0 7.964376568813811e-07 0.0 9.050455668673207e-08 0.0 8.356779727706246e-06 3.4736861251914974e-07 0.0 6.447223539408381e-08 0.0 0.0 0.0 0.0 0.0 0.0 2.2179659505617526e-05 4.756276135714809e-06 4.881978369317542e-07 0.0 0.0 8.845559668259525e-06 1.663978746662029e-07 1.0428461294654534e-06 6.324090629715286e-08 2.525909884848669e-07 1.094339658541493e-07 0.0 3.219785387509559e-07 0.0 0.0 0.0 1.0611119014740298e-07 1.1811583357130116e-07 0.0 0.0 0.0 8.668254256742795e-05 5.208434287508973e-06 1.1757444215304384e-06
0.00017333144440120993 0.001574394034331759 0.0006359210988238547 0.00011683444652870886 0.00021131323743177325 0.0 0.0007476440222601827 6.542524210617458e-05 0.00036677186286124134 0.00043172758591116845 0.0 0.00014470483676377543 0.00034626413950847865 0.0005226587941756009 0.00010224607633207451 2.8100248356074228e-06 1.8704681207705233e-06 1.038266834708195e-06 5.436094180640825e-07 2.7873958478012077e-06 7.181232916354476e-06 1.7144491681840448e-07 1.2814407612595826e-05 1.0511486142703441e-05 1.515239441585603e-05 7.747457270030994e-06 8.91532292373033e-06 1.3417526671873081e-06 1.3498913075211865e-06 4.379488815785958e-06 0.0015814041563806363 5.957611452846996e-05 0.00035908123858159385 4.7828485709535516e-06 4.3165379951711225e-05 0.0002368990493491039 0.0001584760392235253 8.081034652581563e-05 1.3343164953143133e-06 9.500910417260737e-06 1.297480598369218e-06 5.647772088177487e-07 1.1860069074791588e-06 1.194521554732284e-06 3.6385893445895384e-06 1.977827593803697e-06 0.00020469021301373653 3.3789802129236415e-06 2.651399685743983e-06 6.260027005668135e-07 8.057556287015864e-07 9.084180355992129e-07 1.217544132353479e-06 6.266216839751162e-07 2.1840738116783077e-06 4.0020966031593335e-06 1.5683964101738248e-05 0.00015385262120690666 3.734548547562429e-05 3.816896085648691e-05 3.5944957431260656e-06 0.0002681638168930229 7.511019204471585e-06 0.0002466223964096389 1.936171428483213e-06 1.1892816014447421e-06 7.692138199709334e-07 0.0 7.721465943397767e-07 5.3641161158339125e-06 2.5859742417073345e-05 3.8230403377275394e-05 0.0 0.00022770276715182718 0.00015052344809289965 0.00017242253163723343 8.067180149866172e-05 1.0277030174704588e-05 0.00020429891847599939 4.422805894561861e-05 2.11549569730341e-06 7.1762323761148e-05 3.5061655660283326e-06 9.593436159588392e-07 4.014660086088603e-07 4.180027522179632e-06 6.681336682666905e-08 2.7690875597216406e-07 1.1757306838901064e-07 2.585823842791311e-07 0.0 1.904089782206414e-07 1.931303502050897e-06 6.644633944541163e-07 4.924756418393822e-07 0.00024210099158728144 2.3153370048547286e-05 1.6095566351232848e-07 4.158845980946718e-06 0.00013047946948740476 3.7486708668599905e-07 1.28048956383324e-07 3.5149862545268805e-06 0.0 5.702097041217899e-06 1.5939532608214904e-05 1.228364873636883e-06 3.266557294096984e-05 5.224603470921796e-06 2.4660298537420813e-06 8.807448976066705e-06 7.011286220171262e-05 1.7591461158978366e-05 1.940205785071615e-05 8.055743684975289e-05 3.565562622785366e-06 3.896859370876477e-06 1.7001957885879835e-07 1.6552893425010682e-06 0.0 0.0 1.672607782239024e-07 1.2216376410385352e-07 0.0 0.0 1.3070229816056563e-07 0.0 4.995486200314965e-07 0.0 0.0 0.0 0.0 0.0 3.704918665017151e-07 1.0742965741793503e-05 9.903170519255927e-07 0.0 1.3170746718087722e-06 0.0 4.185882012116851e-05 2.6628772531411855e-06 3.1730189868913455e-05 5.018099319220758e-07 9.199206022920908e-06 0.0 0.0 8.785102232574739e-08 4.080342588337594e-06 4.167247844740497e-07 2.458080773586416e-06 0.0 3.184456541806216e-07 1.8993576786685603e-06 0.0 0.0 2.640754760579001e-07 1.1516894859160987e-06 0.0 0.0 0.0 5.976442244373256e-07 2.3418511822273298e-07 2.264611748820655e-07 0.0 8.703094810859439e-07 3.945263696228711e-06 5.869781041475368e-05 6.992209597422929e-07 0.0 6.061552125993338e-08 0.0 0.0 8.219026714034255e-08 0.0 0.0 6.806963551831555e-08 8.560857487941954e-05 1.1822632592605104e-06 4.996963125039857e-07 1.0071082102141937e-07 1.8231805371881483e-07 1.6322845397174046e-05 1.5127688540770968e-06 1.0134864759346995e-05 8.789729763140155e-07 8.072136160250852e-07 1.2278492820207266e-06 4.5086754542114616e-07 8.438143682200055e-07 0.0 7.844568360664891e-07 2.1205915915317466e-07 0.0 1.2011394126035364e-07 1.216323228456501e-07 0.0 0.0 6.167096897823138e-05 2.566405621419144e-05 2.009491584359048e-05
0.00013241323375390933 4.699580714318297e-06 5.743826824883864e-06 7.828155047828338e-05 2.509114253481665e-05 1.9657013298944335e-05 0.00012566255138868202 0.00011248168332927086 0.0008050483315499987 0.0002444523555333656 0.00014470483676377543 0.0 0.0009627196120417293 0.00030005059419605423 1.1940336566583676e-06 0.0 1.2149635872310826e-07 0.0 0.0 0.0 0.0 0.0 0.0 0.0 7.367885657799136e-07 0.0 0.0 0.0 3.800703078342969e-07 1.21374928253703e-07 1.039140368888507e-06 0.0 3.635848429848799e-05 0.0 1.299885828090924e-07 2.8764549736244835e-06 5.2961795325719443e-05 2.8311601670131557e-05 5.847803442501941e-06 8.845492950831494e-06 0.0 0.0 0.0 0.0 0.0 0.0 3.1870554658371503e-06 0.0 0.0 0.0 0.0 0.0 7.619648343605459e-06 0.0 1.0070877321428573e-07 0.0 7.799882962198166e-08 1.020915142177285e-06 1.9997880464045408e-07 3.4207048610231275e-07 4.0033807772353375e-07 7.333378117565009e-07 2.3513637920171036e-07 7.062402841036138e-07 0.0 0.0 0.0 0.0 0.0 0.0 1.7349989063508325e-06 5.4335353679518785e-05 0.0 2.2922339580423677e-06 1.0154919261999258e-06 1.9575567040578237e-06 7.410302740746496e-07 4.3500327984857857e-07 1.0576347249610807e-06 0.00012104636123252114 0.0 3.1997679764861925e-07 0.0 0.0 0.0 7.215718052679837e-08 0.0 1.2406994515292498e-07 0.0 0.0 0.0 0.0 0.0 0.0 0.0 0.00013611540966693681 1.0571070609120224e-05 0.0 1.4767058470482334e-06 6.156721112290641e-06 9.541940935775411e-08 0.0 5.906542896390746e-06 1.011454054958215e-07 2.303782287126198e-06 1.8606979603959698e-05 2.2378582720245974e-07 2.484342184154414e-05 3.361762507322179e-06 7.356645507640276e-07 4.319036387278494e-06 6.810711992817621e-05 1.4961631744752495e-05 1.5010526728545629e-05 4.372282478487399e-05 6.810371256968954e-07 6.448459541870809e-07 2.103075265578424e-07 1.0515989065167692e-06 0.0 0.0 0.0 0.0 0.0 0.0 0.0 0.0 0.0 1.2671871627599996e-07 1.3520814147825284e-07 1.2589400849399092e-07 0.0 1.6470461420336702e-07 0.0 1.2358442003169504e-05 1.0562338322979157e-06 0.0 0.0 0.0 1.3328482246608857e-05 1.9939159113028446e-07 4.534390923891248e-06 5.110980211648291e-07 8.549198317284854e-07 0.0 0.0 0.0 1.7335418305903834e-06 2.0526416275513176e-07 0.0 0.0 0.0 1.5581354918567717e-07 0.0 0.0 0.0 1.1269142999419398e-07 0.0 0.0 0.0 0.0 1.6428216250477234e-07 5.652488464042997e-07 0.0 7.532957978562428e-07 2.0723550130391037e-07 1.9639748519456635e-05 2.9798108938389455e-07 0.0 0.0 0.0 0.0 0.0 0.0 0.0 0.0 3.606282045373309e-05 2.2937477946513295e-06 2.4540951503141747e-07 0.0 0.0 7.288940452405791e-06 1.36718999458657e-07 3.7415229414945675e-06 9.333102996501851e-07 8.077954628682839e-07 4.986383216146503e-07 1.1888535969148912e-07 9.67203510583132e-08 0.0 0.0 0.0 0.0 1.1261630949551671e-07 0.0 0.0 0.0 5.070439257056911e-05 9.551996342844768e-06 4.341280040692844e-06
0.0007569728826304074 8.312382941656203e-06 0.00017181920404185977 0.0007392149054145392 6.88351121929789e-05 5.289295687022134e-05 0.00016188644745992152 0.0006680458175204016 0.0010341011663967973 0.005866948000256916 0.00034626413950847865 0.0009627196120417293 0.0 0.0004276686535315807 1.4673092317307465e-05 2.283131692853213e-07 2.9208481711974474e-07 0.0 0.0 0.0 2.9370336792922175e-07 0.0 0.0 5.089019373879962e-07 1.7476654600993426e-06 0.0 0.0 2.3863752597120215e-07 0.0 0.0 1.7173244396150178e-05 1.1209804931062844e-06 0.0001068543768201645 9.606324890781716e-08 1.3382626004024955e-06 9.57857543506156e-06 6.735182880225626e-05 2.3303393978345672e-05 5.05144633698079e-06 4.430571512382564e-06 0.0 0.0 0.0 1.0691544553590786e-07 0.0 0.0 3.1482654563171393e-05 2.608894091308351e-07 1.8907384648624576e-07 0.0 0.0 0.0 1.8591727440136348e-06 0.0 2.5945511602718053e-07 4.012290150547526e-07 1.2416804153408527e-06 1.4188770985699181e-05 4.880777693133035e-06 6.728461340402722e-06 4.05926665360987e-07 8.63081826050929e-08 0.0 8.077622761957484e-06 2.9159763160567745e-07 0.0 0.0 0.0 0.0 0.0 2.6157547022715174e-05 4.7407740893493815e-05 0.0 3.2073493853889535e-05 1.2177693673861863e-05 2.171833386693991e-05 6.790751537794293e-06 1.657069400456864e-06 1.3023078832123085e-06 3.86574188612165e-05 0.0 4.152418832336677e-07 5.819117952757419e-07 2.561327704241269e-07 0.0 3.727708832577321e-07 0.0 0.0 0.0 0.0 0.0 0.0 0.0 0.0 0.0 0.000779931252960083 1.3325687143938407e-05 0.0 7.3993298069504755e-06 3.339289009704207e-05 7.656188464018631e-07 3.232678483934392e-06 1.9882912257686073e-05 0.0 1.360067431216206e-05 6.841385784528948e-05 1.0933629726567675e-05 8.12104399130548e-05 1.3131339160550236e-05 4.132632675871877e-06 1.8790816052102725e-05 0.00023723752926538535 4.043618632618941e-05 5.073609070558015e-05 0.00010801270907786872 1.2364332915186136e-06 7.798146498782322e-07 4.124886803662343e-07 1.39228301435068e-07 0.0 0.0 0.0 0.0 0.0 0.0 0.0 0.0 2.206713372332012e-07 0.0 0.0 0.0 0.0 0.0 0.0 2.6407395913995124e-05 3.2558952565825467e-06 1.0055520051817767e-07 2.2965726900268155e-07 0.0 1.9296360285512456e-05 9.778612104697324e-07 1.3785273764255844e-05 3.6804455081271037e-07 1.335127459036532e-06 0.0 0.0 0.0 3.329790967590697e-06 3.032302160770601e-07 1.2267606253800517e-07 0.0 0.0 9.349549006206288e-07 0.0 1.0191027750888758e-07 7.173344172685485e-07 1.1193536162596526e-06 0.0 0.0 0.0 0.0 1.0214483808837562e-07 0.0 0.0 2.30207082749965e-07 5.12550449237614e-07 4.16638960748689e-05 2.0839600451963245e-07 0.0 0.0 7.208643167908667e-08 0.0 0.0 0.0 0.0 0.0 5.7408357952166615e-05 3.199111689606875e-06 2.46172345656808e-07 0.0 0.0 2.0588942606251466e-05 1.19792275053917e-07 4.791398993846663e-06 1.281137524675403e-06 3.1815403745754746e-07 3.9399160886288454e-07 0.0 1.0902677962691463e-07 0.0 7.172122870782105e-08 1.4874387701448408e-07 9.075481284127277e-08 0.0 0.0 0.0 0.0 0.00012827359146631623 1.3632380664079464e-05 4.8323477413040685e-06
