0.0 0.0024334951062822507 0.00034040549729352163 0.0011527250613264657 0.00017240050957551017 3.273368347128968e-05 0.0009109123867235453 4.389755769285111e-05 1.9424931881236228e-05 0.0004947882490575002 0.0001342010068070254 1.8460874253279884e-05 7.476710893820915e-05 7.25969250410257e-05 1.6855966251433575e-06 2.354653045324763e-07 8.142138196517267e-08 0.0 0.0 3.2336146070430266e-07 0.0 0.0 2.2104115809223632e-07 0.0 3.132960163031e-07 2.52129386119698e-07 0.0 0.0 0.0 0.0 0.000159346103679238 1.5917727945846644e-06 7.239119626833509e-06 0.0 1.1089212081179531e-07 1.9097586986879672e-07 3.0865499146353277e-06 5.528117864953245e-07 6.426580504713845e-08 1.705366798250261e-07 4.271974721065186e-07 2.5556291319322973e-07 0.0 1.5029783694158578e-07 0.0 8.862364921867905e-08 5.022684900444641e-06 1.1208037046188584e-07 6.701044969882382e-08 3.216143181296577e-07 4.0227267442331533e-07 0.0 0.0 3.059256206514861e-07 1.6601422109181829e-06 2.8763095599920267e-06 0.00019163503671514834 0.00011844450542727327 1.2361869481155308e-05 1.2606083459183143e-05 0.0 1.2055554416805104e-07 0.0 5.693956908908237e-06 8.209853614432835e-08 5.164699366735988e-07 2.4782522719020703e-07 0.0 9.481613777308299e-08 5.888084580370792e-07 1.372463315358448e-05 2.3380734849194044e-06 3.137852709440068e-07 3.52258976176148e-05 4.856160181792299e-06 5.580735826801576e-06 8.613672164408297e-07 1.189359316386987e-06 0.0 1.3909075495998674e-05 3.4850367017043383e-07 1.708126066351857e-06 1.8620390088010689e-06 0.0 9.735666147091263e-08 7.416986139926304e-07 0.0 9.908199859484389e-08 3.134513845618499e-07 2.0522638053100322e-07 2.2010267460800129e-07 0.0 3.775273677946624e-07 0.0 3.552349208195553e-07 7.950497919636253e-05 1.6383837698786415e-05 7.31715072704033e-07 2.9178105924250443e-07 0.0005533179241509119 2.3078924414761267e-07 6.043548634510663e-06 5.483628978668938e-06 4.3384739750516845e-06 3.4106712817349346e-06 3.0950282217694296e-05 1.1543095273786816e-05 5.463485082071974e-06 1.9757555109838095e-05 1.4340736463673187e-05 1.5142596239529913e-06 1.4869357278429426e-05 1.0614127981891588e-05 9.320444083461558e-06 4.049040227175063e-07 0.0 0.0 0.0 0.0 0.0 0.0 0.0 0.0 0.0 0.0 1.1328033066500975e-07 0.0 0.0 0.0 0.0 0.0 0.0 0.0 0.0 1.101769822214963e-06 0.0 0.0 0.0 0.0 2.717234410000151e-07 0.0 6.602892845805293e-07 6.402524222024296e-07 1.3229625217034526e-07 0.0 0.0 0.0 0.0 0.0 0.0 0.0 0.0 1.7924174831551482e-07 0.0 0.0 0.0 2.0958394453543058e-07 0.0 0.0 0.0 0.0 0.0 0.0 1.1136930992721513e-06 0.0 1.1650017611465128e-06 1.8131451620242755e-06 0.0 0.0 0.0 0.0 0.0 0.0 0.0 0.0 1.2759707730013876e-07 2.8304904940417603e-06 0.0 0.0 0.0 0.0 0.0 0.0 1.7710300508329483e-06 0.0 0.0 0.0 0.0 2.6095416641667424e-07 0.0 0.0 0.0 0.0 0.0 0.0 0.0 0.0 1.7719395940380853e-06 3.2755082201406252e-06 1.2299983318270765e-06
0.0024334951062822507 0.0 0.000497674653456207 0.003087043073542775 0.000837151182172385 0.00013398366929707147 0.0014256751170632397 0.0004027802570762367 0.001006136428655716 0.0023379717751929982 0.0012558545111278588 0.0001862068474462984 0.0007551743149120733 0.0009187733274116931 1.6502834766469875e-05 2.9023634884911246e-06 7.003041676404952e-07 7.854391747105151e-08 0.0 2.386124419532992e-07 1.0187333686554286e-06 0.0 2.1229317803143277e-06 2.0766728197631555e-07 1.7403076449153515e-06 2.2391718382757592e-07 9.772848037455181e-08 1.6518344757134967e-07 0.0 1.1139075686754403e-07 0.0019069363417626628 2.93515465794691e-05 5.366921655489747e-05 2.547417593083193e-07 3.1508266577871383e-07 6.165518313457507e-07 3.6040075356262484e-05 3.3798448193574287e-06 2.8382928416382183e-06 6.176865815760667e-07 1.1412748068041283e-06 1.8760476075051945e-06 1.3002734372357246e-06 1.38979126324403e-06 0.0 2.5705034211814846e-07 7.6145988719716e-05 1.4794553827169667e-06 6.924655326606688e-07 9.33914375517291e-07 6.977966882222219e-07 3.7505885869109096e-07 0.0 1.2143272414543222e-06 9.655937942453323e-06 1.4341313140599732e-05 8.900399405354736e-05 0.0004497428705238028 3.9043452052702304e-05 0.00010021574009604714 9.361747658044912e-07 1.038750202803703e-05 0.0 8.850329732374073e-05 2.9975688105146158e-06 1.860165921764067e-06 1.6269391725853144e-06 2.1944859363832173e-07 7.916660165791044e-07 3.1241257064915634e-06 8.938473077918358e-05 1.0449402094992086e-05 1.8377190440820395e-07 0.00021054828276262515 5.9648144571114434e-05 6.606314063236069e-05 1.8686704190252344e-05 7.604748418228917e-06 5.510170811498446e-06 7.017127117800426e-05 2.3143892275128274e-06 1.3537978330371203e-05 1.00248306289033e-05 2.8678424409764174e-07 1.1012412493627636e-06 5.4699631760376205e-06 7.048183499727776e-07 2.5357687179877177e-07 1.0046061195242447e-06 0.0 2.4556702452394155e-07 1.6447655707852449e-07 1.430453652617768e-06 4.825254363612818e-07 1.0803673065117663e-06 5.6984044088985814e-05 2.389748221276073e-05 0.0 3.167586581936799e-06 0.0013002885318791364 1.1967532746619245e-06 4.1115701933384756e-06 1.1476093220778592e-05 5.244015243155416e-06 7.300977574714892e-06 0.0001473689327347136 1.3184143410294375e-05 2.07335535158191e-05 0.00014330736820079347 2.128457201332083e-05 7.399390249752145e-06 5.3219292614181115e-05 4.2979825556246475e-05 5.084829048699401e-05 1.8386384133020683e-05 1.346539756684271e-06 3.4182548141689985e-06 0.0 9.316862924406003e-08 0.0 0.0 0.0 1.6244604388599106e-07 0.0 0.0 8.606399710491771e-08 0.0 0.0 0.0 0.0 1.2491064341358218e-07 0.0 0.0 0.0 1.2588190819113738e-06 1.1328134369270918e-06 0.0 9.539311542379735e-08 0.0 1.646683082447903e-05 8.352164606550444e-07 1.2119178559021881e-05 2.725761467470737e-06 0.0 0.0 0.0 0.0 0.0 1.6779472223226186e-06 0.0 1.1451111804399401e-07 1.0635086151096828e-06 1.4583103399735907e-06 0.0 0.0 0.0 8.215552632311382e-08 9.383909083626059e-08 5.560206431299444e-07 2.555980684385395e-07 0.0 1.2625814597113272e-06 0.0 3.583438780636958e-07 0.0 9.460888103266977e-07 1.512745888149269e-05 4.276105609802891e-07 7.360013473901452e-07 3.296388124406083e-07 0.0 0.0 8.741589966985671e-08 0.0 1.4822120091630952e-07 0.0 6.399001184695929e-05 5.776204928552036e-07 0.0 0.0 0.0 7.485701106022593e-06 1.6706720913713107e-06 7.910402201918977e-06 4.0377210872888665e-06 6.265906528129423e-07 9.980571784817126e-07 3.3718354555998936e-07 8.290616687600268e-07 0.0 0.0 0.0 1.1129505582236165e-07 0.0 1.7489864265753146e-07 2.683663450384769e-07 0.0 1.9627292148136456e-05 1.4802127936913023e-05 2.462864685998943e-05
0.00034040549729352163 0.000497674653456207 0.0 2.8038049964306718e-05 0.00020439197295350753 1.389435977093963e-05 6.209311420122645e-05 0.0015751876875637206 0.00038478934787156897 0.00018672073624971793 0.0019123637386822866 7.5484712859369994e-06 0.00015271200573573702 0.0005774550483908445 2.463592427880306e-05 1.2367684867495132e-05 1.832149184286902e-06 8.409200719478934e-07 0.0 1.6472934168954503e-06 6.726655866814707e-06 1.3666762059355733e-06 1.2677840096964327e-05 4.997322749574609e-06 8.983659068187505e-06 2.2308939396261325e-06 3.6050812683325013e-06 9.81242210015552e-07 3.8609808923564795e-07 1.1555723719543542e-07 0.0027818274829444645 0.00019415117614635522 9.270236238927513e-05 1.7203959368615887e-06 4.980002688327841e-06 6.697731649925739e-06 4.181021845206783e-05 1.5267281375194145e-05 4.725232366119776e-06 5.686583004807955e-06 1.3552333398700268e-05 1.4305889490122043e-05 4.7992780455361895e-06 4.66108264649941e-06 1.9145139733575494e-07 1.7479132540415384e-07 3.875603346929237e-05 1.827703690893333e-06 1.4426391611525498e-06 7.149197633435189e-06 1.5222851029881901e-06 1.7268600854808482e-06 2.5794876442549077e-07 4.835691184676231e-06 2.9515436010930264e-06 3.7006345930845553e-06 4.366685949147229e-05 0.00038065980851270426 1.5368809652890074e-05 3.197120705773267e-05 3.3480675968736255e-06 2.0634403447423543e-05 4.2507626993832866e-07 0.00029982677452610346 1.4613857989036413e-06 3.7871388208938645e-06 4.561580660064507e-06 1.85155368269775e-06 7.283507375451337e-06 3.289842382243219e-05 6.131046540482791e-05 1.976085558710364e-05 1.4098252245183567e-07 6.53534155134945e-05 2.6418921182215313e-05 3.673617475726047e-05 1.9794849229283524e-05 2.415914060442855e-05 4.142377937110441e-05 0.0004450577715142735 1.0777911770720243e-05 7.186504980026929e-05 3.06533240326316e-06 9.339551089011558e-08 1.6788813364615374e-06 2.917073370066759e-06 3.2072384319561767e-06 7.553741282457233e-08 8.437832549921422e-07 0.0 8.125821079865385e-07 8.2942179480029e-08 1.8463387187009114e-05 2.6829174244737755e-06 5.877357159516268e-06 2.132049744271668e-05 1.842094214012573e-05 0.0 4.495008141414645e-06 0.00043609136285725596 7.853714999788109e-07 2.03573878801422e-06 4.564749184280824e-06 2.007033403977304e-06 5.142672488687123e-06 2.903508180898414e-05 3.2501480917880613e-06 7.99567976993597e-06 5.141021925743967e-06 8.120507507823044e-06 2.4004094073369847e-06 1.2556482096878971e-05 1.205654595746769e-05 2.4555067432763076e-05 1.0656362492372125e-05 0.0 9.451053184581206e-07 0.0 1.192700603691585e-07 0.0 0.0 0.0 2.1722463814829892e-07 0.0 0.0 3.2120231422152566e-07 0.0 0.0 3.0807513216766865e-07 0.0 2.5255723996063655e-07 3.1016347284942594e-07 1.8897901419726774e-07 0.0 1.0814497602189942e-06 1.1526381295573327e-07 1.0585322197257236e-07 8.429536159683526e-08 0.0 8.780053018975588e-06 5.726033051218564e-07 4.7761611720895994e-06 2.651686381947587e-06 4.826996146221346e-07 1.0003923311565809e-07 3.048236257696598e-07 0.0 1.0405878315126026e-07 1.0669841669120513e-06 2.104189376287848e-07 8.50914551341162e-08 8.190397939843852e-08 1.064541219363062e-06 0.0 0.0 3.5939194897397604e-07 5.0790279443991e-07 8.164181455188653e-07 0.0 0.0 0.0 7.833854644809053e-08 1.0522520966097984e-06 4.7294850363538555e-07 6.675295551141467e-07 0.0 8.103061696700144e-06 9.869826275883788e-08 6.975946015789386e-07 0.0 0.0 0.0 0.0 0.0 0.0 0.0 2.5589863074972925e-05 4.172133824385495e-07 9.12469310292096e-08 0.0 2.1589945875876135e-07 2.6473311706675617e-06 1.3451396439070448e-06 3.870978107750055e-06 7.70815901696288e-07 2.7290176085589195e-07 1.9687773681484643e-06 1.0549012406990825e-07 2.2195487605646108e-07 0.0 0.0 1.5377995160675662e-07 0.0 0.0 1.5321006161200708e-07 9.778983989865335e-08 0.0 6.308326048837544e-06 9.973504147647634e-06 1.3147846085339702e-05
0.0011527250613264657 0.003087043073542775 2.8038049964306718e-05 0.0 0.00030115688325064034 0.0003380194351356852 0.0022200485701581113 3.832925361461185e-06 6.7026438047301e-05 0.0010030568482655147 4.523378872517594e-06 2.7786747209969095e-05 0.00017736996874465917 7.203092451246965e-05 9.650176397533304e-07 0.0 0.0 2.0765233421602366e-07 0.0 1.417718467469806e-07 2.0872180961145556e-07 0.0 0.0 0.0 0.0 0.0 0.0 0.0 0.0 0.0 0.00010168351654304462 5.192108075317588e-07 1.179561510601913e-06 0.0 0.0 6.640490914836432e-08 2.4779862784240564e-07 7.22274951786536e-08 6.956846257102263e-08 1.1156259419710064e-07 0.0 0.0 4.3389685778656027e-07 6.983601273886641e-08 0.0 0.0 1.1147254941979203e-05 2.7612502866453683e-07 1.8645036615593814e-07 8.134164288729213e-08 0.0 0.0 0.0 0.0 1.5188850329528819e-06 6.608716227870155e-06 1.835275594146787e-05 6.241608003864515e-05 5.929823013899317e-06 1.8610848210288712e-05 0.0 1.32563802338189e-07 0.0 1.1909120101226504e-05 7.203058688767328e-07 2.3239075367149282e-07 4.214080600799382e-07 1.4638871164246736e-07 1.81324811582889e-07 5.331574452634398e-07 1.0539257150727751e-06 7.718250730504951e-07 0.0 3.9252586444084025e-05 8.475910439109658e-06 8.936550178575792e-06 1.3467820755044658e-06 5.028439711501835e-07 8.646674342580779e-08 1.695865005291386e-06 6.89546591817083e-07 8.301569179859273e-08 1.9043830536386819e-06 1.1088371232809661e-07 1.7546153934115436e-07 1.2170091585817525e-06 0.0 0.0 3.212398811567602e-07 0.0 8.135013392272422e-08 0.0 2.3266286187432892e-07 8.812590354234028e-08 7.324830632726548e-08 8.832991033894186e-06 1.7511521595071039e-06 0.0 2.2932720577725676e-07 0.00025794410002848655 3.8805348035081707e-07 5.404920287938085e-06 2.7265605151807622e-06 4.30807077310081e-06 2.511127733163832e-07 2.421808973584679e-05 8.352748990270944e-06 2.265466923974233e-06 3.2550316966650936e-05 1.148330428568825e-05 6.871650155852999e-07 9.060984710763728e-06 1.2647471507775948e-05 9.146392291864224e-06 8.083989816912689e-07 0.0 0.0 0.0 1.4283299031389483e-07 0.0 0.0 0.0 0.0 0.0 0.0 0.0 0.0 0.0 0.0 0.0 0.0 0.0 0.0 0.0 1.4369999579013844e-07 0.0 0.0 0.0 0.0 4.4017245824680796e-07 0.0 4.197878525884504e-07 1.443727688308733e-07 0.0 0.0 0.0 0.0 0.0 0.0 0.0 0.0 2.0320731844319828e-07 1.294375799886699e-07 0.0 0.0 0.0 0.0 0.0 0.0 0.0 0.0 2.2923552618079982e-07 0.0 1.004778587784906e-06 0.0 0.0 4.1142953675741907e-07 0.0 0.0 0.0 0.0 0.0 0.0 0.0 0.0 0.0 7.274077944983311e-07 1.3445883634316178e-07 0.0 0.0 0.0 2.9744877822099637e-07 0.0 1.2058545384036053e-06 1.478260965273083e-07 0.0 1.0188269587348573e-07 0.0 0.0 0.0 0.0 0.0 0.0 0.0 0.0 0.0 0.0 5.815062648586076e-06 1.3399464794643676e-07 7.142039513669378e-07
0.00017240050957551017 0.000837151182172385 0.00020439197295350753 0.00030115688325064034 0.0 1.966612073920172e-05 0.0016224257540334627 5.7037965831635084e-05 0.0007832231445701714 0.00152940617094748 0.0002422131783882839 0.00019617585975954726 0.001171516552647916 0.00047894265326547676 1.148265715675383e-05 1.7635705287920588e-06 5.645763460520095e-07 0.0 0.0 2.4970385108989684e-07 0.0 0.0 1.686729329269996e-07 0.0 8.841535940228834e-08 0.0 0.0 0.0 8.709128856459894e-08 0.0 0.00029726527112485917 3.443969473323269e-05 2.1340198832540035e-05 0.0 0.0 0.0 2.2329275614810823e-05 7.073281408395851e-07 2.286761084630832e-06 3.4348267916079923e-07 1.3603654148507016e-07 8.94988744889451e-08 2.6412420604695434e-07 3.503118715450087e-07 0.0 0.0 5.0350300298317514e-05 2.97071587558136e-07 9.63917850182096e-08 4.7029047344165974e-07 1.0653246942782426e-07 7.155295317220372e-08 1.0892596259197415e-07 0.0 3.6044096097401664e-06 4.082221743091732e-06 2.4633858769572136e-05 8.463623293470406e-05 1.351816866805299e-05 4.44090177063439e-05 6.828735283468807e-07 2.166684075171455e-06 0.0 5.008070069524461e-05 1.7240555436500522e-06 6.95849835314904e-07 3.3115437971350053e-07 3.3157597141580795e-07 3.9206934504117956e-07 3.837730786308787e-07 5.526221756596428e-05 8.876056822640073e-06 0.0 8.146708854848964e-05 3.0528988550730596e-05 4.300600151389715e-05 1.8321315247021687e-05 2.242318232730982e-06 7.244255246821477e-07 8.022794140312249e-06 7.311733918158856e-07 5.945666991187952e-06 1.5683761002447207e-06 7.651035576093587e-08 9.167354777345812e-07 1.6304925117067242e-06 8.791828003636885e-08 0.0 4.919229723774658e-07 0.0 2.5266238728273713e-07 0.0 3.5039502472671934e-07 1.8482301204296162e-07 1.782989603480399e-07 5.293667204954898e-05 2.1827666163557283e-05 0.0 1.4834958242376634e-06 6.952187252495168e-05 1.3545409831995163e-06 3.5352566595259446e-06 9.548432889778835e-06 1.0476412638873998e-06 8.105753260587271e-06 7.162799249145538e-05 5.303791360148872e-06 1.6052936127859795e-05 3.104311143548662e-05 1.317781304265559e-05 6.245847311921238e-06 4.727924349841436e-05 3.884261170473063e-05 5.700727655844533e-05 2.4162585783089597e-05 1.4022826849164625e-06 1.4979354491279096e-06 0.0 0.0 0.0 0.0 0.0 1.227961751082141e-07 0.0 0.0 0.0 0.0 0.0 0.0 0.0 0.0 0.0 0.0 0.0 2.409301750331169e-06 5.909120236170904e-07 0.0 0.0 0.0 1.7767038544638443e-05 7.147405494269307e-07 1.6614494866057187e-05 2.697727730233051e-06 0.0 1.0985498800618626e-07 0.0 0.0 4.0002112306813824e-07 3.0825276580821813e-07 4.243597326858043e-07 0.0 9.987161241071079e-07 1.6036223116680897e-06 0.0 1.0730671034197243e-07 0.0 1.3099561423182738e-07 0.0 0.0 0.0 0.0 9.43412671820603e-07 5.192664768828103e-07 0.0 2.045683960436458e-07 8.45541730740468e-08 1.0170718127696624e-05 6.595263060814335e-07 4.935980237026716e-07 0.0 0.0 1.1046662559181018e-07 0.0 0.0 0.0 0.0 5.069915086266467e-05 1.235284266728402e-06 0.0 0.0 0.0 3.680969077885904e-06 8.189723492182246e-07 3.0058665805457744e-06 1.64604814168726e-06 3.693682257100371e-07 1.8759666065651039e-06 8.075456090441358e-07 3.131442390447517e-07 0.0 0.0 0.0 0.0 0.0 0.0 0.0 0.0 1.8412231351979426e-05 2.018288056808014e-05 1.5689848278817433e-05
3.273368347128968e-05 0.00013398366929707147 1.389435977093963e-05 0.0003380194351356852 1.966612073920172e-05 0.0 0.0003231795579834138 1.4136273214951646e-07 2.4052941018968978e-05 0.0010733205154710905 5.488877016428094e-06 0.00012185379572464691 0.0002577845534373385 3.353345628036136e-05 0.0 0.0 0.0 0.0 0.0 0.0 0.0 0.0 0.0 0.0 0.0 0.0 0.0 1.41270321380564e-07 0.0 0.0 1.6826548823317047e-06 0.0 4.420752981078259e-06 0.0 0.0 0.0 3.486022900090459e-06 0.0 0.0 0.0 0.0 0.0 0.0 0.0 0.0 0.0 0.0 0.0 9.874815348855373e-08 0.0 1.3273949601300435e-07 3.7895464539906297e-06 1.406319488264338e-07 1.540666537767416e-07 0.0 1.085136284769087e-07 7.259673895172904e-05 1.0182484243943141e-06 1.1168114556207913e-06 0.0 0.0 0.0 0.0 9.683110175698142e-08 0.0 0.0 0.0 0.0 0.0 8.568717202830503e-08 3.0484548499693132e-05 7.092282281899504e-05 4.8086703454138575e-06 1.0642423231227482e-07 0.0 8.088048531849226e-08 0.0 0.0 0.0 8.810663596777233e-07 0.0 0.0 0.0 2.467141987901293e-07 0.0 1.794024057817526e-07 0.0 7.209783777519208e-06 1.9414166162273977e-06 4.7600701410492045e-06 4.5375988980039783e-07 1.6188488668532132e-06 0.0 4.877094965270789e-07 1.5017509312786272e-06 0.00023746126786694006 0.00016676937321486682 9.365941427617236e-06 2.4166539138428144e-06 0.00012347011590218293 0.0 5.9542627081144915e-06 3.256707599452465e-06 8.286515281624486e-07 1.4555741214952611e-06 2.1857701503191163e-05 4.921905626418658e-06 3.5088944828544526e-06 2.2014732047230315e-05 1.8476947264456203e-05 7.008546343916938e-07 1.4460723857329444e-05 1.644799618658017e-05 1.0848499894612167e-05 2.4571598912680296e-07 0.0 0.0 0.0 0.0 0.0 0.0 0.0 0.0 0.0 0.0 0.0 0.0 0.0 0.0 0.0 0.0 0.0 0.0 0.0 1.0777290356650773e-07 0.0 0.0 0.0 0.0 1.9258015077229712e-07 0.0 1.5949527934919203e-07 9.03193325806743e-08 0.0 0.0 0.0 0.0 0.0 0.0 0.0 0.0 0.0 0.0 0.0 1.2392148495816433e-07 0.0 3.190082129762199e-07 0.0 0.0 0.0 0.0 0.0 0.0 0.0 0.0 0.0 0.0 0.0 0.0 0.0 0.0 0.0 0.0 0.0 0.0 0.0 8.629526106870463e-07 1.5637430493129418e-07 0.0 0.0 0.0 0.0 0.0 0.0 0.0 0.0 0.0 0.0 0.0 0.0 0.0 0.0 0.0 0.0 0.0 0.0 0.0 6.289107462826791e-06 0.0 0.0
0.0009109123867235453 0.0014256751170632397 6.209311420122645e-05 0.0022200485701581113 0.0016224257540334627 0.0003231795579834138 0.0 1.2195127987547695e-05 0.0008664857139905034 0.002178597672035493 4.221695008761036e-05 0.0006462963087211849 0.00206976771145463 0.0008244026248052388 1.4891350345646918e-05 2.718762076998534e-06 5.062702572573884e-07 1.0514076513429733e-07 0.0 1.9898522183322683e-07 2.5808690885472883e-07 0.0 1.2050727499024067e-07 3.3201189174040685e-07 2.3549747612228e-07 0.0 0.0 0.0 0.0 0.0 0.00019964300307232007 1.448217482500358e-05 3.329236089454425e-05 0.0 2.5171481131472695e-07 7.675756282305696e-08 2.9581516120283685e-05 1.3084762256010913e-06 3.7583803501958406e-07 0.0 2.782029973106517e-07 5.277704906266828e-07 9.339506216247921e-07 3.535838094970261e-07 9.271283164137667e-08 1.2653237221558493e-07 5.497557085305443e-05 8.144885695100308e-07 4.213617131782048e-07 3.292144611517854e-07 3.7679731564407526e-07 0.0 0.0 2.8522958268244755e-07 4.188091009583339e-06 6.022375966419371e-06 3.3147126550961875e-05 0.00011192317756217338 1.7904627324055675e-05 5.1169090267170526e-05 8.716380613477551e-07 2.132131481101496e-06 1.0579867886302608e-07 4.386736897209662e-05 1.1790007484702534e-06 7.334349967928762e-07 5.057307404039657e-07 0.0 2.7880088413611757e-07 1.7025977949406803e-06 7.374944854160471e-05 1.9100243961590523e-05 0.0 9.710435767067e-05 3.134933378244714e-05 4.2623332505734536e-05 1.9024029736586833e-05 2.3315107046684288e-06 1.5918554406628703e-06 7.77265597276e-06 8.535191587702948e-07 5.2114112119929664e-06 3.4647343352620705e-06 5.830135504236775e-07 1.0349633991251565e-06 3.1007152908742227e-06 9.549209495210482e-08 7.626515352662512e-08 5.722207368032222e-07 1.8839606333898897e-07 1.6233931039129936e-07 1.2331622744221925e-07 7.6413908801877e-07 1.7384942191953648e-07 2.66664069330917e-07 9.809205006037224e-05 2.4240078864167297e-05 0.0 1.265078460956015e-06 0.00023135780069010966 3.457183994521373e-06 8.483724526741911e-06 3.6453846679316215e-05 1.3778805104641032e-05 1.321778877260773e-05 0.00017160408306581262 2.114103133058298e-05 3.922212385205755e-05 6.765317254650935e-05 5.958883521341454e-05 1.5043177123242209e-05 0.00010584336968264331 0.00010152492900255556 0.0001276390481639691 4.216976567495572e-05 2.3658204020560587e-06 2.701398799919347e-06 0.0 1.7517499048153132e-07 0.0 0.0 0.0 1.8386877297075816e-07 0.0 0.0 3.8177866413203634e-07 0.0 0.0 1.1104841482926938e-07 1.8977178797555686e-07 0.0 0.0 0.0 0.0 2.5850671567062966e-06 7.730193018047025e-07 0.0 1.6132520362274746e-07 0.0 2.808501812090269e-05 7.416525088495446e-07 1.4051271186930977e-05 5.4054993234855815e-06 8.388961982733438e-08 0.0 0.0 0.0 0.0 1.961081524081154e-06 3.195229407234229e-07 0.0 3.3368815598643792e-06 3.7428022897300383e-06 0.0 0.0 0.0 0.0 0.0 1.4567532904546816e-07 2.798212471467483e-07 2.2058924631757355e-07 7.37139877310539e-07 1.6600949500508305e-06 1.6915272478064153e-06 1.3788801176103444e-07 1.0066952739302303e-07 1.664010126392004e-05 0.0 8.268309204416589e-07 9.442885221254212e-08 0.0 0.0 2.4762229733993276e-07 5.027496793810208e-07 0.0 2.108128096383378e-07 8.915743260066765e-05 2.3339927050838534e-06 1.1074733686457363e-07 0.0 0.0 5.856276837331851e-06 0.0 4.742658512240474e-06 3.167766709819006e-06 1.43481046186349e-06 3.445479025523075e-06 9.567967017997277e-08 1.242482264877982e-06 0.0 0.0 1.5811270291875465e-07 0.0 0.0 0.0 1.0781016977757069e-07 0.0 4.939243678636404e-05 3.372972161716635e-05 2.598092713448791e-05
4.389755769285111e-05 0.0004027802570762367 0.0015751876875637206 3.832925361461185e-06 5.7037965831635084e-05 1.4136273214951646e-07 1.2195127987547695e-05 0.0 8.953136906830223e-05 3.25192974275622e-05 0.0020229261832621194 8.249889194391668e-06 0.00013757528046934623 0.0005898903281035521 5.238859558968653e-05 2.0972198046810466e-05 1.7523071584983049e-06 1.6417944159703038e-06 0.0 3.251809480801395e-06 1.4845260810735384e-05 4.5818310012250946e-07 1.559432404175829e-05 5.365195951600258e-06 1.1333119509242061e-05 1.8814731727669576e-06 4.127338954204908e-06 1.1050969813800505e-06 3.403484021207244e-07 7.881607402561718e-07 0.0009591818198959415 0.0012471572345598622 0.00012172302825392334 2.5306156265150385e-06 6.4544903376963e-06 8.338510909541169e-06 4.6219537805798816e-05 1.8133714634495773e-05 8.29743634525928e-06 4.826022843595287e-06 1.9792607071136293e-05 1.4653947563725415e-05 1.4357115906883765e-05 4.005131797507376e-06 4.349597880088467e-07 1.6015008205688333e-06 8.938230754380926e-05 2.8386858350614666e-06 3.200669996911465e-06 7.910059105121997e-06 2.8738041148843255e-06 1.7291926554657727e-06 1.3026737821937437e-07 5.727245759767941e-06 4.044854022879449e-06 4.703303506461181e-06 2.175684230139763e-05 0.0001463736091389513 1.4059921517725689e-05 4.705565508276147e-05 4.0965899654498575e-05 2.3613006439438425e-05 2.0487056840846396e-06 0.00041380399460040634 9.071000630021466e-07 7.5847602377872945e-06 8.657298508906514e-06 4.049619056343226e-06 1.4689173838905174e-05 6.341736003090097e-05 3.335063149788663e-05 6.433198865867587e-06 0.0 7.440190325393e-05 6.175984712806986e-05 9.121144044106924e-05 0.00012373496986555288 0.00016648923404330521 0.0007662599977061686 0.0007794251121105079 3.405760884103182e-05 0.00030949857519098546 3.717596149842967e-06 0.0 2.5815293432073126e-06 4.042542651000342e-06 4.437678403763664e-06 8.2657399586121e-08 8.923572138021362e-07 7.990551396810881e-08 2.0049604297110573e-06 3.467122739701514e-07 2.78029120068798e-05 3.7369299544872906e-06 8.921682947499807e-06 1.6987408399784292e-05 7.674249424240674e-06 1.28568263063892e-07 2.301059375057001e-06 0.00010097634547456739 0.0 0.0 8.431866713047529e-07 0.0 7.548923681228958e-07 1.9184539217049417e-05 0.0 5.381783643351353e-06 1.1739236045922719e-06 6.268146687345396e-06 1.1388309983584902e-06 6.475282283089854e-06 9.255549511344124e-06 1.4508378189829722e-05 5.986379984774244e-06 3.324506483067024e-07 7.548491404973732e-07 0.0 0.0 0.0 0.0 0.0 2.432054258116333e-07 0.0 0.0 6.291013812315788e-07 0.0 1.1201945907576547e-07 0.0 1.879451068058123e-07 1.0417305833645029e-07 6.854743324997257e-08 4.914070889059957e-07 8.909960713396125e-08 6.389648333343361e-07 6.563722284184553e-07 1.0110627323495575e-07 0.0 0.0 5.476191238492553e-06 0.0 3.31736852361381e-06 1.5779121816557047e-06 7.482684877961233e-08 1.0762229382553123e-07 1.5813699671457417e-07 8.577531369333188e-08 0.0 0.0 0.0 0.0 2.9053365537890374e-07 4.3016265371389496e-07 0.0 0.0 0.0 5.004899023352689e-07 1.1214105129280804e-06 6.402240715785703e-08 0.0 0.0 0.0 6.308259577002526e-07 0.0 0.0 9.28309513787206e-08 4.159960462748622e-06 3.508067514968893e-07 0.0 0.0 0.0 0.0 0.0 0.0 3.3152694747929237e-07 2.846323857536106e-07 1.6012935042732405e-05 1.5490113033210703e-06 2.677584930394831e-07 0.0 4.0449702498234784e-07 1.1661020814074621e-07 4.6307090570346047e-07 2.070449787067405e-06 0.0 1.6965554620927192e-07 7.226691598995751e-07 0.0 1.74584356415497e-07 0.0 0.0 0.0 0.0 0.0 0.0 8.305034583694988e-08 1.4156010155089313e-07 5.416609896417425e-06 7.922288177385786e-06 7.371135999144977e-06
1.9424931881236228e-05 0.001006136428655716 0.00038478934787156897 6.7026438047301e-05 0.0007832231445701714 2.4052941018968978e-05 0.0008664857139905034 8.953136906830223e-05 0.0 0.0002553221712703487 0.0007354736938340489 0.00011094018019027194 0.0012796532438898898 0.0004165554782681322 1.7646555510375052e-05 3.7265747593985214e-06 5.995412093749573e-07 0.0 0.0 7.888182530193385e-08 0.0 0.0 8.282407153578976e-07 2.261020038994302e-07 4.058834754477011e-07 0.0 6.595088640794834e-08 0.0 0.0 0.0 9.96862268911567e-05 4.0258554897174366e-05 1.1623145648357331e-05 0.0 2.1290208787192405e-07 1.119867332100377e-07 2.227625077315838e-05 9.560717206841903e-08 0.0 0.0 7.248932981827217e-07 4.2931722961937457e-07 3.888531589919471e-07 3.582784794012116e-07 0.0 9.37475822398228e-08 3.216169603158151e-05 1.7657746777626258e-07 8.325470854945329e-08 6.003982025052539e-07 5.231354230739884e-07 3.322607262509858e-07 0.0 9.007239086341042e-08 1.7176374942773266e-06 2.722008942809817e-06 8.388887279311294e-06 2.890404142812662e-05 6.212607567549784e-06 1.6760565735836537e-05 5.679154988046451e-07 6.525953922720581e-07 0.0 3.0940967746411536e-05 2.508359950440594e-07 4.555622358984561e-07 5.776832380691153e-07 1.6195505565868364e-07 5.749570791091518e-07 1.580981844274763e-06 3.60887755248797e-05 4.938578906627598e-06 0.0 2.8508006362676545e-05 2.048132104027408e-05 3.190358703424156e-05 1.8062912153235056e-05 4.772344640352557e-06 3.7839054758771966e-06 4.975251429210431e-06 2.669511724664642e-07 2.900909487121667e-06 1.160185244883877e-06 1.0001177876776108e-07 4.0900756324525737e-07 8.529493336376213e-07 2.8036056941394236e-07 0.0 2.3191724282544973e-07 0.0 2.6063832938136294e-07 0.0 6.977549052520333e-07 3.6071373194934075e-07 5.759561142898118e-07 5.742188394776494e-05 1.537785989376398e-05 0.0 1.1139843653736815e-06 2.178577407766675e-05 1.1171404301748128e-06 1.5498739099692358e-06 5.413001566048487e-06 3.733611705012854e-07 9.152153400439363e-06 7.649751647215557e-05 6.613764166124181e-06 2.0662678447998542e-05 2.2837160796248764e-05 2.3758069317174036e-05 1.1143636711298816e-05 5.618674832722557e-05 4.5155164838661455e-05 6.55257430588301e-05 2.461502859536343e-05 1.2174360512846528e-06 1.5516327454072566e-06 0.0 0.0 0.0 0.0 0.0 0.0 0.0 0.0 9.023954043382229e-08 0.0 0.0 2.2095445518599096e-07 0.0 0.0 0.0 0.0 0.0 1.6419554154365803e-06 1.175601020434983e-06 0.0 0.0 0.0 1.6602342832250288e-05 2.785734659037951e-07 5.387356026870911e-06 3.5631247744002867e-06 0.0 0.0 0.0 9.739003006085023e-08 0.0 6.805727643655118e-07 0.0 0.0 6.226124788854145e-07 1.603742654405682e-06 0.0 1.200959432890804e-07 1.1651655909579328e-07 0.0 9.796849953931757e-08 3.6788625699262544e-07 8.070147778123741e-07 3.829278078467202e-07 4.373403205508579e-07 9.220215010841917e-07 8.49657406373024e-08 1.2401342400292604e-07 2.4300714244463715e-07 1.146210704666318e-05 0.0 2.2136799219774267e-07 0.0 0.0 0.0 0.0 0.0 0.0 1.1546907194419901e-07 4.715047648025928e-05 1.276822364889701e-06 1.6941608721698256e-07 0.0 1.0902495391338648e-07 2.842652145125599e-06 1.3609948128521048e-07 2.9437306927712483e-06 1.554867122320592e-06 1.9735898216865075e-07 1.3345796851402094e-06 3.288944493573867e-07 7.134401414539557e-07 0.0 0.0 2.701365608225981e-07 0.0 0.0 0.0 0.0 0.0 2.918020101058812e-05 1.6014419399553534e-05 1.233485683220419e-05
0.0004947882490575002 0.0023379717751929982 0.00018672073624971793 0.0010030568482655147 0.00152940617094748 0.0010733205154710905 0.002178597672035493 3.25192974275622e-05 0.0002553221712703487 0.0 0.0001187632370860462 0.0006493482287556381 0.0072061651032234945 0.00038903307254626885 4.114663271167047e-06 8.17106202423378e-07 0.0 0.0 0.0 0.0 0.0 0.0 0.0 0.0 0.0 1.971963493573646e-07 0.0 0.0 0.0 0.0 3.1532264626209585e-05 1.3850484597827385e-06 5.988310534893533e-05 0.0 9.274768616251484e-08 1.2122743272592842e-07 5.453676410120169e-05 0.0 2.718016870708321e-06 0.0 1.9878199715533338e-07 7.66063180233888e-07 9.198402955989485e-08 0.0 0.0 0.0 8.719079890055203e-06 0.0 1.350166619917349e-07 0.0 9.39392732612543e-08 1.9005330117944448e-07 0.0 0.0 6.619694659063087e-07 2.193558544314015e-06 1.8251045619510206e-05 2.058235304053522e-05 4.481399564824208e-06 8.667447401317046e-06 1.7215904545468634e-07 4.073606785714766e-06 1.942994203438259e-07 6.612044684276767e-06 0.0 1.6852952287648322e-07 1.0156006011327636e-07 2.2314702922422935e-07 3.9126536781336197e-07 4.2107247549069495e-07 0.00019339616887211606 1.8673639942102076e-05 0.0 1.5674424996955142e-05 5.192149775736043e-06 5.073164383226298e-06 3.09820719231795e-06 8.191193030967227e-07 1.8509388786634963e-07 8.74023503359281e-06 7.858529004119429e-07 4.092922818150207e-06 8.086761727222596e-07 0.0 0.0 3.3732250961000867e-07 3.9257232685603484e-07 0.0 2.4262217422918306e-07 0.0 0.0 0.0 3.1435412904208923e-07 0.0 5.819621656509578e-07 0.0003234486069605286 5.3894785286392455e-05 0.0 8.084003107741763e-06 0.0002218338394184806 4.787161031353892e-06 1.5055554499694991e-05 3.5830264618529285e-05 4.24418230023379e-06 2.792633017981618e-05 0.00035110584173377653 4.148340020239084e-05 7.8319470788613e-05 0.00016830501064796853 0.00010750783567621731 2.5271544552246227e-05 0.00020741998602366723 0.0002088076675889168 0.00024586209477444834 5.9678988611114596e-05 1.5199349141047435e-06 4.13166075561913e-06 0.0 5.142994923964552e-07 0.0 0.0 0.0 0.0 0.0 0.0 0.0 0.0 0.0 0.0 0.0 0.0 0.0 0.0 0.0 4.572024887197713e-06 4.4209631990672795e-06 0.0 1.588390461378926e-06 0.0 3.4980795194246246e-05 3.5915846318925117e-07 2.914500343392881e-05 7.046653981211945e-06 4.011961939236519e-07 0.0 1.335033943742721e-07 0.0 0.0 3.08655385353232e-06 1.806152676414913e-07 0.0 2.1411424096606634e-06 3.448911809631006e-06 0.0 8.907778399359035e-08 4.94740085657943e-07 1.6895627877936801e-06 0.0 2.459732733969473e-07 7.86247739456087e-07 0.0 1.422928042017766e-06 4.826365686840515e-07 1.4437791416248305e-06 0.0 0.0 4.036851966129628e-05 5.696048020969614e-07 0.0 6.107608213534745e-07 0.0 0.0 2.68785318671526e-07 0.0 0.0 4.017338356734167e-07 0.00014420989760428462 4.295752002482163e-06 5.269879296771216e-07 9.55169253341913e-08 0.0 9.886436362740832e-06 2.2610070311997437e-06 9.503632329425192e-06 4.889006590740468e-06 2.521617882647e-06 4.0982012998093185e-06 3.0742986064724987e-07 7.977670260198327e-07 1.1546802235787473e-07 0.0 0.0 9.040380659011866e-08 7.869603083288573e-08 0.0 0.0 0.0 0.00010499090733347395 5.412451006131761e-05 5.3611704802467526e-05
0.0001342010068070254 0.0012558545111278588 0.0019123637386822866 4.523378872517594e-06 0.0002422131783882839 5.488877016428094e-06 4.221695008761036e-05 0.0020229261832621194 0.0007354736938340489 0.0001187632370860462 0.0 2.8610199388205415e-05 0.0010958502303091038 0.0017229656346014388 4.515884059021035e-05 2.0311037322546305e-05 2.6627808042224537e-06 8.682426083129628e-07 0.0 1.823809772802812e-06 4.592720960546066e-06 1.5981198199839325e-06 7.33719664652289e-06 3.970216565465839e-06 1.1028087228069769e-05 1.399951577276529e-06 3.364387543870648e-06 8.420774118703904e-07 3.9751751768478095e-07 5.779923294485001e-07 0.0004304010029809223 9.995019127704783e-05 0.00035892987965076387 6.63905651950365e-07 3.983935212999616e-06 6.94680872108349e-06 0.0001654184942442491 2.7241009729644003e-05 2.2150904362730563e-05 8.835814544933997e-06 1.5043900795323116e-05 1.374524115012988e-05 2.7451832781593833e-06 4.915557233019237e-06 1.7436344797700578e-07 4.963838793589644e-07 5.363021227310567e-05 4.278593129391346e-07 1.4490127976927243e-06 3.320276485076857e-06 1.8452248245763756e-06 7.368431651532279e-06 1.1777503668476996e-07 1.0163126440330612e-05 2.1091942402267134e-06 2.4642664692694586e-06 1.293613169284194e-05 6.34170215157252e-05 8.468609575603745e-06 2.571994142151599e-05 1.4881827224858075e-06 8.104043146002974e-05 1.0578236899913363e-07 4.825575443862508e-05 6.940269986973135e-07 1.0574663883996647e-06 4.14276686486082e-06 1.167029131476626e-06 4.6236127390343224e-06 2.0478948768801956e-05 0.00013575213468961766 1.2041560913275082e-05 1.0460730404017236e-07 4.503844803854328e-05 2.7321494114056144e-05 5.480256972095387e-05 3.642137382285808e-05 3.437449040342545e-05 0.00021124234473377467 6.360732815638124e-05 7.583699436220418e-06 3.310484066971697e-05 2.2892860414303697e-06 7.328860336625354e-08 8.918891631636001e-07 3.030634016935522e-06 1.235457731506416e-06 1.717924096205921e-07 4.773241169866585e-07 0.0 3.948839051144748e-07 1.773326274468982e-07 1.4914155963679405e-05 3.03128124021478e-06 7.473300644567227e-06 3.447663205818995e-05 1.713501198401086e-05 7.416784300938221e-07 9.968170857534121e-06 7.774719719511421e-05 5.298906962775199e-07 1.7411892974277154e-07 4.667831521943605e-06 3.158804811092907e-07 4.908499484368096e-06 4.154666532122265e-05 2.566233916290351e-06 8.786932945296502e-06 8.718530408028248e-06 2.7144499636198772e-06 2.8139018234629694e-06 1.9207410033261597e-05 1.860475167043469e-05 3.631662836259556e-05 1.4323066312318317e-05 6.898889456484624e-07 2.4052755489844788e-06 0.0 8.58452173218369e-08 0.0 0.0 0.0 0.0 0.0 1.3691075254832625e-07 1.3658701177420026e-06 0.0 9.338444306129198e-08 2.9058424779835317e-07 0.0 9.076121903697483e-07 3.3665080384525517e-07 6.136038499816767e-07 9.008244448522413e-08 1.5113049971743809e-06 1.0907851347799527e-06 0.0 3.306903800064519e-07 9.892580481876039e-08 1.3049325833600765e-05 8.606238144956463e-08 1.0218624024811236e-05 4.1357066927266494e-06 1.3925755268311788e-06 4.828249576361483e-07 0.0 8.784485026953853e-08 0.0 8.975386264159137e-07 3.6844986126253423e-07 3.045590061883505e-07 3.430245052475053e-07 1.6988403407619675e-06 0.0 0.0 2.1912808063697037e-07 3.116584452338088e-06 9.56070105028837e-07 0.0 0.0 1.325271316789167e-07 6.396330601331834e-08 2.5386728879675836e-07 8.25031162930097e-08 1.1445678721033343e-07 0.0 7.533730417978591e-06 0.0 7.508589022236689e-08 0.0 0.0 0.0 2.232680028929269e-07 0.0 0.0 0.0 3.505720498430628e-05 2.063919213785548e-06 4.926526471487004e-07 0.0 2.6566553535720965e-07 1.5847409435915903e-06 3.008440012902456e-07 6.162741367491865e-06 4.99914162960555e-07 1.4029682416827646e-07 6.590091784374105e-07 4.491612511483281e-07 1.0685387693617213e-06 0.0 0.0 1.2795505699533412e-07 0.0 7.294060653424322e-08 2.899761009717402e-07 4.241450038342109e-07 0.0 1.4924198841974637e-05 1.647143929858048e-05 1.2999509247134598e-05
1.8460874253279884e-05 0.0001862068474462984 7.5484712859369994e-06 2.7786747209969095e-05 0.00019617585975954726 0.00012185379572464691 0.0006462963087211849 8.249889194391668e-06 0.00011094018019027194 0.0006493482287556381 2.8610199388205415e-05 0.0 0.000926205602386191 6.446127284575084e-05 5.520027606393563e-06 3.3176425305065135e-06 4.52120365203302e-07 0.0 0.0 0.0 1.5238697365791493e-07 3.5750330093523446e-07 0.0 0.0 4.427647123986971e-07 0.0 2.8408030334705886e-07 0.0 0.0 0.0 8.895684452489662e-06 3.9506714637634095e-07 1.499256783965293e-05 0.0 2.083426259138896e-07 3.1641884813499866e-07 5.811901268042972e-05 6.062286392053865e-06 7.3908481501764285e-06 7.501760460783585e-07 8.717922149167136e-07 1.318546363657991e-06 0.0 9.607480169311491e-07 0.0 0.0 4.586370756905063e-06 0.0 2.9390910141145905e-07 0.0 4.918702571991583e-07 1.6987318441981128e-06 0.0 8.292425042285209e-07 0.0 4.175662616159333e-07 3.6231106494516774e-06 3.0887065491867895e-06 7.471601836032468e-07 6.564386000120826e-07 4.889254128009523e-07 6.136576406911389e-06 1.6377395927583448e-07 2.0096529591667273e-07 1.633748039553459e-07 1.4559163338093831e-07 6.064507658716e-07 1.8447453169365586e-07 7.484047276389415e-07 8.609058348030391e-07 3.95980489083972e-05 1.4580803520237397e-05 1.4560878055526923e-07 4.3185943147601265e-06 2.232899704988313e-06 4.098710414038653e-06 1.9367245525993657e-06 7.293207375122027e-06 9.300752953639351e-08 4.421411307565654e-06 5.223487404343113e-07 8.471132209161649e-08 0.0 0.0 0.0 2.325966494876159e-07 0.0 0.0 0.0 0.0 0.0 0.0 1.5484974305739625e-06 0.0 1.2795049070516846e-06 0.00024255018042616843 4.448199981871036e-06 5.783587176273941e-07 1.851267458148508e-06 2.7137732398890458e-05 7.622755710862864e-07 4.06544667659555e-07 5.433225738309598e-06 2.5556323160705836e-07 4.351682865631918e-06 5.586861441376089e-05 3.2032218773691854e-06 1.8231107736660412e-05 2.5386950873079962e-05 2.5579095050458685e-05 7.304311196501392e-06 4.396154953228141e-05 5.838442800148309e-05 6.396077178713846e-05 1.2989940711099292e-05 7.25817912975751e-07 1.3061866886554604e-06 0.0 0.0 0.0 0.0 0.0 2.2385994599359035e-07 0.0 0.0 0.0 9.482218763582829e-08 1.0454002437747792e-07 3.1841496084092737e-07 0.0 0.0 2.1275181423443348e-07 1.322232646449437e-07 0.0 6.570102294897853e-07 1.3229025537657132e-06 0.0 0.0 0.0 6.808604329804326e-06 0.0 3.452907578870846e-06 8.697767968982818e-07 1.71069739953589e-07 0.0 1.76803270353232e-07 1.3345506623093784e-07 0.0 3.0988690685298794e-07 8.642668224891505e-08 0.0 6.890021159631058e-07 2.105793946122415e-06 0.0 0.0 0.0 2.700819115751089e-07 0.0 1.2418368105644395e-07 0.0 0.0 0.0 8.69995382095134e-08 1.7055284817166137e-07 2.450853410562951e-07 0.0 9.008483807273313e-06 0.0 0.0 3.0250296092399707e-07 0.0 0.0 0.0 0.0 0.0 0.0 4.1511523213431615e-05 2.061455020958321e-06 0.0 0.0 0.0 3.127524060630128e-06 0.0 1.782608143713613e-06 2.6786500246518415e-07 2.701171906480187e-07 7.658929172838177e-07 3.0111859194163516e-07 5.740143324175437e-07 0.0 0.0 2.5953498418904084e-07 0.0 0.0 1.132487723166539e-07 0.0 0.0 3.5089671790901664e-05 1.466062632326522e-05 9.699965535548126e-06
