0.0 0.002169746801202523 0.0013869567193516264 0.00045546337005430423 0.00012395522104265884 3.32377724796883e-05 0.0002527727117843106 0.0002565364975472345 2.349776508087769e-05 0.0006623418699365154 0.0002741312478388062 0.00015504189760307455 0.00016075920317962719 8.629626861440259e-05 1.8440188738373188e-06 5.484522634182649e-07 1.0930854050454085e-07 0.0 6.304514686464168e-08 0.0 1.9127673008700664e-07 1.2221346899147217e-07 0.0 0.0 3.233478793567887e-07 0.0 0.0 0.0 2.3348039212381413e-07 0.0 0.0005011304977974632 1.8463837472804845e-05 1.4742837478146314e-05 0.0 1.5246668985915742e-07 3.6568380537872946e-07 1.1829997406846042e-05 3.848915708507999e-07 4.875585159123105e-07 2.9106845681219886e-07 0.0 8.108836309202646e-08 6.98349912314526e-08 3.1012938287907395e-07 0.0 1.6432526908472207e-07 2.8844737829417264e-05 3.793384655327544e-06 0.0 2.280985445612537e-07 8.844845751554917e-08 0.0 1.1400977145779278e-07 0.0 7.995854101740825e-06 5.387395084688058e-06 0.00017925422456719543 0.00037659176639629155 2.3360517025552935e-05 9.910328435643521e-06 0.0 0.0 0.0 3.686576095612024e-06 2.4436178017977173e-06 1.0783772532376098e-06 5.443935795989005e-07 5.415939389007131e-07 2.3599239747846588e-07 1.328519477243867e-07 1.4299957439539958e-05 5.084213119127387e-07 0.0 8.903377553799015e-05 9.394442525354084e-06 6.908562111211291e-06 2.744473201013025e-07 5.527105749848895e-07 5.264985624008332e-07 6.124990757469702e-05 8.201439185538822e-08 1.4259355227614833e-06 3.16857751466992e-05 0.0 1.821699920402037e-06 2.6018316041109004e-06 8.910769434737677e-08 0.0 5.923042077572824e-07 3.285376956041111e-07 8.424979353231774e-07 5.860267608171038e-07 1.0571160936061908e-06 0.0 0.0 8.786199774563317e-06 1.202937795198821e-07 3.6594799656136934e-07 1.4809160653822297e-07 0.001015764537032857 0.0 0.0 0.0 0.0 0.0 0.0 0.0 3.8149718191446986e-07 0.0 3.3720959030683623e-06 0.0 8.519564411854697e-07 1.848222083206148e-06 5.617072090487083e-06 1.8363961349595152e-06 0.0 0.0 0.0 0.0 0.0 0.0 0.0 0.0 0.0 0.0 0.0 0.0 0.0 0.0 0.0 0.0 0.0 0.0 0.0 8.98536115827589e-07 0.0 0.0 0.0 0.0 4.6823277498200554e-07 0.0 9.440856319616491e-08 1.5708566978982545e-07 0.0 0.0 0.0 0.0 0.0 9.225403171255034e-07 0.0 0.0 0.0 0.0 0.0 0.0 0.0 5.975483154173735e-07 1.0253277261316003e-07 0.0 0.0 0.0 0.0 0.0 0.0 0.0 0.0 4.843082720801631e-07 0.0 0.0 7.517881297624733e-08 0.0 0.0 0.0 8.109314672368568e-08 0.0 0.0 3.0805692092693334e-06 0.0 0.0 0.0 0.0 1.0230044278735763e-06 1.358293137478513e-06 8.150652858809914e-08 0.0 0.0 0.0 0.0 2.8657049590202047e-07 0.0 0.0 0.0 0.0 0.0 0.0 0.0 0.0 1.6032403624500835e-06 5.145957018391792e-07 5.315398365944037e-07
0.002169746801202523 0.0 0.001719370983354507 0.0005911884020040821 0.0009008263597459233 0.00026088948799902003 0.0004086884720175855 0.0003199719476297576 0.0003015632200509694 0.0004453818200927928 0.0004928467414978871 0.00010757098580636047 0.0002472651635414104 0.00022436938001750467 1.0506975694476357e-05 1.6711635662455548e-06 5.256315525506282e-07 1.2875866209479356e-07 2.2130373569535444e-07 1.814653955282009e-07 4.264681031428485e-07 0.0 0.0 0.0 0.0 0.0 0.0 0.0 0.0 0.0 0.0006201725212513344 1.3708740772041818e-05 2.1801927286824722e-05 0.0 0.0 3.205951269803928e-07 1.7878554133252604e-05 3.537593654617419e-07 8.60745088932081e-07 0.0 9.709816789257429e-08 0.0 5.26410286621818e-07 5.637697388842682e-07 1.0470964309531051e-07 3.686601597919527e-07 0.00011811528355096232 1.0897601754481999e-05 7.870556693399857e-07 1.6361530205743665e-07 5.818607727178216e-07 4.018657919673334e-07 2.2215375024403222e-07 1.646689421472383e-07 1.5358335969090826e-05 1.0011147476892367e-05 0.00017562396570558366 0.00028827440404129905 3.6972054489594604e-05 3.0775323285064845e-05 4.030097285619099e-07 1.462184686007978e-07 0.0 2.461134291532319e-05 5.8716979993502355e-06 3.9475281983059e-06 1.4515026369350746e-06 7.924960680551104e-07 4.449910296866622e-07 7.769599176305206e-07 3.0572212006173106e-05 8.52167931341355e-08 0.0 0.00020888825063112939 6.571158903568969e-05 3.8032588643941504e-05 3.153910396692338e-06 1.2787536170235405e-06 1.0623962188319041e-06 4.143047225707887e-05 4.674323680033636e-07 2.529573288696325e-06 7.824638457806434e-05 1.7275492616861486e-07 5.079006843944016e-06 8.788363597643343e-06 6.066198647703244e-07 0.0 6.324858841993257e-07 0.0 1.7313482261141382e-06 0.0 9.56022819913984e-07 8.991814757618392e-07 2.1176289773197542e-07 7.688350196699333e-06 1.0005482397172651e-06 0.0 0.0 0.0006382244573220011 1.3334685714166768e-07 6.236097901691499e-07 0.0 1.8237476577766205e-07 3.167152087858632e-07 3.824189559274823e-06 1.1288458894457134e-07 9.034499470885321e-07 4.192841798320743e-07 3.364469272422429e-06 0.0 5.724701333043727e-06 2.8827719339438263e-06 7.280056139303186e-06 2.290771365179151e-06 0.0 1.1567119221952474e-06 0.0 0.0 0.0 0.0 0.0 0.0 0.0 0.0 0.0 0.0 5.96399894557917e-07 0.0 0.0 0.0 0.0 0.0 0.0 8.226728007107111e-07 1.8926844675919838e-07 0.0 0.0 0.0 2.900183579819227e-06 0.0 9.123139292377669e-07 0.0 0.0 1.205051698868414e-07 0.0 0.0 0.0 3.963801763949344e-07 0.0 0.0 0.0 0.0 9.710098692974505e-08 0.0 0.0 2.6823685024116095e-07 0.0 8.838413107886956e-08 0.0 3.336212491184351e-07 0.0 0.0 3.9760543472771764e-07 4.764566860100885e-07 0.0 2.787278359514123e-06 1.0120524310443413e-07 0.0 0.0 0.0 0.0 0.0 1.7190493656716877e-07 0.0 0.0 6.732486976699508e-06 0.0 0.0 0.0 0.0 1.0597868943267822e-06 0.0 1.3910723965186253e-06 0.0 0.0 0.0 0.0 0.0 0.0 0.0 0.0 0.0 0.0 0.0 0.0 0.0 3.945839289437031e-06 1.3942291880212005e-06 2.5680438844174138e-06
0.0013869567193516264 0.001719370983354507 0.0 2.5574806596323007e-05 0.0007785721266069277 7.4142117295620425e-06 0.00015403844606691185 0.0004688860124536836 0.0006004077438525011 1.1076624042672416e-05 0.0017103960152690465 9.803423658197805e-05 0.00041606548125039264 0.0006673070269082826 7.4057300387898404e-06 4.4959125491229436e-06 4.841578839312727e-07 7.894462253344026e-08 7.263680233878914e-08 5.944495387018832e-07 1.8641773658320346e-06 1.0326699458636822e-07 0.0 9.177928090576334e-08 1.2798177786082695e-06 7.178949019897441e-07 0.0 5.358961346499436e-07 1.2861817176004034e-07 0.0 0.0037398768652708737 0.0002660950603190871 7.670840122145337e-05 0.0 6.782902986722552e-07 3.417346644919978e-06 4.828845422419362e-05 2.3313681510813952e-06 2.5051469490557054e-06 7.069337931841676e-07 7.866433913905705e-07 1.011036455037447e-06 6.008475805596143e-07 1.4213317918261308e-06 6.806746739900433e-08 2.9023261852787754e-07 7.111664675411346e-05 4.886801434450291e-06 2.0630000285075568e-07 5.40228657993769e-07 6.763406600491298e-07 3.477953056449176e-07 1.558944769017914e-07 6.146914355286444e-07 9.398716360335572e-06 7.2838252418949505e-06 0.0001038339559212615 0.00023002674516134925 1.9827709391292167e-05 1.8476175225981356e-05 1.3111065902436941e-06 5.496125841071945e-07 4.828263753391066e-07 6.377607380750017e-05 3.9434698886950105e-06 2.734584935428774e-06 1.801822515102562e-06 1.4328473840380487e-06 1.9842853446077703e-06 2.7192893636321157e-06 6.07390290228398e-05 9.704961808515828e-07 1.3957055527136495e-07 0.00012577674444892365 5.777343963318178e-05 3.0132008156889368e-05 4.357483267329182e-06 3.217922311149544e-06 1.2343235891970891e-05 0.00040315134418520207 1.5428999320673921e-06 4.482327939547889e-05 4.61348635568139e-05 1.7454012511465144e-07 2.1330195045166894e-06 4.987334686450741e-06 8.040516818633214e-07 0.0 5.732710479591778e-07 2.2212632076288847e-07 5.422669653148074e-07 2.9195258046328113e-07 7.0411642498320555e-06 1.6024779937628224e-06 2.8681695583980097e-07 1.0046744968555014e-05 1.805265962769833e-06 0.0 1.1297690617510574e-06 0.000880830379568607 8.635416860680135e-08 0.0 0.0 0.0 6.937355226744722e-07 3.685166383685602e-07 9.045004500639605e-07 6.504849438267791e-07 7.923852337419212e-07 1.0905006722738363e-06 1.2296068847234376e-07 1.4416796644927278e-06 1.0496895896521505e-06 9.313775595845476e-06 1.3748097390521988e-06 0.0 3.2450569284894245e-07 0.0 0.0 0.0 0.0 0.0 0.0 0.0 0.0 0.0 0.0 0.0 0.0 0.0 0.0 0.0 0.0 0.0 7.204719572507919e-07 1.4311751523935032e-07 0.0 0.0 0.0 2.739127208859081e-06 1.1566020545872832e-07 1.1588718347967183e-06 2.883388492299194e-07 9.157602333630555e-08 2.054142576296194e-07 0.0 0.0 0.0 1.1487537802622034e-07 4.2835015347876263e-07 0.0 2.391277967299445e-07 0.0 0.0 0.0 0.0 9.312310095672382e-08 2.1778747953266033e-07 0.0 0.0 0.0 0.0 0.0 0.0 0.0 0.0 2.7884119554812012e-06 0.0 0.0 0.0 0.0 9.729263779970119e-08 0.0 0.0 0.0 0.0 5.26225745089187e-06 0.0 0.0 0.0 0.0 1.1185695759107385e-06 0.0 4.899937025040591e-07 0.0 0.0 1.8534379817841069e-07 0.0 0.0 0.0 0.0 0.0 0.0 0.0 0.0 0.0 0.0 3.928313191899858e-06 2.0376582626770055e-06 1.639060657838148e-06
0.00045546337005430423 0.0005911884020040821 2.5574806596323007e-05 0.0 4.775214630430209e-05 0.00021348675445412353 0.0006947432828407678 3.235451283855158e-06 1.6444996383031563e-05 0.0004959285581560517 3.7656059503622245e-06 0.0006468892812620579 0.0006656326126179707 2.9494769619255663e-05 1.6598810934393197e-06 2.428657152822091e-07 0.0 0.0 0.0 0.0 0.0 0.0 0.0 0.0 0.0 0.0 0.0 0.0 0.0 0.0 2.401984106042862e-05 6.213386565724002e-07 9.47031151596615e-08 1.2805193197080818e-07 0.0 0.0 1.997641412594141e-06 0.0 4.2422398116111335e-07 0.0 0.0 0.0 6.327243485493784e-08 0.0 0.0 0.0 1.53985248552828e-05 1.678865550004535e-06 6.92763478742425e-08 1.2319243578028836e-07 0.0 0.0 0.0 0.0 2.6998302298544473e-06 1.691355693345275e-06 4.764942907185848e-05 7.434526386860806e-05 6.392010739755747e-06 4.3194114156843655e-06 3.7880705332619683e-07 0.0 0.0 1.3408015856202986e-06 1.2219517705758256e-06 4.868011865658333e-07 4.553219028171456e-07 9.364441701865302e-08 0.0 0.0 2.6832755463317237e-06 0.0 0.0 3.642857415018446e-05 6.291036358332536e-06 4.242067064505922e-06 8.019871986595271e-08 0.0 2.916877344158118e-07 5.77549061601958e-07 0.0 1.686850784631096e-07 9.59610321004361e-06 0.0 6.412052347733611e-07 1.515421654138611e-06 1.6421490253212532e-07 0.0 0.0 0.0 3.629540356394447e-07 1.7195150681175732e-07 6.9693715058904e-08 1.5856469759924791e-07 0.0 4.5784601381593104e-07 0.0 0.0 0.0 0.0004225859726278207 0.0 1.8637890871194182e-07 1.1390116119030077e-06 1.3071272635680479e-06 0.0 2.7043032061121786e-06 4.905468537282326e-06 4.410449514339304e-07 2.637084973660864e-06 4.045022603077971e-06 0.0 2.928957829008761e-06 4.8863612031278676e-06 2.7370559587187152e-06 0.0 0.0 0.0 0.0 0.0 0.0 0.0 0.0 0.0 0.0 0.0 0.0 0.0 0.0 0.0 0.0 0.0 0.0 0.0 0.0 1.014239554838679e-07 0.0 0.0 0.0 0.0 0.0 0.0 0.0 0.0 0.0 0.0 0.0 0.0 0.0 0.0 0.0 0.0 0.0 0.0 0.0 0.0 0.0 1.3260159601847673e-07 0.0 0.0 0.0 0.0 1.1791086985195043e-07 0.0 1.192389980942347e-07 0.0 0.0 5.893309468007776e-07 0.0 0.0 0.0 0.0 0.0 0.0 0.0 0.0 0.0 3.572055011932173e-07 0.0 0.0 0.0 0.0 0.0 0.0 2.081547609152999e-07 0.0 0.0 0.0 0.0 0.0 0.0 0.0 0.0 0.0 0.0 0.0 2.568439485142505e-07 0.0 5.593788078344602e-07 8.524816053578729e-07 1.9096549965182405e-06
0.00012395522104265884 0.0009008263597459233 0.0007785721266069277 4.775214630430209e-05 0.0 1.231389799750421e-05 0.0011041817898214154 1.774441744675849e-05 0.0027510057016135363 0.00027036535082909294 0.0008842158217104522 2.8251779106091732e-05 8.847920547744035e-05 0.00023104486654908248 8.990537640227923e-06 2.5636408664338957e-06 0.0 1.5402316634908088e-07 0.0 4.5539497325850084e-07 4.134700466403558e-07 0.0 9.792909157227048e-08 0.0 0.0 8.28309833505304e-08 0.0 9.179653191641449e-08 1.1039179919505918e-07 0.0 6.235322145696082e-05 7.250658714505102e-06 3.0370489446112406e-06 0.0 0.0 0.0 4.868849693484374e-06 1.9995496762336588e-07 0.0 0.0 1.0505498762234395e-07 7.934545594035911e-08 6.435279966659061e-08 4.048406308362369e-07 9.752565117964948e-08 2.2786031720990108e-07 7.182149374879516e-05 5.172935210352736e-06 5.214227175810735e-07 2.587956265735592e-07 5.250536811146627e-07 7.475658108142392e-08 0.0 8.007929123147748e-08 4.968996119948449e-06 4.412181058026978e-06 4.300872814794938e-05 5.473209454452719e-05 1.253578357748216e-05 1.6213197072582708e-05 5.730349972537821e-07 0.0 1.0578027848663938e-07 1.848607193620351e-05 2.67138180398322e-06 1.889763545927375e-06 3.2377608611358023e-07 6.311969605315001e-07 3.777154123658611e-07 6.981034897975929e-07 2.8061880535919984e-05 6.164925944660968e-07 0.0 7.453717940998102e-05 3.5573205744738e-05 3.070647992757904e-05 2.4021048225781683e-06 5.48359359927788e-07 7.966300301458267e-07 3.5123423911063026e-06 1.34173186164984e-06 1.680692466958613e-06 3.320824779282501e-05 0.0 1.8343922173972373e-06 3.8069809402069878e-06 2.0859240396244402e-07 0.0 4.314037569946341e-07 7.182081581401326e-08 4.2084831512209884e-07 9.101025754447373e-08 7.846431036504899e-07 2.9119606813863874e-07 1.4457709044493287e-07 2.215452779101058e-05 3.57410876782638e-06 0.0 8.376761468732199e-07 4.089641644851999e-05 0.0 5.440390856746778e-07 4.887851712900634e-07 6.032923157042577e-07 1.3246887924108995e-06 5.402628469273147e-06 3.4865498350375545e-06 2.192527651595561e-06 1.995437624049095e-06 7.015428242900535e-06 2.9822758881157083e-07 1.5201417757593108e-05 1.0251877422256485e-05 3.4239154013072256e-05 1.014784479089552e-05 0.0 0.0 1.894822071131597e-07 0.0 0.0 0.0 0.0 0.0 0.0 0.0 0.0 0.0 0.0 0.0 0.0 7.59246977802283e-08 0.0 2.891490417601563e-07 0.0 2.9526116090180117e-06 0.0 0.0 3.156091483256628e-07 0.0 9.19060352324298e-06 0.0 4.891315055985105e-06 3.9772504422962197e-07 6.102645804653329e-07 0.0 0.0 0.0 0.0 4.3484556438142704e-07 0.0 0.0 0.0 0.0 0.0 0.0 0.0 0.0 0.0 0.0 0.0 0.0 0.0 0.0 3.2331447501367686e-07 0.0 0.0 7.285482972961129e-06 0.0 0.0 0.0 0.0 0.0 0.0 0.0 0.0 0.0 2.2588186309981235e-05 3.148991002198748e-07 0.0 1.0338448357358654e-07 0.0 3.860279952102609e-06 2.734634449446691e-07 2.544023355156418e-06 8.58099260390321e-08 0.0 0.0 0.0 0.0 0.0 1.3790350641418407e-07 0.0 0.0 0.0 0.0 0.0 0.0 1.6759006750599317e-05 5.854243138632896e-06 4.950119061215271e-06
3.32377724796883e-05 0.00026088948799902003 7.4142117295620425e-06 0.00021348675445412353 1.231389799750421e-05 0.0 0.00017172494552184403 9.781661573124202e-07 9.316274634876501e-06 0.000634705343946635 3.6446131993073844e-06 0.00019186315609084464 9.486345729138097e-05 2.6250341710263785e-05 0.0 0.0 0.0 0.0 0.0 0.0 0.0 3.800047387312547e-07 0.0 0.0 1.6812916059095176e-07 0.0 0.0 0.0 0.0 0.0 9.820705000940472e-06 0.0 7.522632210989716e-06 0.0 0.0 0.0 8.804280130981748e-06 1.332105953626706e-07 1.7584588442172195e-06 0.0 0.0 2.1763894995252419e-07 0.0 0.0 0.0 2.106587394981845e-07 1.1212070471299127e-07 1.6549217584279382e-07 0.0 0.0 0.0 1.0310600610929885e-05 5.343858666697505e-07 1.8963049345778772e-07 0.0 2.680782107954191e-07 3.0411566734405686e-05 7.983438700305957e-06 1.0610954389922613e-06 0.0 3.30272781798672e-07 4.945714197136614e-07 0.0 0.0 1.8137689522410124e-07 0.0 5.275838106330715e-07 1.0032579705927677e-07 1.9270204650679504e-07 0.0 6.196218208993246e-05 0.00017645110626858074 2.4922458986159267e-05 1.0182190124872908e-06 8.886566254320526e-08 9.917700822815414e-08 0.0 1.485616373287913e-07 0.0 2.435549287075268e-06 0.0 3.239621937086749e-06 2.1522026595447863e-07 5.290458824328566e-06 0.0 1.4151168227327707e-05 0.0 7.062831706314113e-06 1.4181385836022285e-05 1.5291115123416998e-05 3.1142738671552096e-06 8.515371923558651e-06 1.7310931406710313e-07 5.960801084696575e-07 1.002485236330777e-06 0.00013199406635311717 8.975203803120067e-05 2.6589496654506715e-05 4.9540558778082715e-06 0.00012676955962063135 0.0 0.0 0.0 1.4830382016382505e-07 0.0 8.3419017041288e-07 0.0 0.0 7.340018388365251e-07 1.4535847453579938e-06 0.0 1.531315173655865e-06 1.5107766916662315e-06 3.1799292116780787e-06 0.0 0.0 1.4107837842286125e-07 0.0 0.0 0.0 0.0 0.0 0.0 0.0 0.0 0.0 0.0 0.0 0.0 2.3013105165094512e-07 0.0 0.0 3.545416482766266e-07 2.0536351496054576e-07 0.0 0.0 0.0 0.0 0.0 3.022352493055062e-07 0.0 2.348914324903197e-07 2.660452920764063e-07 0.0 0.0 0.0 0.0 0.0 3.9297183571933234e-07 0.0 0.0 0.0 0.0 0.0 0.0 0.0 3.5690405755699137e-07 0.0 0.0 0.0 3.546529004559452e-07 0.0 0.0 0.0 0.0 0.0 0.0 0.0 0.0 0.0 0.0 0.0 0.0 4.505401733843296e-07 0.0 0.0 9.952701851117744e-07 4.301044428048473e-07 0.0 0.0 0.0 0.0 0.0 0.0 0.0 0.0 0.0 0.0 0.0 0.0 0.0 0.0 1.2633047320150862e-07 3.321534974576956e-07 0.0 0.0 0.0 1.5790159831228781e-06 4.153203391504436e-07 4.464342145610839e-07
0.0002527727117843106 0.0004086884720175855 0.00015403844606691185 0.0006947432828407678 0.0011041817898214154 0.00017172494552184403 0.0 2.4826801707995807e-06 0.001004072043876931 0.0025783678198724727 4.8938468943888785e-05 0.0004597252120595926 0.0009440165278432246 0.0006097533199277022 8.720601995777366e-06 3.5850451352150175e-06 8.062577281328276e-08 7.084342070078789e-08 0.0 1.4916788624070129e-07 1.7263706920973044e-07 0.0 0.0 0.0 0.0 0.0 0.0 2.629663234628059e-07 0.0 0.0 6.222613669173827e-05 4.908934200459336e-06 3.4938145561946717e-06 0.0 0.0 0.0 8.103552223603917e-06 3.801422229246002e-07 5.42295835498576e-07 1.1160674184757607e-07 0.0 1.725376357813823e-07 6.233016294908157e-07 6.806948438267916e-07 6.91800203762285e-08 0.0 7.154235766511961e-05 6.4617150511512724e-06 6.979370356315523e-08 4.923739927126729e-07 1.5662940987110014e-07 0.0 0.0 0.0 9.774863577249468e-06 6.136435651098308e-06 7.562597249102793e-05 9.922830843666994e-05 1.8521489302617203e-05 1.9785113072303593e-05 6.940789213174409e-07 0.0 0.0 1.6753567549351307e-05 3.792622342771555e-06 2.2226360288365792e-06 5.241241971597244e-07 7.714956943092183e-07 4.4276728959314393e-07 7.031688567800807e-07 3.965415521777743e-05 6.644078690463643e-07 0.0 0.00010462702103878783 3.6432009558606354e-05 3.0252217521214326e-05 1.6308916244827762e-06 5.178696393045384e-07 7.034861730924119e-07 2.5527056653283356e-06 6.547350228069759e-07 2.778671633217144e-06 3.716136261804406e-05 0.0 2.0932940131516766e-06 4.101561923570756e-06 2.460779894278619e-07 0.0 4.27306604544143e-07 0.0 2.364787499953082e-07 3.3285891785202204e-07 1.0963303164068016e-06 5.193962664318529e-07 4.819153772827836e-07 3.587621303601983e-05 4.088846494255056e-06 0.0 1.1103805972437026e-06 0.00011963859400620368 8.132799372515653e-07 2.0081247507305457e-06 2.015735502463566e-06 9.570023480155115e-07 4.286099913694884e-07 1.4762545616479386e-05 4.340069201572315e-06 2.831581961007636e-06 7.262667264013428e-06 1.2887315666580307e-05 7.453768658719944e-07 2.726661642907232e-05 2.4591762625315267e-05 6.924915599053248e-05 6.687782803745008e-06 0.0 0.0 0.0 0.0 0.0 0.0 0.0 0.0 0.0 0.0 0.0 0.0 0.0 0.0 0.0 0.0 0.0 0.0 0.0 5.411561511596257e-06 1.0940585965501093e-07 0.0 0.0 0.0 1.5289337945005922e-05 2.903803373229868e-07 4.130602072828295e-06 7.290139267713461e-07 1.3306657499464612e-06 0.0 0.0 0.0 0.0 6.572259477509259e-07 2.7700333237249594e-07 0.0 4.682335421093772e-07 9.349844390607497e-07 0.0 0.0 0.0 0.0 0.0 2.4109738066473386e-07 0.0 0.0 0.0 4.1813411245533224e-07 7.72385711743766e-07 0.0 0.0 1.5253995420287028e-05 7.939685160321984e-07 0.0 0.0 0.0 0.0 0.0 0.0 0.0 0.0 4.01583193656962e-05 0.0 0.0 0.0 0.0 9.13118905925557e-06 6.890924312444632e-07 6.47714156472979e-06 2.924335693253296e-07 1.1603076165801632e-06 1.0699395756187582e-06 0.0 0.0 0.0 0.0 8.163424594027335e-08 0.0 0.0 0.0 1.6986316781774592e-07 0.0 2.6220377765020115e-05 8.507260524545076e-06 9.207641821323873e-06
0.0002565364975472345 0.0003199719476297576 0.0004688860124536836 3.235451283855158e-06 1.774441744675849e-05 9.781661573124202e-07 2.4826801707995807e-06 0.0 7.086368721741382e-05 8.287153445181478e-07 0.0036587306535527985 2.524841085755042e-05 0.00011192172741490063 0.00045203286123751864 1.6899236480334428e-05 1.2343744690759362e-05 6.450303813209137e-07 5.902713576431565e-07 7.250252386470423e-08 9.109287728714075e-06 3.5448891138822704e-05 7.806240297980978e-07 1.4240056423457853e-06 1.44564439080108e-06 5.430820206841638e-06 5.3875317768068e-06 9.73305226656083e-07 2.1266743882107966e-06 3.260877901457187e-07 0.0 0.0007985066601967312 0.0010502100389412276 0.0001351334984617937 1.2732762964056487e-06 2.6658105632751636e-06 1.2767013847815039e-05 3.8070526079902466e-05 5.60638641782879e-06 2.1367826384832932e-06 9.963358996616701e-07 1.0783026042601755e-05 3.760342652044226e-06 4.485807535753748e-06 3.335625495298427e-06 8.360645993695405e-07 3.7889075939606385e-06 8.599349705574903e-05 7.164858835963596e-06 7.34141031915235e-07 2.3585087120992056e-06 2.5868614502400346e-06 1.4035204351692328e-06 1.4961673059483366e-07 2.2337483864705364e-06 7.92864460082057e-06 5.479297187051795e-06 8.65857161186048e-05 0.00016395938989574387 2.00989839786099e-05 2.008906690520996e-05 4.374517295691391e-05 1.41797313356226e-06 8.173734891928557e-06 0.0001575438852471941 3.3826875995052194e-06 7.087966216781343e-06 6.268579777257327e-06 7.562866794273174e-06 1.3318643116230287e-05 4.183065469093637e-05 3.591674231471336e-05 5.5418356805898795e-06 0.0 0.00011736319496297925 8.52731790353908e-05 5.828294834502548e-05 1.0692870071819365e-05 2.1467219024457418e-05 0.0005295481953465072 0.0017770846523208921 2.6411273638195905e-05 0.000654298867463041 3.7039635358122846e-05 0.0 3.010613342463973e-06 4.875906217520177e-06 1.4231589083580626e-06 0.0 7.220991279582607e-07 0.0 9.064250167193285e-07 2.3666612241504498e-07 5.033060530241429e-05 4.4225551272889765e-06 6.125273130818412e-07 6.647007744925752e-06 2.2065973289050316e-06 0.0 3.1872871232188367e-07 0.0001741359205259585 0.0 0.0 9.37243417118903e-08 2.2085777274647184e-07 9.049186654544961e-08 4.913683261492372e-07 0.0 0.0 9.839101077048415e-07 3.961445123716286e-07 0.0 1.7611648517184064e-06 3.1950033643206756e-07 6.440619335323015e-06 2.1853563016895137e-06 3.236179331388545e-07 1.8556909039017892e-07 0.0 0.0 0.0 0.0 0.0 0.0 0.0 0.0 9.33673780117393e-08 0.0 2.2195641140527142e-07 0.0 0.0 0.0 1.2640132333925157e-07 8.82206955278526e-08 0.0 9.421747987572765e-07 1.0677423856164694e-07 0.0 2.614248028382264e-07 0.0 2.6059788568392518e-06 5.687779268119297e-07 2.1214198151870487e-06 7.827480121492571e-07 3.5558960663443146e-07 0.0 2.0467453479184356e-07 1.683680677543655e-07 0.0 1.730417557165698e-06 2.595515962959143e-07 0.0 0.0 8.585027818614447e-08 0.0 2.3488599399383101e-07 1.303067999725549e-07 4.86153512775852e-07 3.021952713668679e-07 0.0 0.0 8.246643569197319e-08 0.0 0.0 0.0 1.3096777687378664e-07 9.1642476524479e-08 2.4679567762332744e-06 2.535510137320282e-07 1.216292547218725e-07 0.0 0.0 0.0 9.884697506451493e-08 7.85882575668477e-08 3.892133294641902e-07 3.2862698798281405e-07 4.686660497688965e-06 2.0482332008110365e-07 0.0 0.0 0.0 1.0944036167631323e-06 0.0 3.8959433605879514e-07 0.0 0.0 0.0 2.7905519227710083e-07 0.0 0.0 0.0 0.0 0.0 0.0 7.714806636021795e-08 0.0 0.0 2.7774821554512825e-06 2.659395682036102e-06 3.578262856096189e-06
2.349776508087769e-05 0.0003015632200509694 0.0006004077438525011 1.6444996383031563e-05 0.0027510057016135363 9.316274634876501e-06 0.001004072043876931 7.086368721741382e-05 0.0 0.000274961434739438 0.0009327477319887434 5.7375855179075834e-05 0.0002302471770723787 0.00011165178378733596 1.4127660669279667e-05 5.6558610877250775e-06 1.7614480589283324e-07 1.4057847955926035e-07 0.0 3.1623560449516865e-07 1.2147182521686313e-06 0.0 0.0 0.0 2.14660412656536e-07 8.044628995553936e-08 0.0 3.348745917971916e-07 1.2939305772075587e-07 0.0 3.0425376561350814e-05 1.310807272735281e-05 8.308342837864393e-06 2.0177400748906734e-07 0.0 1.0572620536214725e-07 1.026224397616496e-05 1.7464587642940226e-07 5.843784722780859e-07 0.0 8.747798588277347e-07 5.604801158470408e-07 7.03842756347281e-07 3.5165483571442233e-07 1.7798030469458256e-07 3.1233735008541335e-07 5.964983487450568e-05 2.9642685335337483e-06 1.3673924406266186e-07 5.2384894187987e-07 5.984058328459549e-07 2.73130168640922e-07 0.0 0.0 5.768998940964849e-06 2.9028178952136037e-06 2.8609009994211513e-05 3.393869077498248e-05 1.1440725339125054e-05 1.493987544705724e-05 5.58626143620292e-07 0.0 0.0 2.6233680308721084e-05 2.3248951490295153e-06 1.4838780190060121e-06 8.116196865149953e-07 9.586366910520646e-07 1.483892401085029e-06 3.2214524629202387e-06 7.07536413147033e-05 0.0 0.0 5.747093983719558e-05 3.660240280520113e-05 4.262841640234925e-05 5.559817807283885e-06 2.3132479726445257e-06 2.5179456896513337e-06 4.348962446824216e-06 1.7190630429914118e-06 1.0510570946047918e-05 2.3766673242410767e-05 0.0 2.3512681398622766e-06 2.7301514319282408e-06 1.5932048645417395e-07 0.0 3.6935495266561763e-07 0.0 2.0402644313573303e-07 2.539282283474301e-07 3.0126465979706126e-06 4.343985474120094e-07 2.987551042605525e-07 6.413666616980259e-05 5.289948709573625e-06 0.0 7.888654537827637e-08 2.439706417659971e-05 6.969801658531256e-07 1.6211035719278606e-06 4.016125563614505e-06 5.380821482924753e-06 2.0723525522932065e-06 2.61839334271072e-05 8.809344568679863e-06 7.624643050096965e-06 6.569609688594483e-06 1.9804938088416712e-05 9.715112837053708e-07 6.153375413851195e-05 3.686114785126262e-05 0.00011145013733504206 1.7441441033912584e-05 8.789114259842178e-08 9.04051562052173e-08 0.0 0.0 0.0 0.0 0.0 0.0 0.0 0.0 0.0 0.0 1.0895245619430378e-07 0.0 0.0 0.0 0.0 0.0 0.0 8.467304770232404e-06 1.7215902599205311e-06 0.0 0.0 0.0 2.6497799743122892e-05 7.785315745108725e-07 1.1140315478755688e-05 5.035321671848242e-06 1.579463904429442e-06 0.0 0.0 0.0 0.0 5.197931332289475e-07 1.1080013548188161e-07 0.0 4.2083310354763096e-07 1.2184590770733774e-06 0.0 0.0 0.0 3.5522584481366975e-07 8.552000802380512e-08 2.1660014722871634e-07 0.0 0.0 0.0 8.620553923773876e-08 3.273637973843835e-07 3.3716208454106265e-07 0.0 2.3899948051947578e-05 9.292613757379859e-07 4.742351350361431e-07 0.0 0.0 0.0 0.0 0.0 0.0 0.0 7.391214498944095e-05 0.0 0.0 0.0 6.782128811757936e-08 1.0258760207534619e-05 0.0 1.3869990069299132e-05 9.088918239271298e-08 1.0286889290130947e-07 1.4540636448893954e-06 7.189273743535335e-07 0.0 0.0 0.0 0.0 1.3973848756087774e-07 0.0 0.0 0.0 0.0 5.563829986345144e-05 2.7794567207245414e-05 2.665872097492946e-05
0.0006623418699365154 0.0004453818200927928 1.1076624042672416e-05 0.0004959285581560517 0.00027036535082909294 0.000634705343946635 0.0025783678198724727 8.287153445181478e-07 0.000274961434739438 0.0 1.0815875684019015e-05 0.0007828758376476802 0.002955884579890409 0.0003566415595117761 3.9248439799791534e-07 7.146973342371193e-08 0.0 7.321600221483731e-08 0.0 0.0 0.0 0.0 0.0 0.0 0.0 0.0 0.0 1.301306849910774e-07 0.0 0.0 1.3694862424406691e-05 8.92701369985761e-07 5.936653062608488e-06 0.0 0.0 0.0 1.734771779611569e-05 0.0 2.481454725362561e-07 0.0 0.0 0.0 0.0 4.426343956904128e-07 0.0 0.0 1.097503852891671e-05 1.06912905877451e-06 0.0 0.0 0.0 1.7834653629127278e-07 0.0 0.0 1.8027830147031866e-06 1.7995558907179243e-06 8.024046398127303e-05 4.548319922637644e-05 7.069554324128571e-06 4.0258273673529725e-06 0.0 2.083678352203922e-07 0.0 1.5335487117745945e-06 6.230537725080656e-07 7.042551091383909e-08 2.1532856188685255e-07 0.0 1.0003494975967265e-07 1.1080634734254987e-07 7.622882099860043e-05 0.0 0.0 2.5682782680240578e-05 5.40783233081186e-06 4.615241637907293e-06 9.108479987249342e-08 1.1241133996112668e-07 1.777689704588944e-07 7.57628613467569e-07 2.0318005840925304e-07 1.7305182940868977e-07 8.18490558866361e-06 0.0 4.886600796340151e-07 3.194881933670864e-07 1.0756567701052878e-07 0.0 0.0 7.849306017842517e-07 1.6798865154577487e-07 1.6114467168639275e-07 5.7998035018876925e-08 0.0 0.0 2.4861705941039537e-05 5.756997969178121e-06 1.420086981100582e-07 0.0 0.0010922899789998436 2.6809937228462337e-07 2.2662789091379845e-06 4.41731635209964e-06 5.3218386621752895e-06 1.6419648336735455e-06 3.3807097174975196e-05 2.1439956153399877e-05 5.3525011797982135e-06 1.380526125248426e-05 7.242316046546754e-05 1.1969433558907163e-06 7.272758480939868e-05 9.656271218882464e-05 0.00014657305454912088 1.159213679850839e-05 0.0 0.0 0.0 7.368703713147748e-08 0.0 0.0 0.0 0.0 0.0 0.0 0.0 0.0 0.0 0.0 0.0 0.0 0.0 0.0 0.0 6.250468436377252e-06 4.4157523602561967e-07 0.0 0.0 0.0 1.0543612612543609e-05 0.0 2.13910492014163e-06 6.938067594943049e-07 8.899133983551545e-07 0.0 0.0 0.0 1.0713147543398391e-06 0.0 0.0 0.0 8.365721071387793e-08 9.579332165418034e-08 1.4093133943981311e-07 0.0 0.0 0.0 0.0 0.0 0.0 0.0 0.0 0.0 2.667835492643256e-07 1.2316819455534296e-06 0.0 7.706373249326778e-06 0.0 3.827338910265574e-07 0.0 0.0 0.0 0.0 0.0 0.0 0.0 5.767432067092475e-05 4.092406988096184e-07 0.0 0.0 0.0 6.730964278761171e-06 0.0 3.1512258250999037e-06 2.133611483612124e-07 3.316294995683695e-07 1.8083808491601286e-07 2.4964979060171256e-07 0.0 0.0 0.0 0.0 0.0 0.0 0.0 0.0 0.0 7.968076060995547e-05 8.993988303881931e-06 6.467881021387048e-06
0.0002741312478388062 0.0004928467414978871 0.0017103960152690465 3.7656059503622245e-06 0.0008842158217104522 3.6446131993073844e-06 4.8938468943888785e-05 0.0036587306535527985 0.0009327477319887434 1.0815875684019015e-05 0.0 0.00014895241779968685 0.0006410339619622218 0.0008616815833771759 3.9601730862058505e-05 3.633724565951689e-05 6.715702878434995e-07 3.542246126206509e-07 2.4963064360145983e-07 1.111352154704734e-06 5.607155060744796e-06 3.2970999532997394e-06 2.1270023382805974e-07 6.12594495976539e-07 7.148233321013555e-06 2.3817930672661205e-06 7.170559577750887e-07 3.096780350702506e-06 1.156262709869449e-06 0.0 0.00014177971531710966 0.0001818499978359013 0.0003513662561930123 1.7823137987020896e-07 3.96466259312292e-06 2.213823680596268e-05 0.00023737232607136513 2.4250611759097783e-05 1.9061463561216732e-05 3.1761019945103037e-06 4.073303445920929e-06 3.225519148564139e-06 2.176337428416085e-06 7.230114307547964e-06 3.351203157916399e-07 1.3423593094718017e-06 0.0001039528370918577 5.707653342963353e-06 5.913716615296652e-07 8.795471188662233e-07 2.0927958543574793e-06 5.340341337803852e-06 1.6346322997041331e-06 3.4373081223899436e-06 6.59302779834362e-06 4.465296221299326e-06 3.73427268338377e-05 5.538084385955712e-05 1.0750277668234365e-05 2.0686670684559987e-05 6.3542112682223435e-06 2.4314050560803443e-05 4.2436248507255045e-06 6.276292258187683e-05 2.5154418170941825e-06 3.6626768909751047e-06 5.010081603407307e-06 3.926704744089705e-06 8.618851543399937e-06 1.0190625744345151e-05 0.0002016464353796755 5.790957874664108e-06 3.8049241345137185e-07 8.268790459705215e-05 5.704327482824866e-05 9.528627913833728e-05 1.4996734584822326e-05 2.1294892280098356e-05 1.933435633823856e-05 0.00019135034170242015 2.763469775695989e-06 6.499933501460501e-05 2.5975055682946526e-05 0.0 2.6706946262520002e-06 3.6255716447658462e-06 1.8820713165359509e-06 2.78011655816097e-07 1.2447239154203456e-06 6.532051587763613e-07 6.57361398744896e-07 4.568756725324405e-07 2.1521437154733246e-05 3.236787906629802e-06 7.268615045761633e-07 7.022452826995721e-05 4.763714650195827e-06 6.71970148308386e-07 4.400084594474496e-06 4.0887968898034236e-05 3.295155397675053e-07 1.5564085087173396e-07 1.7470668468274548e-06 1.3922514712889098e-06 2.872657222338345e-06 1.5847214274633257e-05 3.378060717538942e-06 4.1392608827080455e-06 4.72669938241414e-06 9.622561096305503e-06 7.156639459094857e-07 3.333087223003624e-05 1.796141849599901e-05 7.287357999403986e-05 1.5004209236933354e-05 6.362613109143003e-07 5.477482899633713e-07 0.0 1.3497976571240445e-07 0.0 0.0 0.0 1.5311486883057854e-07 0.0 0.0 1.544312219795478e-07 1.3218668613612774e-07 2.8563335314698116e-07 0.0 0.0 9.576648466978704e-08 2.5304683018140004e-07 6.205749157874018e-07 3.637587896731929e-07 9.643293187522778e-06 2.0082495367830072e-06 0.0 0.0 2.0261942551032287e-07 2.8549727635170636e-05 2.1282427146357296e-07 1.1070188037364997e-05 5.10448767811712e-06 2.685383300508728e-06 0.0 1.2367975500235514e-07 0.0 0.0 5.959723239555313e-07 1.062472544886983e-06 0.0 2.8508511278534806e-07 1.6292084410035584e-06 0.0 0.0 0.0 1.9500622271179842e-07 3.639210963619799e-07 7.641364480915699e-08 0.0 0.0 9.003680409384116e-08 0.0 3.86922350344703e-07 1.2858941508617548e-06 1.8358888517153605e-07 2.520145976852425e-05 2.569837415738805e-06 2.3285494008038027e-07 3.7206400996586685e-07 0.0 0.0 0.0 1.1720342873186442e-07 3.0239096368834307e-07 0.0 6.158843860738807e-05 4.921139801913259e-07 1.8591822065960757e-07 0.0 9.77534630618092e-08 1.2893048777400603e-05 3.482052697386019e-07 8.640088117534616e-06 8.725465764181297e-08 1.2108934735927444e-06 5.251076170293811e-07 6.858406593943803e-07 7.925186515365159e-07 1.6646121363343337e-07 0.0 0.0 0.0 9.130903806372653e-08 3.508494517630763e-07 1.6691138019084042e-07 0.0 3.3343208480142054e-05 2.8275729814288294e-05 2.295937476567007e-05
0.00015504189760307455 0.00010757098580636047 9.803423658197805e-05 0.0006468892812620579 2.8251779106091732e-05 0.00019186315609084464 0.0004597252120595926 2.524841085755042e-05 5.7375855179075834e-05 0.0007828758376476802 0.00014895241779968685 0.0 0.0009219140133586351 0.00016499101668247343 3.3013557639063964e-06 3.3162030152407866e-06 0.0 0.0 0.0 0.0 0.0 9.949484344290261e-07 0.0 0.0 4.1398767051200826e-07 0.0 0.0 1.505861800147945e-07 1.5452816692154388e-07 3.4480569177809914e-07 6.049427621788089e-06 1.5438754124805922e-06 1.8736234567045215e-05 0.0 0.0 1.1219599171587414e-06 6.9340771031339e-05 3.085059049855626e-06 5.799855916021283e-06 0.0 1.3717192884752553e-07 1.6999175832302615e-07 8.278535486393472e-08 3.31573761216168e-07 0.0 0.0 6.196254615735681e-06 5.030171303410886e-07 0.0 1.9121762385853922e-07 1.303333188797453e-07 7.565093559218524e-07 9.422750866283073e-07 1.1368375479844117e-06 6.356951397299549e-07 0.0 8.323112790201671e-06 7.3200065050138375e-06 1.7181355548150015e-06 1.2641873276482332e-06 1.1313159023727747e-06 5.258753930290907e-07 0.0 3.336995017234743e-06 0.0 3.6212510150146864e-07 0.0 1.0568279717916392e-07 8.72858915757757e-08 9.182067459979502e-08 0.0001505613730614782 2.8455877983514415e-06 0.0 5.398298053970392e-06 2.7812663511181645e-06 6.387833806058601e-06 8.970334817002654e-07 1.1469288466130365e-06 0.0 1.6367729468060008e-06 8.019121698604913e-08 3.4715712926600635e-06 2.240671049898384e-06 9.346147273252514e-08 0.0 3.1862590478046167e-07 0.0 1.0695216221741534e-07 4.6521583765977765e-07 0.0 0.0 0.0 1.0545815421909816e-06 1.0668190885749675e-07 0.0 0.00020306223778601142 5.432344925505735e-06 5.051753278203868e-07 1.9694293492687053e-06 9.602207750216297e-05 4.315895140811248e-07 1.033622262772342e-06 2.2673221150481697e-06 2.5443130299361362e-06 1.4771686107506866e-06 2.647910136269924e-05 1.0585772267663871e-05 7.533745123699576e-06 1.1431468338289194e-05 5.410279435943506e-05 5.757470794058629e-07 6.0919809542018894e-05 3.643729309536598e-05 0.00011476997511203242 1.6694608160289126e-05 0.0 1.894223150468969e-07 0.0 0.0 0.0 0.0 0.0 0.0 0.0 0.0 0.0 0.0 1.4193681266220386e-07 0.0 2.1808978384837652e-07 0.0 8.162023183292227e-08 1.82223049188689e-07 0.0 9.403374769365787e-06 1.4968072336229056e-06 0.0 0.0 0.0 2.6784546241743847e-05 8.889933382169529e-07 6.036292536379228e-06 2.2716756876186566e-06 8.668008672458809e-07 0.0 0.0 0.0 0.0 3.9528297220195183e-07 0.0 0.0 0.0 3.252245847483326e-07 0.0 0.0 0.0 7.686403214956374e-07 0.0 0.0 0.0 0.0 8.047401880346232e-08 1.6301282017749807e-07 1.4891086988186943e-06 2.5674782683089715e-07 0.0 1.6863694502498904e-05 1.636459771734115e-06 0.0 1.369897267415378e-07 0.0 0.0 1.1239925302741673e-07 0.0 0.0 0.0 7.944981024132433e-05 3.594605874832406e-07 1.955777263668981e-07 0.0 0.0 1.2250117905196644e-05 1.0671550529429193e-06 1.1662869833946161e-05 4.1392344386425497e-07 3.7839944674589875e-07 2.477954628769135e-07 8.842366620414704e-08 0.0 0.0 0.0 0.0 0.0 0.0 4.026791278487518e-07 0.0 8.394921805975135e-08 6.0399233290242805e-05 2.1737269600803944e-05 1.4642926304076225e-05
0.00016075920317962719 0.0002472651635414104 0.00041606548125039264 0.0006656326126179707 8.847920547744035e-05 9.486345729138097e-05 0.0009440165278432246 0.00011192172741490063 0.0002302471770723787 0.002955884579890409 0.0006410339619622218 0.0009219140133586351 0.0 0.0013204259531150802 1.1217104311217675e-05 1.244464516600896e-05 8.168857165548546e-07 8.126666095626888e-08 0.0 3.457743927811121e-07 1.227046450555443e-06 1.38429699659891e-06 0.0 0.0 1.323829341571869e-06 2.257214787823242e-07 0.0 6.311817364834165e-07 4.783283395872336e-07 0.0 2.138522641777202e-05 1.1845790507519294e-05 0.00010248330520914493 0.0 4.392054174174699e-07 5.646602477792785e-06 0.00012365692556619322 2.401155070244917e-05 2.5142379921754288e-05 1.8896046944301642e-06 1.122179939267834e-06 1.1356705040165666e-06 2.822725244739605e-07 1.7889817259480732e-06 1.683023567463321e-07 4.508752645991756e-07 3.4212433020832296e-05 1.0472089616780426e-06 2.0116488964552332e-07 2.55414141592774e-07 7.038583234197991e-07 2.7388090630512996e-06 2.361241949503682e-06 2.759729006922514e-06 8.506980092714664e-07 8.812258305541767e-07 1.9696507353676848e-05 1.4817891947883461e-05 4.259066133065128e-06 5.386398124708452e-06 1.8944754480589434e-06 6.832926551845303e-06 9.3279381641718e-07 1.7854528159258315e-05 7.591264452528095e-07 1.1889363984622389e-06 1.54319427197942e-06 5.697312228994299e-07 1.7598755288948749e-06 2.6088992171911492e-06 0.0002936512750459031 1.3075356004785512e-05 4.4323793782769426e-07 2.1940903043963483e-05 1.6541682123291336e-05 3.4845047638983486e-05 6.500921390626698e-06 4.5046053496057495e-06 2.17870767736398e-06 3.3513529566869424e-05 3.331685504170206e-07 1.8623980269907006e-05 1.1653642320738051e-05 8.969628061931431e-08 5.653526469660714e-07 1.2053921287908227e-06 3.41628948727052e-07 3.0235585045986673e-07 9.721142894771733e-07 4.760388760120661e-07 5.713712663784041e-07 7.039648605723453e-07 4.610118437005149e-06 8.19092436399614e-07 0.0 0.0008655048613583716 1.6020249121214034e-05 2.4116102354726756e-06 1.028555236798953e-05 0.00012006711746810034 1.7750277414251471e-06 4.357573358019296e-06 7.870939221775588e-06 7.907971503569226e-06 3.8314678641995465e-06 7.106692148927575e-05 2.494498243828878e-05 1.7739863847285043e-05 4.16046956271939e-05 7.317388559992836e-05 3.673458878657796e-06 0.00019451992965668265 0.00010254557646170133 0.0003097044677286245 4.533147578315153e-05 9.207825227133782e-07 1.7627409367323673e-06 9.425490072312712e-08 2.1941990163238085e-07 0.0 0.0 0.0 0.0 0.0 0.0 4.1786679039512665e-07 1.4908450635588753e-07 1.4577476587109818e-06 1.5496368321719412e-07 4.1406276791593095e-07 9.703222612264861e-08 5.144836762956812e-07 6.378481980795437e-07 1.7209266448495583e-07 3.4388881122693305e-05 5.641484752807979e-06 1.4259861282207836e-07 1.0899630344856325e-06 4.84431517641073e-07 6.589638578473676e-05 1.0206406589690895e-06 1.6735745259570166e-05 8.279725082658682e-06 4.132130371420127e-06 8.677945653749569e-08 0.0 0.0 0.0 1.0170186639652597e-06 1.61450025801172e-07 0.0 3.8933814670069087e-07 1.1071029364040275e-06 0.0 0.0 2.0252458237258906e-07 2.504627934375892e-06 0.0 0.0 9.415466898336774e-08 9.864172171652916e-08 4.89114992402234e-07 4.1595833341456425e-07 3.4596385764989927e-06 2.259375218079769e-07 7.863014022661872e-07 5.824381689713932e-05 3.2331801440216e-06 3.6882017133543265e-07 1.4762431994313068e-07 0.0 0.0 0.0 0.0 0.0 1.48799047658309e-07 0.0001951740228433518 7.981701225413971e-07 2.1510012008709492e-07 0.0 2.1130951921849986e-07 2.6403332285749722e-05 7.96145935353444e-07 2.8875230057237292e-05 1.5454517532036774e-06 4.523272190491854e-06 1.6567296780651544e-06 9.747381706919333e-08 4.804896429968659e-07 0.0 0.0 0.0 0.0 1.2669434104800475e-07 0.0 0.0 0.0 0.00016552706387884747 5.3604722980337744e-05 4.281839457290022e-05
