0.0 0.0011708261078939989 0.0010585244682681126 0.0010359271604365044 6.648457102439878e-05 5.0074147445281836e-05 0.0007115080953594755 0.00032882688571206174 0.0005592336151067825 0.002422843675964523 0.00039362244998992075 4.927888193262956e-05 0.0002561271859696918 0.0002872835788495444 1.962465568205652e-06 1.1627885638354242e-06 1.5337045369727872e-07 0.0 0.0 0.0 0.0 0.0 0.0 0.0 1.5307790898923538e-07 0.0 0.0 0.0 0.0 0.0 0.0002609802972800008 1.672541064726804e-06 1.1023700041640574e-05 0.0 0.0 3.682107383855237e-07 4.674250226649117e-06 8.384844384128318e-07 1.6882981606007783e-06 1.7900871353870058e-06 0.0 6.79068424260112e-08 0.0 1.0103494686498186e-07 0.0 0.0 4.958620902624e-06 4.337227654706409e-07 7.395224619576762e-08 0.0 2.194065693277458e-07 0.0 0.0 0.0 8.963086322425699e-07 4.122473252575619e-07 0.00015452489264393375 0.00014827716708627336 1.53253906059138e-05 2.7176966161493436e-06 8.159086134389371e-08 1.265455555058853e-06 7.199343697575659e-08 3.2178163506495626e-06 1.402599419896757e-07 3.594354375371689e-07 9.422519898850423e-08 7.137360094224819e-08 0.0 0.0 7.2120983008843584e-06 1.3814285891894367e-06 0.0 1.685861433092734e-05 7.717060669699759e-06 4.736692994265028e-06 1.7407810209183206e-06 1.8551569453307014e-06 5.640204686789612e-07 2.910179357197911e-05 4.410129053887411e-07 9.456724759848972e-07 1.035528156216648e-06 0.0 2.3829235241739016e-07 2.640974066770627e-07 1.7441841775814555e-07 0.0 7.114424443709905e-08 7.57197986017021e-08 0.0 0.0 0.0 0.0 1.1874630180668593e-07 7.909995988573959e-06 2.076456077171001e-06 0.0 3.678877634372985e-06 0.000637192705126434 1.3577007609227854e-07 0.0 4.1924401169064793e-07 0.0 0.0 0.0 4.270827382742599e-06 7.577471129347733e-07 3.2831885890342877e-06 6.413386004006919e-06 2.3563820973359263e-07 9.361280941082029e-06 7.118720689973101e-06 1.3174176429268743e-05 1.0947621978087276e-05 9.091892985856874e-07 0.0 6.6556932578722e-08 2.48505676874638e-07 0.0 0.0 0.0 0.0 0.0 0.0 0.0 0.0 0.0 0.0 0.0 0.0 0.0 0.0 0.0 0.0 5.146006630775145e-07 0.0 0.0 0.0 2.8351817548805095e-06 7.200545288753885e-07 3.781642040220257e-06 2.1049723954476566e-06 8.660099516290685e-07 0.0 0.0 0.0 0.0 0.0 4.210334311507282e-07 0.0 3.1372848725565324e-07 1.0481004651324307e-06 0.0 0.0 0.0 1.9382515567944733e-07 0.0 0.0 0.0 0.0 0.0 0.0 0.0 3.1549509954747995e-07 0.0 6.886611054392042e-06 1.3847422031175244e-07 0.0 0.0 0.0 0.0 0.0 0.0 0.0 0.0 6.867014256735295e-06 2.0101039766540707e-07 0.0 0.0 0.0 3.1270699185681647e-06 1.174680975961069e-06 1.711601445871234e-06 9.92471976742997e-07 1.1166330663108286e-07 0.0 0.0 2.837420185373297e-07 0.0 0.0 0.0 0.0 0.0 1.8480446624669296e-07 0.0 0.0 5.807495284731499e-06 3.3052189410005947e-06 1.850733877674373e-06
0.0011708261078939989 0.0 0.0005181916217983336 0.00047981094939614964 0.001140096907615409 6.752175620693944e-05 0.0038053674290255486 0.0004628709614078419 0.002028647919350202 0.0008381757597422383 0.0007047271694010338 0.0004858293892768578 0.001531020466376845 0.0010567425026061475 2.802019912879926e-06 3.131143946926004e-06 6.409216648078557e-07 2.4403082146582763e-07 0.0 0.0 6.996416933708492e-08 0.0 0.0 0.0 8.522820168475006e-07 2.374954427579771e-07 1.473515674127877e-07 0.0 0.0 1.0285525847464216e-07 0.000343371697631425 1.0170739792004912e-05 5.59097339349579e-05 0.0 1.0475183214072146e-07 3.822043556813638e-07 1.3453855957782053e-05 2.090093478963994e-06 5.166376083147326e-06 2.3118656824907303e-06 0.0 0.0 0.0 3.229840234599459e-07 0.0 3.9782186968004983e-07 3.463575822599546e-05 4.234853678248078e-07 4.861065502960834e-07 6.00848172828944e-08 1.3577424393148943e-07 0.0 6.532658769713933e-07 0.0 2.0877172653475785e-06 1.6876894680531605e-06 4.9568262692910776e-05 0.00011922689709471112 2.3443339358793107e-05 8.58555939794108e-06 7.057815472712955e-07 4.935455372273749e-06 1.008106544411597e-07 1.9294542961340482e-05 1.3950739130106456e-06 1.1595040683749669e-06 5.464617067917965e-07 2.8375907847467127e-07 1.4134736571065932e-07 0.0 0.00014918595773260536 3.2416083949771992e-06 0.0 5.298909504932604e-05 3.835095449899653e-05 1.6590997845250227e-05 5.614534983891743e-06 5.114157664393434e-06 2.3861359442194335e-06 5.7916740686881775e-05 6.723403848344508e-07 4.570241103455785e-06 2.936129321272892e-06 7.165542834946343e-08 4.3065249694562526e-07 1.4055496703210656e-06 4.300075974700048e-07 9.024405390450918e-08 7.33664986998055e-08 0.0 6.14824053305285e-07 0.0 0.0 3.6888177930076636e-07 7.168126268514384e-08 4.0182338672338806e-05 1.8823915496374426e-06 0.0 3.687479966760373e-06 0.00028584854836968013 3.4262502528203926e-07 6.414921887226999e-07 4.0561601730615874e-07 2.5442379546163515e-07 5.46985839209138e-07 1.8983398897906393e-06 1.1947341426102736e-06 1.8543395349163126e-06 2.883554486458477e-06 1.9875149361827924e-05 3.7931092888743944e-07 3.544608589590586e-05 3.299672308503268e-05 5.7636669193459816e-05 5.610378824031739e-05 9.314151316121288e-07 4.762813425470707e-07 2.671316061574785e-07 0.0 0.0 0.0 0.0 0.0 0.0 0.0 0.0 0.0 0.0 0.0 0.0 0.0 0.0 0.0 0.0 4.5494565969724674e-06 0.0 0.0 2.130576027126034e-07 0.0 1.3283657336207863e-05 2.182182381456376e-06 6.642834734350032e-06 2.0937896378573724e-06 6.62312576227795e-07 0.0 0.0 0.0 7.873924455805387e-08 0.0 4.6067249640045786e-07 0.0 9.67205018728879e-07 2.9336900322672747e-06 0.0 0.0 0.0 6.149020639739444e-07 0.0 0.0 3.225347241255798e-07 0.0 4.58376888167639e-07 7.229209869292758e-08 1.2086790118559138e-07 1.7044140165531171e-06 7.76454844679841e-08 1.7139108211350467e-05 1.1372399162974941e-06 5.786063641300985e-07 0.0 9.825857054489731e-08 0.0 6.821134538550487e-08 7.209864201183894e-08 0.0 0.0 4.123000130126155e-05 2.327379489368479e-06 0.0 0.0 6.507812055240827e-08 5.246241640813287e-06 2.9474826030274636e-07 7.535862731867413e-06 1.2255409925035664e-06 8.555650896019417e-07 1.059070449830426e-06 0.0 4.410767328692286e-07 1.4062422367156622e-07 0.0 0.0 0.0 2.0155459838523493e-07 0.0 0.0 0.0 4.0232297094382275e-05 8.169653994678927e-06 5.599142570815012e-06
0.0010585244682681126 0.0005181916217983336 0.0 7.085634144845119e-05 0.00016082932850435707 5.923504191109463e-05 0.00039073783705092434 0.0021563424391328463 0.0010944966324828132 0.0001041101832255759 0.0010627825584239887 5.6016978943444896e-05 0.0005710130036057521 0.001503268899708772 7.487411945748795e-06 8.024683122093135e-06 1.2177013966277765e-06 1.4885496028930485e-07 0.0 7.612426076055699e-08 8.13554881084551e-08 0.0 0.0 1.0176582290946795e-07 3.2618437369382e-06 3.285453750104871e-07 5.162954005120916e-07 0.0 2.0213619057684085e-07 1.0150271004042397e-07 0.0035525977817254415 5.9443249941449936e-05 0.00014837383004501515 0.0 3.6240596622278174e-07 1.9293629283241463e-06 2.944165296957903e-05 5.580495000105412e-06 5.222273500578418e-06 4.978976538452511e-06 0.0 6.292932053865243e-08 0.0 1.4317606313816057e-06 6.363730793832897e-08 3.4105612525449543e-07 5.9151997169550555e-05 5.434827672186331e-07 8.432285801066599e-07 2.3250559910837978e-07 5.490144989073534e-07 1.5146924213493457e-07 7.880076562526371e-08 0.0 3.3980163949611176e-06 1.5027879005539934e-06 6.556723726660074e-05 0.0001902136996068654 2.9121622251914245e-05 1.3894303252919022e-05 8.890487395557714e-06 2.1151219695137734e-05 1.3693707107134042e-07 5.028802144935302e-05 1.774413527913225e-06 1.354794166263925e-06 9.970794383804164e-07 6.115549945184762e-07 3.1711546768870824e-07 0.0 3.5885630142500645e-05 1.775363688707053e-07 0.0 7.631812015519224e-05 7.087690042782749e-05 2.947835036764625e-05 1.1670659633177316e-05 9.108971581329797e-06 0.00026245636035625666 0.00037120138373936 5.288543334843493e-06 8.487016554438799e-05 4.0956373757316755e-06 7.129948234599477e-08 1.3770838267708539e-06 1.6527959860055573e-06 3.2517883265813407e-07 1.4395564962828176e-07 6.117460319725943e-07 1.634005436475026e-07 7.612147614256989e-07 2.105609479441328e-07 3.095048366038556e-07 3.1437827532463393e-07 2.4256891269117084e-07 5.187068132541861e-06 3.1754302155702e-06 1.2485988891896228e-07 9.040206966257044e-06 0.00026597596727424605 2.3515502868678388e-07 5.0567945651964e-07 0.0 9.637391752570409e-08 0.0 4.2948298246075466e-07 2.4397544247745487e-07 1.8009032046032838e-07 4.4612119088105773e-07 2.9118043074553004e-06 3.835298977709806e-07 9.09342491433028e-06 7.320898176628981e-06 1.842567758232972e-05 1.6643523787863614e-05 4.960835739386396e-07 3.839901400335608e-07 0.0 1.9981778144319588e-07 0.0 0.0 1.1451427160447468e-07 0.0 0.0 0.0 0.0 0.0 0.0 0.0 0.0 0.0 7.026578301255418e-08 8.32664768575196e-08 0.0 1.2691185905985011e-06 7.99508322829591e-08 0.0 2.45268907873716e-07 0.0 4.148996171700527e-06 1.7650949977962872e-06 3.872242400505309e-06 2.191572259966663e-06 1.5646149874407516e-07 6.912009101917342e-08 0.0 0.0 0.0 2.855925454144124e-07 3.5122240013436506e-07 0.0 8.887668300452571e-08 6.598679724437557e-07 0.0 6.840656948111605e-08 0.0 3.423052172648717e-07 0.0 0.0 5.950316680421377e-07 0.0 1.0730939564874643e-06 0.0 0.0 5.709076568882063e-07 3.3595800552939714e-07 5.702528285541227e-06 7.043803071937243e-08 3.2828606646986565e-07 0.0 0.0 0.0 0.0 0.0 6.686772176788269e-08 0.0 1.632537224548648e-05 1.288103687342487e-06 1.0812381462004452e-07 0.0 5.540412702391024e-08 3.4242594609184364e-06 1.3197361893171795e-06 4.060439647689102e-06 1.077503567977198e-06 5.853162906906173e-07 9.079956231682483e-07 9.148351914642233e-08 3.721809718784416e-07 8.851809841412802e-08 0.0 0.0 0.0 7.458069367450283e-08 1.2104672342373642e-07 0.0 7.188638304859571e-08 1.307473534559458e-05 4.199524986042871e-06 4.069858607062455e-06
0.0010359271604365044 0.00047981094939614964 7.085634144845119e-05 0.0 3.977827017686538e-05 0.00016682179513812423 0.0004304291098140842 6.7392107639987645e-06 3.818620937908244e-05 0.0010834545597598279 5.023672815928798e-06 3.143040623409241e-05 0.0003557537540758345 6.37806145833167e-05 0.0 0.0 0.0 0.0 0.0 0.0 0.0 0.0 0.0 7.051450586832255e-08 0.0 0.0 0.0 0.0 0.0 0.0 2.323059373608087e-05 4.876334961647128e-07 5.6716219214359174e-08 0.0 0.0 0.0 0.0 0.0 3.2767642127328504e-07 9.315492294884555e-08 0.0 0.0 0.0 0.0 0.0 0.0 2.2185701560759327e-06 2.3013933189922392e-07 0.0 0.0 0.0 0.0 0.0 0.0 5.618928086977746e-07 3.131808895901828e-07 1.5948221216226703e-05 3.052120818617809e-05 4.31590283957567e-06 9.92310690766675e-07 7.038972138908988e-08 1.4120454984284038e-07 0.0 2.277955265230726e-06 2.6443445638696606e-07 2.817422830164955e-07 2.3386233418409102e-07 7.163254597208129e-08 5.942674994233832e-08 0.0 6.763711203108858e-06 0.0 0.0 1.0716710599413073e-05 5.413280344581148e-06 9.622346793133037e-07 1.648119620271469e-07 3.022044181048443e-07 1.3216457553602274e-07 3.405744859948233e-07 0.0 1.8894334994311025e-07 4.3425804137387273e-07 0.0 3.8844485819818363e-07 0.0 6.298295091478472e-08 8.102158464709902e-08 1.1891220687699066e-07 0.0 6.012299218309562e-08 0.0 0.0 6.244403363624231e-08 0.0 5.078798123910638e-07 0.0 0.0 0.0 0.00023575725553068435 0.0 0.0 0.0 0.0 0.0 0.0 0.0 2.0282341398959135e-07 0.0 9.878604099406404e-07 9.837108465479591e-07 9.321374964902264e-07 1.03247040374412e-06 1.6893522040035098e-06 1.4606397208901521e-06 0.0 0.0 0.0 0.0 0.0 0.0 0.0 0.0 0.0 0.0 0.0 0.0 0.0 0.0 1.211520287386569e-07 0.0 0.0 0.0 0.0 0.0 4.995210823712715e-07 0.0 0.0 0.0 3.9507741336763633e-07 0.0 4.931976617901498e-07 1.2358745074157734e-07 0.0 0.0 0.0 0.0 2.4968661061220385e-07 0.0 0.0 0.0 0.0 0.0 0.0 0.0 0.0 0.0 0.0 0.0 0.0 0.0 0.0 0.0 0.0 0.0 0.0 0.0 0.0 0.0 0.0 0.0 0.0 0.0 0.0 0.0 0.0 6.450843396586259e-07 6.315662508807578e-07 0.0 0.0 0.0 0.0 0.0 1.2599085997890143e-06 0.0 0.0 0.0 0.0 0.0 0.0 0.0 0.0 0.0 0.0 0.0 0.0 0.0 1.3560042748759679e-06 4.5976759269977626e-07 6.981446995376919e-07
6.648457102439878e-05 0.001140096907615409 0.00016082932850435707 3.977827017686538e-05 0.0 2.6927973054256215e-06 0.0007195819002647306 5.1410444396419116e-05 0.0012054850302182381 0.00012445348701640147 0.0002873825216727415 4.6226357196492336e-05 0.0002423340295560188 0.00040757306347377663 2.0938866325635806e-07 0.0 1.4187705733609128e-07 0.0 0.0 0.0 7.123952813563115e-08 0.0 0.0 0.0 0.0 0.0 3.8833318517704005e-07 0.0 0.0 0.0 3.325776477615111e-05 1.7347938164792596e-06 6.532027758857398e-06 0.0 0.0 0.0 1.3768957726121715e-06 0.0 1.2258303282887885e-07 0.0 0.0 0.0 0.0 1.6015249954471524e-07 0.0 0.0 6.482615831412174e-06 1.297012948183766e-07 0.0 0.0 9.6045485528455e-08 0.0 0.0 0.0 2.483760288717546e-07 1.356674344339966e-07 3.5851835497159295e-06 7.538239089634659e-06 1.6048193119663222e-06 1.08202719023849e-06 0.0 2.752221905640367e-07 0.0 1.8670007347546953e-06 2.1871667599092934e-07 1.458204349026651e-07 0.0 0.0 0.0 0.0 1.063640458575279e-05 0.0 7.221672661119719e-08 4.755581547557576e-06 4.43088699901347e-06 1.4965345247413254e-06 3.6143517305800307e-07 2.9456842900879235e-07 3.385703946119566e-07 1.5721625055318389e-06 6.628779671196111e-08 1.4839149030162147e-07 3.0076130534491475e-07 0.0 6.8717834994758e-08 7.257146926860795e-08 7.09996987593219e-08 0.0 0.0 0.0 0.0 0.0 0.0 6.752853424163334e-08 0.0 5.128208992160634e-06 1.799925548605519e-07 4.371846479283725e-07 8.106219130912555e-08 9.338718459461039e-06 0.0 0.0 0.0 1.1511993071723857e-07 2.450032880337181e-07 0.0 7.817824963980553e-07 1.0738879580605702e-07 7.07082834416933e-07 1.0837645461792847e-06 1.0253478611017186e-07 3.3251134665278333e-06 2.107550451563002e-06 4.312188166701798e-06 4.132041502069279e-06 0.0 9.123877610704332e-08 7.230180067051935e-08 0.0 0.0 0.0 0.0 0.0 0.0 0.0 0.0 0.0 0.0 0.0 0.0 0.0 0.0 0.0 0.0 0.0 0.0 0.0 0.0 0.0 2.302808504095741e-07 0.0 8.04641352125223e-07 6.303512724776373e-08 0.0 0.0 0.0 6.561345286248653e-08 0.0 0.0 0.0 0.0 1.1802655044580796e-07 1.6129813513124953e-07 0.0 0.0 0.0 0.0 0.0 0.0 0.0 0.0 4.164620385579088e-07 0.0 9.780310406198443e-08 3.293893593169878e-07 0.0 1.1954725207653395e-06 0.0 0.0 0.0 0.0 0.0 0.0 0.0 0.0 0.0 3.186585390212563e-06 0.0 0.0 0.0 0.0 1.312692108598209e-07 9.366010266577529e-08 8.914087011062353e-07 1.5470650626261996e-07 5.414070516756122e-07 9.306063577126765e-08 0.0 0.0 0.0 0.0 0.0 0.0 0.0 0.0 0.0 0.0 4.153596789307242e-06 5.593128222147948e-07 8.198125939569697e-08
5.0074147445281836e-05 6.752175620693944e-05 5.923504191109463e-05 0.00016682179513812423 2.6927973054256215e-06 0.0 6.790956650064976e-06 4.852843296311766e-06 1.6320871129556934e-05 0.00037732064647719046 3.8035826488938413e-06 0.00012161357327236879 9.933124074808445e-05 3.919626800149704e-05 0.0 2.3127855590754344e-07 0.0 0.0 0.0 1.901356339916701e-07 0.0 0.0 0.0 0.0 0.0 0.0 0.0 0.0 2.424545008042601e-07 0.0 1.0756983959651291e-05 1.472967775625892e-07 5.518618463216588e-06 0.0 0.0 9.56247318188558e-07 4.402680780508963e-06 0.0 6.57721015053651e-07 4.009133910513275e-07 0.0 0.0 0.0 0.0 0.0 0.0 3.154638626893939e-07 0.0 0.0 0.0 0.0 1.9559476380156407e-07 2.4689923495705887e-07 9.413985542980454e-08 0.0 0.0 0.00022752932546066118 4.4205619388608057e-07 1.21043150990127e-06 0.0 1.3827838827568502e-07 1.180344724740224e-07 0.0 0.0 0.0 0.0 6.907770440776958e-08 0.0 0.0 0.0 3.68346719999825e-05 1.7363626450581316e-05 2.283496949594133e-06 0.0 0.0 0.0 9.06423802519543e-08 0.0 0.0 4.354585608220163e-07 0.0 1.264416246377903e-07 0.0 1.827472208121752e-07 0.0 1.574879027920398e-07 0.0 4.926644729402371e-07 1.5387448020756957e-07 9.425757338466075e-07 0.0 2.8720808763655424e-07 0.0 0.0 0.0 0.0002379775856179745 7.269765333958478e-05 3.7498565064711077e-06 2.2424218036379995e-06 0.0003082420755349106 0.0 1.5350482734041018e-07 1.6611683414124842e-07 0.0 0.0 1.1156084672819508e-07 1.3782857501227317e-06 1.36425072393416e-07 4.6473978100643053e-07 1.97331346341819e-06 3.8060431907457194e-07 3.7188033968210086e-06 3.584805178857278e-06 6.596848413492836e-06 4.2306027893568665e-06 0.0 0.0 0.0 0.0 0.0 0.0 0.0 0.0 9.314344102187644e-08 0.0 0.0 0.0 0.0 0.0 0.0 1.316343386444084e-07 2.2503852971520476e-07 0.0 0.0 3.101747055101774e-07 0.0 0.0 0.0 0.0 1.0770095693507234e-06 6.476418511470036e-08 2.558433238923155e-06 2.9605440470460705e-07 6.84791776273697e-08 0.0 0.0 0.0 0.0 7.751049661696887e-08 0.0 0.0 2.8136386828585205e-07 0.0 0.0 0.0 0.0 2.418715109763473e-07 0.0 0.0 0.0 0.0 0.0 0.0 0.0 8.926331433247073e-08 0.0 1.3573576756803104e-06 0.0 0.0 0.0 0.0 0.0 0.0 0.0 0.0 0.0 3.852165082324677e-06 1.5225795399932817e-06 0.0 0.0 0.0 8.038805428475469e-07 3.1390578024151633e-07 6.888812914446039e-07 3.250976067992262e-07 5.623322117643e-07 2.9422674767005167e-07 0.0 8.642356178667042e-08 2.492454087940188e-07 0.0 0.0 0.0 0.0 0.0 0.0 0.0 3.495035274636716e-06 4.795886639780641e-07 9.031876351916498e-07
0.0007115080953594755 0.0038053674290255486 0.00039073783705092434 0.0004304291098140842 0.0007195819002647306 6.790956650064976e-06 0.0 8.828567280619537e-05 0.00030806598234147417 0.0007564644160473557 0.00017470155434319757 0.00014748374229824176 0.0009206996985901839 0.0002075056795100419 8.279148295110364e-07 7.48487365019278e-07 5.780664127260375e-07 0.0 0.0 7.43648309405133e-08 0.0 0.0 0.0 0.0 7.446386256062155e-08 0.0 0.0 7.251250531177114e-08 1.473342567783507e-07 0.0 0.00015165651378650622 9.817621874265983e-06 3.044757331623767e-06 1.319820993877124e-07 0.0 9.337402594279309e-08 2.038486128112699e-06 2.6336226251452757e-07 5.415769365623064e-07 3.4313392158340814e-07 0.0 0.0 0.0 4.218068316900206e-07 0.0 3.357482974090995e-07 4.8207307632992676e-05 7.895215972094429e-07 4.904562702497275e-07 5.979142647215409e-08 7.392444200766014e-07 0.0 7.09381212852656e-08 0.0 2.8480580340244584e-06 2.252497739819544e-06 4.460302681211743e-05 9.874725542080816e-05 2.2457102030789757e-05 1.3478159725020806e-05 7.517372893502807e-07 9.685092766350974e-07 6.806444315503102e-08 1.7873510360622676e-05 1.9714639079923513e-06 1.6873102197546742e-06 8.894293284569745e-07 3.6991969661283705e-07 3.520237972717857e-07 7.165662542809394e-08 3.6352241258243086e-05 0.0 0.0 6.141701306771328e-05 5.331147130781762e-05 1.5849039356482883e-05 4.5285745818538975e-06 2.707761164352631e-06 2.5214171641094063e-06 3.0832183712222375e-06 5.596901652153554e-07 2.088297369025181e-06 5.022245070900816e-06 7.6846130511891e-08 1.4020764469534817e-06 1.5881643444451922e-06 5.433239255389911e-07 8.839448594381635e-08 5.627796810098699e-07 6.312306552140078e-08 6.525887629190147e-07 3.7097781384336906e-07 0.0 0.0 5.23651317080596e-07 6.749191880271404e-06 1.6835341574295673e-07 0.0 1.4436964454418903e-06 0.00016456784524164706 0.0 2.6341897019750583e-07 0.0 0.0 8.68815020231721e-07 0.0 0.0 0.0 3.9917117158688267e-07 3.714349581165929e-06 3.752338608273191e-07 5.604278790231183e-06 5.441831052231865e-06 1.1448376903818095e-05 1.2505769644814146e-05 6.333853278072232e-07 4.109689518264436e-07 1.1301989128853697e-07 0.0 0.0 0.0 0.0 0.0 0.0 0.0 0.0 0.0 0.0 0.0 9.207273252972829e-08 0.0 1.1829291610966475e-07 8.870182804791542e-08 0.0 9.395426437008391e-08 0.0 0.0 0.0 0.0 3.4671354581222e-06 7.752941233955914e-07 3.14606817064223e-06 1.15793662552429e-06 3.3117058724947606e-07 0.0 0.0 0.0 0.0 0.0 4.6841793984835903e-07 0.0 1.4222335776881458e-07 5.894537830181553e-07 0.0 0.0 0.0 1.810261288454448e-07 0.0 1.2709314878415657e-07 2.1963399546526038e-07 7.198340282451343e-08 2.5561752728592093e-07 0.0 0.0 3.045953664430417e-07 3.583171091317504e-07 5.085188988277848e-06 0.0 0.0 0.0 6.747195190720278e-08 0.0 6.995786430513574e-08 0.0 0.0 0.0 1.1457351389776169e-05 3.135325862778845e-07 0.0 0.0 0.0 1.1248942312885208e-06 4.714368468059557e-07 2.3324611382944096e-06 1.1914743094765753e-06 7.86807976639763e-07 1.8931027021192978e-07 0.0 4.82855704653255e-07 0.0 0.0 0.0 0.0 7.523481253580644e-08 8.554094505776938e-08 0.0 0.0 8.079006957728425e-06 2.9951614489173698e-06 1.9832894466678e-06
0.00032882688571206174 0.0004628709614078419 0.0021563424391328463 6.7392107639987645e-06 5.1410444396419116e-05 4.852843296311766e-06 8.828567280619537e-05 0.0 0.0007714005744996455 2.1727461948053696e-05 0.0004499059781451008 3.917666975606456e-05 0.0005562267401807913 0.0022420958888965527 1.6111588931089557e-05 1.4429323369904391e-05 3.2867669140254026e-06 3.7736966846410604e-07 4.298544779515651e-07 2.981439023204472e-07 2.2965566199307907e-07 0.0 4.123332579544357e-07 2.333694636945453e-07 7.931409362453644e-06 2.4930625924649853e-07 8.301628867722864e-07 6.046200986519775e-07 1.6295670950981603e-07 1.1418021772486139e-07 0.0032345687836202374 0.0009543981800919078 0.00016462803367830686 1.987491662717942e-07 1.8019068077504221e-06 8.575289240452298e-06 2.814367372824335e-05 8.241366042967385e-06 7.335950343607842e-06 6.738040347004351e-06 3.598803371375109e-07 1.5584714670952856e-07 0.0 2.88580275054483e-06 2.2866055747747442e-07 1.3655223536134126e-06 0.00023320199799721714 2.572196609739157e-06 9.553372062557197e-07 5.82114656887615e-07 1.4070135125970711e-06 1.8832390875752713e-07 5.895835689044411e-07 0.0 6.782999530524578e-06 4.330319608498827e-06 9.501054831543157e-05 0.00026258941870767615 4.357394062487089e-05 3.5223319327419946e-05 2.320832660697539e-05 3.640477915910791e-05 6.262700804502977e-07 0.00023749507408282866 4.220729786206616e-06 2.8296970163623217e-06 1.7790063739099827e-06 1.2569288705200006e-06 2.417103503485729e-07 1.2586441964535375e-07 3.471998643958519e-05 1.5933349532354238e-06 2.1294681966614854e-07 0.000165740303092173 0.0001545798819362065 9.396858473343899e-05 4.057120072497457e-05 0.00016563008794984836 0.0004637560561835195 0.0015464527773855132 2.375585794112811e-05 0.0004906445406847946 1.1684122305362251e-05 3.742982279301695e-07 2.529719778718108e-06 4.459116494743286e-06 1.1058235026841764e-06 2.894526602081783e-07 1.441168860919276e-06 1.3167169251162212e-07 1.341092711363058e-06 6.419176906352858e-07 4.991587811964346e-07 8.936448377205995e-07 5.076398576662068e-07 3.706637192130056e-06 2.5917139176143827e-06 7.663262182362722e-07 6.077245704084606e-06 0.00011224838324281545 5.588419942673615e-08 0.0 0.0 0.0 7.163564208120941e-08 1.0631434565976008e-07 0.0 9.082444275005721e-08 5.479701512147859e-07 1.774214110908694e-06 1.421230914655115e-07 2.8356322011540874e-06 3.0938945890638484e-06 1.0370869694465587e-05 1.0943037467768939e-05 6.085619908382611e-07 7.225774128274649e-07 2.9617922678840397e-07 1.5614494352172042e-07 0.0 0.0 9.129451860620427e-08 0.0 0.0 0.0 1.1303159884289195e-07 0.0 0.0 0.0 9.294074615282253e-08 0.0 2.0873280205024143e-07 1.6849726573629417e-07 0.0 3.9143526716346137e-07 7.398820869410197e-08 0.0 3.4055357158964007e-07 9.892115043317051e-08 3.82987089046775e-06 1.200702469558051e-06 6.310210987654528e-06 3.249686776702639e-06 5.546367886543575e-07 0.0 0.0 0.0 8.309973195194526e-08 6.733345241662381e-07 7.862190014186977e-07 9.854379489775515e-08 6.195191774495364e-07 5.059720450996751e-07 0.0 0.0 2.3562324938442502e-07 3.694165851469444e-07 8.323652482204733e-08 0.0 9.219286031041397e-08 0.0 5.452336231980144e-07 3.810623489352853e-07 0.0 1.1934914057712658e-06 4.000504791141246e-07 5.2315946066080106e-06 4.1570844308915247e-07 2.4849399438999256e-07 1.7885976750015647e-07 0.0 0.0 0.0 2.1786424319231383e-07 7.686229420711657e-08 1.1365741400212547e-07 1.4916321204781452e-05 1.656562421562202e-06 0.0 0.0 0.0 1.3586004814610192e-06 7.32039999762844e-07 3.3119507408826874e-06 3.456392254016698e-07 4.878929425887367e-07 8.866271930103386e-07 0.0 5.96895362784156e-07 0.0 0.0 7.680922163202153e-08 0.0 0.0 3.6818077381519664e-07 1.3336092714495534e-07 7.168423344572427e-08 8.710013633889983e-06 5.240362073172134e-06 4.132812075998822e-06
0.0005592336151067825 0.002028647919350202 0.0010944966324828132 3.818620937908244e-05 0.0012054850302182381 1.6320871129556934e-05 0.00030806598234147417 0.0007714005744996455 0.0 0.00026907955793071766 0.0010415472072530024 0.00012578162440382638 0.0006591223334239251 0.0006861371684465136 1.957587328635497e-06 1.4484154923564703e-06 7.279377867840555e-07 7.803749324862527e-08 0.0 0.0 6.589309293754445e-08 0.0 0.0 0.0 7.920487054075766e-08 0.0 7.219544242779819e-08 0.0 0.0 0.0 0.0002632232552369819 1.6417295412129097e-05 1.0991548703224686e-05 0.0 0.0 1.1925268486967346e-07 4.4473000563724e-06 1.0103977278406825e-06 1.035917726968037e-06 0.0 0.0 0.0 0.0 6.384710944329459e-07 6.988545044913101e-08 5.156801647702837e-08 5.856351775213079e-05 6.432042806637057e-07 2.1051177997629848e-07 1.1583409153288916e-07 4.5220467553960457e-07 0.0 0.0 0.0 2.989641305701884e-06 1.3575522730331824e-06 2.776495425647822e-05 4.821266232239262e-05 1.3385668278202351e-05 8.292599917820817e-06 3.993143384306352e-07 7.786077811956709e-07 2.048598076931996e-07 1.332997828754799e-05 1.0702366551449862e-06 5.635560523097427e-07 8.394325434904772e-07 4.7549897331919057e-07 6.982217450225341e-08 0.0 5.701615447277476e-05 6.884895333610581e-07 0.0 4.1920981920781845e-05 3.4723725342333335e-05 1.9557194065137074e-05 4.449448329922256e-06 3.454172130679303e-06 1.3789964983241718e-06 2.779802052021118e-06 7.372303697516201e-07 1.501138821327915e-06 3.1983007475145854e-06 1.540849592214355e-07 1.0090449099070865e-06 1.352354056225321e-06 1.796696820713931e-07 6.389964364637727e-08 8.553710813872432e-07 0.0 6.448313862893728e-07 2.0935736999142536e-07 0.0 1.5577110401306795e-07 8.356453063423426e-08 9.715929818976835e-06 6.008661603455386e-08 0.0 1.3623616837157978e-06 7.236981091296236e-05 8.557159277768131e-08 9.001902693819747e-07 3.774890880254973e-07 1.759735419802975e-07 9.175996534048487e-07 2.0407060696947003e-07 1.5923931030503083e-07 7.856758097546788e-07 1.639987583100187e-06 5.583798554812546e-06 5.05007663513111e-07 1.2102334717307635e-05 1.1080146391699172e-05 2.4498717197094056e-05 2.0525265981886968e-05 7.963083498948455e-07 6.561654583790096e-07 0.0 7.353511129874052e-08 0.0 0.0 0.0 0.0 0.0 0.0 0.0 0.0 0.0 0.0 1.46503170837408e-07 0.0 7.37412281831466e-08 6.795911903782836e-08 0.0 4.596815785263464e-07 5.470469027541488e-07 0.0 0.0 0.0 5.3320923095975615e-06 1.0280163561942272e-06 4.376237507851262e-06 7.307367697147173e-07 2.2525784580168337e-07 0.0 0.0 0.0 8.339903921413689e-08 2.9118335387366237e-07 3.4096109225305866e-07 0.0 7.522092454346433e-07 1.1423952513671893e-06 0.0 8.396814042296481e-08 0.0 7.886900537463012e-08 0.0 0.0 3.1478578345319786e-07 1.6972622050248284e-07 5.113003925023291e-07 3.71274601599752e-07 0.0 5.8614112173903e-07 3.5514922542521546e-07 1.1046753883301113e-05 8.100062010249665e-08 6.639820747322932e-07 7.069758368966185e-08 9.251251790932425e-08 7.378507510513111e-08 0.0 0.0 0.0 0.0 2.224417776759477e-05 5.586789471439443e-07 0.0 0.0 0.0 4.783061709669257e-06 5.863552860001982e-07 6.07610057615969e-06 9.088143058703961e-07 6.543371871365705e-07 1.0657359215285037e-06 0.0 2.755966004085812e-07 9.313751203557037e-08 0.0 0.0 7.72190361738631e-08 6.80294583753687e-08 6.660870152892097e-08 0.0 0.0 1.562727008924588e-05 6.418165700816302e-06 2.62969502269343e-06
0.002422843675964523 0.0008381757597422383 0.0001041101832255759 0.0010834545597598279 0.00012445348701640147 0.00037732064647719046 0.0007564644160473557 2.1727461948053696e-05 0.00026907955793071766 0.0 5.3016866145416927e-05 0.0007526840975154449 0.006626849983715327 0.0007669642366281578 4.6232182005620425e-07 8.359582264568141e-07 3.863993955271495e-07 0.0 0.0 0.0 0.0 0.0 0.0 0.0 7.204554436703437e-08 0.0 0.0 6.212022073297587e-08 0.0 0.0 0.00011693058157017698 7.259411060073287e-06 1.1758730049253348e-05 8.530483226589936e-08 1.002971891852272e-07 0.0 2.238785766295297e-05 1.7737948952257752e-06 2.985169922447845e-06 3.2569938637443886e-07 0.0 0.0 0.0 2.48159382709342e-07 0.0 2.0727051096251422e-07 4.209619251315801e-05 1.247762851981046e-06 2.9455227784842166e-07 3.432718300555847e-07 4.2934511159314236e-07 0.0 0.0 0.0 3.2905209400758254e-06 2.04012522959438e-06 0.0001492140876138443 0.0001685620986249478 3.802053970081539e-05 1.303800754423711e-05 7.121365368841547e-07 1.1685815845718201e-06 0.0 1.3808925022811012e-05 1.4404544619413847e-06 1.6852782884593646e-06 1.009676961156568e-06 6.229210367552032e-07 2.879793948551002e-07 0.0 0.0003813021339256738 2.809066368953876e-06 0.0 7.304281165901579e-05 5.352302652044209e-05 1.318305565033057e-05 2.447813433881942e-06 2.205167112195141e-06 2.1614748327139172e-06 8.115226853038051e-06 9.494794617967215e-07 2.473805282547393e-06 5.301591090800692e-06 2.571879879028836e-07 7.528080417144207e-07 2.488868254571067e-06 3.536362872567912e-07 3.2754582062143924e-07 8.775197373128676e-07 4.5023614553971963e-07 5.291210451101978e-07 3.2664421358756203e-07 3.61395437568383e-07 6.977079413255228e-08 0.0 0.00020841391112692088 1.0674733062994643e-05 0.0 6.3578786900585445e-06 0.001681757966747549 5.098988578556707e-07 6.883681007019908e-06 1.910786417706235e-06 4.443031606149656e-06 4.061126012464301e-06 4.201031211796566e-06 1.4804196089030939e-05 8.882751108821223e-06 1.1514908378106782e-05 5.6672468278025055e-05 6.980771905703586e-06 0.00010729741682759939 8.637117390294743e-05 0.00013996509192754992 0.00013910908597457089 4.282281488601511e-06 1.3924876967048454e-06 7.341304312253646e-07 2.5230702200181594e-07 0.0 0.0 0.0 0.0 0.0 0.0 0.0 0.0 0.0 0.0 6.185930773094392e-07 0.0 6.418183456438084e-08 0.0 0.0 5.666435769425771e-06 1.539981942102049e-06 0.0 2.567185951963215e-07 0.0 3.800370653153143e-05 1.0841344904818171e-05 2.5148464170553374e-05 4.082248113923703e-06 8.769045203733416e-07 0.0 0.0 1.0089081483741216e-07 0.0 6.792125186831174e-07 1.5410443274506301e-06 0.0 2.3741130630579175e-06 6.564745089838137e-06 0.0 0.0 0.0 5.391264727336622e-07 0.0 0.0 5.187667160716452e-07 1.3528393681974408e-07 1.7851370397618833e-06 1.4319318512303324e-06 0.0 2.6855168298805495e-06 1.0193673502751054e-06 4.853707640356126e-05 2.3781701944315265e-06 2.079113140475959e-06 6.971856452644051e-07 9.810180338371973e-08 2.2046914896657584e-07 0.0 1.5680465292825133e-07 0.0 0.0 0.00010561193554343449 3.796023529794664e-06 0.0 0.0 1.0519147336948759e-07 2.2143661162044223e-05 2.31976091745313e-06 2.8915327548058416e-05 7.111737265416362e-06 5.99702589262057e-06 2.5182716770546304e-06 2.1843323158744877e-07 3.136796790381509e-06 6.774449600097556e-07 0.0 0.0 0.0 8.225674416639873e-08 1.3856640163372908e-07 7.149514516152289e-08 7.668029438328747e-08 8.423338095199005e-05 2.315340578634684e-05 1.4084879775357504e-05
0.00039362244998992075 0.0007047271694010338 0.0010627825584239887 5.023672815928798e-06 0.0002873825216727415 3.8035826488938413e-06 0.00017470155434319757 0.0004499059781451008 0.0010415472072530024 5.3016866145416927e-05 0.0 4.125901332290493e-05 0.0009264194882231131 0.002052725801016433 4.74638313268647e-06 5.545940573344475e-06 9.686422275722122e-07 8.00905081696582e-08 7.771188786112674e-08 7.166845206356918e-08 0.0 0.0 0.0 0.0 3.1347020030569557e-07 1.1365619812121281e-07 1.5864793465927711e-07 0.0 1.7470454462054686e-07 0.0 0.0005726927296711689 4.594136460056434e-05 0.0001353744901085157 5.832600167073443e-07 3.904325351887293e-07 8.441359719760141e-07 3.790973425457504e-05 3.533651583481219e-06 2.814556108879118e-06 2.4130724508774677e-06 1.309354954212864e-07 6.644646917106374e-08 0.0 1.0361017699731929e-06 2.611488641267159e-07 1.8351553846785847e-07 6.495442507002085e-05 2.840977326459851e-07 1.6778351230342355e-07 0.0 3.1062288297504174e-07 0.0 5.603863259795567e-07 0.0 1.8403903536806315e-06 6.086568984911502e-07 1.50026312446559e-05 3.031608406853722e-05 8.500215569741989e-06 7.339419490013913e-06 7.453412731577602e-07 1.938082060488277e-05 0.0 2.025234987242691e-05 1.0500991790626012e-06 6.705081400430498e-07 4.4400300725007696e-07 1.9241678953693953e-07 0.0 0.0 4.477927424067444e-05 3.890627763989122e-07 0.0 2.9080632913306436e-05 2.47810852075258e-05 2.6432611224720363e-05 1.0333449655753459e-05 1.0612587672273286e-05 8.177748493093887e-06 7.292818817435541e-05 7.354089300050306e-07 7.858664223398944e-05 2.547903534731519e-06 0.0 3.606213100075139e-07 2.5712024954770793e-07 2.7514569034537706e-07 0.0 5.174948294278702e-07 3.928642092700737e-07 6.7112583888382e-08 0.0 1.5680452757970364e-07 0.0 6.846794639749604e-08 6.092349282770305e-06 6.625035259379296e-07 0.0 2.311838607204427e-06 3.9628020757854935e-05 0.0 2.0049739619910108e-07 2.9760309854626206e-07 0.0 8.326555554569403e-08 0.0 0.0 1.7497237059498435e-07 7.979116957032966e-08 1.6672363643276727e-06 1.6387176017543368e-07 3.798072113644536e-06 3.6638215439845812e-06 9.085327360544468e-06 8.244131482626682e-06 4.010547278062837e-07 1.407852025439465e-07 0.0 7.539601703557257e-08 0.0 0.0 0.0 0.0 0.0 0.0 0.0 0.0 0.0 9.584354275068724e-08 0.0 0.0 8.287852310239644e-08 0.0 0.0 1.0002847323610113e-07 0.0 0.0 9.367101425685229e-08 0.0 3.4780698939720683e-06 1.7529158320655028e-07 2.2595832106289637e-06 9.132195928352342e-07 3.3506391940838175e-07 0.0 0.0 0.0 6.929983456914397e-08 6.253518083270041e-08 5.198895068853617e-07 0.0 3.3441985350060346e-07 4.796317024019159e-07 0.0 0.0 0.0 7.225877478152225e-08 0.0 0.0 2.475550836283207e-07 1.5418063150046545e-07 6.86582380277553e-08 1.5931340383157475e-07 0.0 1.6572344025915523e-07 8.727540607385445e-07 4.0750080319481254e-06 0.0 0.0 9.915578411217776e-08 0.0 0.0 0.0 6.916099851771444e-08 0.0 1.135229902195749e-07 9.956661610818095e-06 7.255449080782235e-07 0.0 0.0 0.0 2.6389777281954352e-06 4.057096338690064e-07 2.005226746139725e-06 5.310566648488848e-07 8.624742200744612e-08 1.341829691881817e-07 0.0 4.903760785163382e-07 0.0 0.0 0.0 0.0 0.0 0.0 0.0 0.0 9.505481665923341e-06 3.2050572410605737e-06 2.256199081875369e-06
4.927888193262956e-05 0.0004858293892768578 5.6016978943444896e-05 3.143040623409241e-05 4.6226357196492336e-05 0.00012161357327236879 0.00014748374229824176 3.917666975606456e-05 0.00012578162440382638 0.0007526840975154449 4.125901332290493e-05 0.0 0.0006129166821967836 4.2922659660954563e-05 6.026913542811317e-07 1.5731031649057508e-06 0.0 0.0 0.0 5.965877010412603e-08 0.0 0.0 0.0 0.0 0.0 0.0 0.0 0.0 0.0 0.0 2.4235873890101858e-05 9.36942914821597e-07 1.5229328549307348e-05 0.0 0.0 0.0 2.5171823380078383e-05 9.659846064662158e-07 1.3869016765601166e-06 2.389911517685205e-07 0.0 0.0 0.0 2.397807160030384e-07 0.0 0.0 4.329383223510391e-06 0.0 5.9007628270830224e-08 0.0 0.0 0.0 0.0 0.0 1.9719909986354194e-07 0.0 6.325001514609781e-06 5.324359031226215e-06 1.3321605054701233e-06 4.92289010167892e-07 0.0 5.485318831824947e-06 0.0 1.326193532286661e-06 7.844334050893221e-08 7.48354207257059e-08 0.0 0.0 0.0 0.0 0.00017192279358036445 3.0188996873809075e-07 0.0 4.138397895585873e-06 3.0320098167754404e-06 2.4610632266283187e-06 1.2011990284286128e-06 1.4369792800027427e-06 0.0 2.3721110292714613e-05 2.1113398509735835e-07 0.0 7.23176008549566e-08 1.3323512734248638e-06 0.0 2.2969890724203456e-07 0.0 0.0 0.0 0.0 0.0 0.0 0.0 0.0 0.0 0.0003237523041879471 1.5144380640763588e-06 7.298560833534508e-08 2.130992879988829e-06 2.271303291064264e-05 4.109522240627533e-07 2.3701866576847016e-06 1.4141718673195498e-06 2.0749782303285036e-06 1.9120722932479334e-06 2.958274360892915e-07 7.753573949552698e-06 4.688764159499022e-06 7.307700886121807e-06 3.722311175022737e-05 3.831562187084692e-06 8.355846982512798e-05 7.591510307080205e-05 0.00011374284887097473 7.768716760453598e-05 1.1951583910373823e-06 9.85536410261768e-07 8.723417204234671e-08 1.4327560241988697e-07 0.0 0.0 0.0 0.0 0.0 0.0 0.0 0.0 0.0 0.0 0.0 0.0 0.0 0.0 0.0 1.7367941975451149e-06 3.278512448927585e-07 0.0 6.015173899228178e-07 0.0 1.1639058487141831e-05 3.5628729434666804e-06 3.879111284692877e-06 6.801753334128352e-07 3.107586542544801e-07 0.0 0.0 0.0 1.4298304517698884e-07 2.89346577732262e-07 3.9362337648177505e-07 0.0 1.0137569435704224e-06 1.5040765964380144e-06 0.0 0.0 0.0 1.7879896091966856e-07 0.0 0.0 7.61222677186486e-08 7.239564912818032e-08 8.010058619289307e-08 4.85546073067337e-07 6.623717094051712e-07 7.322480783520216e-07 8.060167954716781e-08 1.0890339358925288e-05 5.214473072990068e-07 6.896715952355532e-08 6.180964463634625e-08 6.899568258558384e-08 0.0 0.0 3.1887279165315066e-07 0.0 0.0 6.136085199841439e-05 4.576829523401593e-07 0.0 0.0 0.0 1.0025535279127356e-05 9.634741884272088e-08 5.9941243307059e-06 3.079726505391896e-06 1.5403802684494938e-06 1.0710616930185029e-06 2.341352179724281e-07 5.751825876308669e-07 7.907477755053001e-08 0.0 0.0 0.0 7.307778965732167e-08 0.0 0.0 0.0 7.777822221855675e-05 7.91339359229643e-06 3.0837270418962197e-06
0.0002561271859696918 0.001531020466376845 0.0005710130036057521 0.0003557537540758345 0.0002423340295560188 9.933124074808445e-05 0.0009206996985901839 0.0005562267401807913 0.0006591223334239251 0.006626849983715327 0.0009264194882231131 0.0006129166821967836 0.0 0.0020462326854265964 5.5188740990447606e-06 7.017425970777871e-06 6.3593553147527e-07 0.0 1.045193795264442e-07 0.0 0.0 0.0 0.0 0.0 9.801706901896182e-07 0.0 3.713249917159263e-07 0.0 1.3093795225282124e-07 0.0 0.00021148614758026337 1.2093422209938968e-05 0.0005276228046982686 9.339161234403497e-08 1.884512127425685e-07 3.582959816340361e-07 0.00012483536668800717 8.893026336658753e-06 1.6519263422246e-05 9.7335102097559e-07 0.0 0.0 0.0 8.015905752993743e-07 0.0 2.4000571037872775e-07 5.297401744912686e-05 5.26805017598959e-07 9.087482659880417e-08 7.591847604980232e-08 2.2402590147263216e-07 0.0 3.3009895744550227e-07 0.0 1.602418874743064e-06 1.834800002743581e-06 2.5525456890864843e-05 3.940491870651597e-05 1.283776351505747e-05 7.070426376446574e-06 4.885641965965106e-07 9.619062006237205e-05 0.0 1.4380583022373165e-05 9.037878228403065e-07 6.022137575121228e-07 2.0613856343738846e-07 0.0 1.4273508694736141e-07 0.0 0.0004888254891351427 8.225319805598437e-07 0.0 3.066516878707401e-05 2.4587733944565785e-05 2.1748782538938375e-05 9.14584107668559e-06 7.67156685582132e-06 2.0071219284369243e-06 0.0002847172373456774 1.630787557500242e-06 7.039926035089538e-06 1.9362680413757116e-06 9.552856065260606e-08 4.050643708825976e-07 5.722029962452555e-07 2.7762356790140266e-07 0.0 1.3454324598397324e-07 0.0 3.747842481215836e-07 0.0 2.202112129925517e-07 5.687952768949839e-07 0.0 0.0007465403381114957 2.731822682988108e-05 1.0417658885305642e-07 1.650771148811304e-05 8.062120363013204e-05 6.170920723227557e-07 5.346434815773635e-06 3.8257804727872995e-06 5.387135244781282e-06 5.600224660955291e-06 1.994841738044123e-06 5.286847162168045e-06 6.949126499095908e-06 1.8894039691934935e-05 7.561670967473226e-05 6.528260376919219e-06 0.00016013189664947528 0.0001363742486590106 0.0002420688736560656 0.00019741118414104907 6.4950956895066026e-06 2.0002793517758054e-06 4.9745560153717e-07 6.847676654805475e-07 0.0 0.0 0.0 1.4894988674447603e-07 0.0 0.0 0.0 0.0 0.0 9.132510991926981e-08 1.8463587871746742e-07 0.0 0.0 0.0 7.936406946376062e-08 4.923630692235853e-06 3.623893011333654e-06 0.0 2.3544064162013955e-07 0.0 3.754844188485e-05 5.798192667612691e-06 2.39813577440977e-05 4.790440489812861e-06 1.039077820262332e-06 0.0 0.0 7.239333644747531e-08 0.0 1.5899102616917941e-06 1.7376355746018234e-06 0.0 4.524898065077944e-06 5.082722868415597e-06 0.0 8.577208151229577e-08 0.0 2.931081121606914e-07 0.0 1.0819840954077923e-07 1.1433157922991958e-06 7.307676806665794e-08 2.1048821006213226e-06 1.0535152654284318e-06 1.402054717782738e-07 2.0104613955029744e-06 2.0270073536596e-06 4.885725743293702e-05 5.541988835029771e-07 1.1901203696734777e-06 7.259773574340655e-07 2.431191802807072e-07 1.4902164252060534e-07 1.3790092619400406e-07 1.0127456314876003e-07 0.0 0.0 0.00015348913526909538 2.1174485056205083e-06 0.0 7.420964943846404e-08 0.0 2.257402234269757e-05 2.985843457799187e-06 2.5615309800893687e-05 4.484194220322372e-06 4.303361560692871e-06 3.692586748070117e-06 3.954244282870816e-07 3.2439103207768225e-06 1.1007794583225547e-06 0.0 7.418333877830237e-08 0.0 6.257008413580672e-08 9.608673146807474e-08 0.0 0.0 0.0001896207826252298 2.711611011846855e-05 1.0737854900100271e-05
