0.0 0.0015663800204836955 0.0007067226173771468 0.0005098961867761021 0.00030248833219379754 3.0126120734711877e-06 0.0010597890170806548 0.0003720132959727534 0.00023939204325489657 0.0009387137424280549 0.0003451386246613695 2.321648733699042e-05 0.001083226198517937 0.0004526879414933317 5.455385805079046e-07 1.9805912073537714e-07 1.7412857143389148e-07 0.0 0.0 8.03376770698441e-08 3.341726549535639e-07 1.2575157036200685e-07 0.0 0.0 5.43632330844777e-07 0.0 0.0 2.766753857855084e-07 0.0 0.0 0.0005780527124930653 6.098626131340218e-07 0.000134206995930087 0.0 5.084457936516857e-07 7.495014654486863e-07 5.6129329498328494e-05 2.8665656294195222e-06 3.796769767101192e-06 7.238511100015044e-07 0.0 0.0 0.0 8.350523268529811e-08 0.0 0.0 5.416670267088005e-06 3.4788886500017e-07 0.0 0.0 0.0 0.0 1.1563691110437582e-07 0.0 3.9161276890361685e-07 2.9313541688254754e-07 4.989893315066429e-05 0.0006867450583634102 3.0674831611251804e-05 4.399366680452811e-06 6.950192787905423e-07 2.2812466998673267e-05 0.0 4.825977535689567e-07 6.310664964430782e-07 1.6829935684148595e-07 1.7690813090174085e-07 1.78323438628145e-07 0.0 1.1048952128131474e-07 6.122883692951475e-05 5.902166823991088e-07 0.0 6.405200407613562e-05 5.424442542917149e-07 4.024612199402338e-07 7.451725849795324e-07 6.920966652859011e-07 1.0280310566821993e-07 8.818148238795855e-05 0.0 1.4785343935136457e-05 2.289693582525343e-06 9.394110534898013e-08 2.7239072089564675e-07 5.485759445197955e-07 0.0 1.8017723488709725e-07 1.8945580510266884e-07 0.0 9.038625615580372e-08 0.0 0.0 0.0 0.0 3.93108075405909e-06 1.0425276798098888e-05 0.0 7.668867162280322e-06 0.0003493035345229019 0.0 0.0 1.1437063311903646e-07 0.0 0.0 8.689045834725708e-07 0.0 0.0 0.0 0.0 0.0 3.521408295083149e-06 8.909964842305872e-07 1.1056745558262567e-06 1.3256374121199801e-06 0.0 0.0 0.0 0.0 0.0 0.0 0.0 0.0 0.0 0.0 0.0 0.0 0.0 0.0 0.0 0.0 0.0 0.0 0.0 0.0 0.0 0.0 0.0 0.0 1.8511901493192862e-06 1.525438010579729e-06 1.7081571819035148e-06 5.233806536220537e-07 0.0 0.0 0.0 0.0 0.0 0.0 0.0 0.0 0.0 0.0 0.0 0.0 0.0 0.0 0.0 0.0 0.0 0.0 0.0 0.0 0.0 0.0 0.0 0.0 0.0 0.0 0.0 0.0 0.0 0.0 0.0 0.0 0.0 7.334697966132334e-06 0.0 0.0 0.0 0.0 0.0 0.0 0.0 0.0 0.0 0.0 0.0 0.0 0.0 0.0 0.0 0.0 0.0 0.0 0.0 0.0 1.5752803022067829e-06 3.5978288825608616e-06 4.146760767512315e-07
0.0015663800204836955 0.0 0.0008359685999795253 0.0008340373480469247 0.0028569533178883022 6.058209355121797e-05 0.0029221192234746146 0.0002782690199383928 0.0022938847447597855 0.00167698677805715 0.002123578633510367 9.316039684112124e-05 0.0018233651274317897 0.0013549660493945767 6.41964227738578e-07 2.2077995278731793e-07 6.000331895280324e-07 0.0 0.0 0.0 4.2118820471027177e-07 0.0 2.186835074203552e-07 0.0 7.266554215467435e-07 1.1170956862429299e-07 0.0 2.387369441280643e-07 0.0 0.0 0.0004884479918779596 8.743679521700326e-07 2.9361603544271434e-05 0.0 3.589477859000811e-07 1.929875860700085e-06 1.5471480684670214e-05 7.70247476244938e-06 7.173381791054559e-07 1.1658804326246039e-06 3.4873944551111915e-07 0.0 0.0 0.0 0.0 0.0 9.616069955827199e-06 7.08267438325709e-07 8.861605799228999e-08 7.402784291360043e-08 3.6881339185500596e-07 0.0 0.0 0.0 2.625655281500471e-07 4.0499964352751133e-07 1.0556726773805886e-05 0.0002542554223062618 2.4038658508285402e-05 3.297509843043363e-06 0.0 8.590000219478126e-06 1.034573063162605e-07 1.2377063366012307e-06 3.017593154966409e-07 7.895351403470326e-08 2.0126851014101714e-07 1.9399515543511706e-07 0.0 0.0 1.8318254225657676e-05 1.0244106994099699e-05 0.0 5.2822360914497504e-05 3.1408608165316724e-06 1.952667428414235e-06 1.3806965090185705e-06 3.78018088005542e-07 1.5976324085993175e-07 5.722458975270262e-06 2.3165466140821512e-07 2.785914590741102e-06 3.175730402061294e-06 0.0 1.7193981919316972e-07 7.662525920934178e-08 1.0842095481374513e-07 0.0 3.865445533019007e-07 0.0 0.0 0.0 5.0533143261303e-07 1.9783018332089258e-07 0.0 1.6935971576343642e-05 7.966512467883554e-07 0.0 0.0 0.00042873474144693033 3.6076441544020804e-07 4.287372516982374e-06 2.1192209531421894e-06 0.0 3.482119622199711e-07 2.614971648725899e-06 8.407715213179923e-06 8.748405863709125e-06 1.3177628745422845e-05 2.2790452071780374e-05 2.3610680506101645e-06 5.7878393155378896e-05 2.4509298491576425e-05 4.328747955981549e-05 0.00010815046696863311 2.2703670315662943e-06 3.637991467451777e-07 4.290500466185784e-07 7.859961105570288e-07 0.0 0.0 0.0 0.0 0.0 0.0 0.0 0.0 0.0 0.0 0.0 0.0 0.0 0.0 0.0 6.179156930201648e-07 0.0 0.0 0.0 0.0 2.2273078861604918e-05 9.262440523568556e-07 2.5257489077433072e-05 1.621656422856786e-06 5.293136169405863e-07 0.0 0.0 0.0 0.0 0.0 0.0 0.0 9.490551762194866e-07 7.364555147902863e-07 0.0 0.0 0.0 0.0 0.0 0.0 0.0 0.0 0.0 7.198425241931708e-08 1.578594077283773e-07 0.0 0.0 6.668826165443583e-06 5.970393153639069e-07 9.796822819343748e-08 0.0 0.0 0.0 0.0 0.0 0.0 0.0 2.04130135021085e-05 2.204209828125625e-06 0.0 0.0 0.0 8.347616767809173e-06 0.0 6.670283079204003e-07 1.43892326189974e-06 1.369986873437807e-07 1.4420520989661893e-06 9.575943340970145e-08 4.856203404516761e-07 0.0 0.0 0.0 0.0 0.0 0.0 0.0 0.0 0.00010496200492714935 1.2888015349962715e-05 9.565187289453864e-06
0.0007067226173771468 0.0008359685999795253 0.0 0.00010103297725985879 0.00034887551782533075 6.2046325001591156e-06 0.00023092873052923073 0.0023629163359264013 0.0007396293313842678 6.983972359424392e-05 0.003377944813889754 1.4961559170002798e-07 0.00019351841225814112 0.0015354417831633604 3.6716253869695013e-06 2.625791950643937e-06 2.159368760903933e-06 0.0 0.0 1.9432850554286992e-07 1.626129963236748e-06 0.0 1.0208852261304741e-07 0.0 3.111318633125927e-06 1.381615277410838e-06 4.174731927455889e-07 8.689666257975563e-07 1.6882760446690145e-07 0.0 0.0030386612930113953 6.478982292392211e-05 0.00023112119720914448 0.0 3.437228247886232e-06 1.605699871866676e-05 4.3231245395487486e-05 3.466353405111249e-05 7.99863104453241e-06 1.881856143435238e-06 5.819070718593699e-07 1.272892642177877e-07 3.814150288272738e-07 0.0 0.0 9.27425134093288e-08 1.004382640916106e-05 7.340302667184348e-08 3.612812289338038e-07 9.238189432548709e-08 6.786506203809353e-08 8.27684499659564e-07 2.3943487396086323e-07 0.0 1.6288871948793286e-07 1.6981158832944664e-07 7.571243440386724e-06 0.0007439259120523461 1.4556077679344288e-05 3.274547357834124e-06 1.1285398238931094e-06 4.6614034884798946e-05 9.406275030573386e-07 1.1470493362626753e-06 3.383699386793904e-07 8.634410912463384e-08 5.620436146801478e-07 3.5767850462150887e-07 3.555935860329438e-07 2.0730132485296727e-06 1.2939350625751175e-05 3.18905269429986e-06 0.0 2.6249444618264974e-05 1.6066346449552718e-06 3.4487723280322973e-06 7.993014253101982e-07 4.5246359867742226e-06 0.00010168486490115662 0.0015870073056400236 2.549683852352858e-07 3.495222450908435e-05 1.349373341843537e-06 8.398967392047369e-08 0.0 2.6737006387057454e-07 2.4935855773929524e-07 3.5073899799871785e-07 0.0 0.0 0.0 0.0 4.3778322187127887e-07 9.315282888959905e-07 0.0 5.211540243720762e-06 7.99950700248515e-08 0.0 1.2499430194018665e-06 0.0005202997685173387 1.9412581799211751e-07 0.0 1.0460915033682429e-07 0.0 7.538462193648501e-07 7.321165590057882e-07 2.001281056566569e-06 2.0101278860086806e-06 1.227308086168715e-06 3.5197575724023563e-06 7.70776447285716e-08 6.947749203531699e-06 5.720270987363807e-06 7.26713967235469e-06 2.0548614739353765e-05 1.142914125744027e-07 0.0 7.960226397574535e-08 1.0313751349107034e-07 0.0 0.0 0.0 0.0 0.0 0.0 0.0 0.0 0.0 0.0 0.0 0.0 0.0 0.0 0.0 0.0 0.0 0.0 0.0 0.0 6.695585276532067e-06 1.7388715761358608e-07 3.0379381118519593e-06 2.047744967569659e-06 7.031113783270682e-07 0.0 0.0 0.0 0.0 0.0 0.0 0.0 0.0 3.390105820448682e-07 0.0 0.0 0.0 1.1318120547004687e-07 0.0 0.0 0.0 0.0 0.0 0.0 0.0 0.0 0.0 3.123603538470349e-07 0.0 0.0 0.0 0.0 0.0 0.0 0.0 0.0 0.0 1.0021540938819663e-05 7.959491092568111e-07 0.0 0.0 0.0 8.09607538721014e-07 0.0 0.0 8.33030160879832e-08 2.568229226668611e-07 3.881366770221848e-07 0.0 9.33476422532867e-08 0.0 0.0 0.0 0.0 0.0 0.0 0.0 0.0 2.6827814910874125e-05 6.8191832540296575e-06 2.1793646177634915e-06
0.0005098961867761021 0.0008340373480469247 0.00010103297725985879 0.0 5.516532666146979e-05 3.8655089650426604e-05 0.003293050949122295 6.957575315022528e-06 4.373826817630571e-05 0.001998518349333662 4.765196842463434e-05 0.00011861790688462007 0.004491064620040966 7.735554740357425e-05 0.0 0.0 0.0 0.0 0.0 0.0 0.0 0.0 0.0 0.0 0.0 0.0 0.0 0.0 0.0 0.0 3.8036722938424226e-05 0.0 0.0 0.0 0.0 0.0 0.0 0.0 0.0 0.0 0.0 0.0 0.0 0.0 0.0 0.0 9.839010210635282e-08 0.0 0.0 0.0 0.0 0.0 0.0 0.0 0.0 0.0 2.6197154005707905e-07 2.3754975613288937e-05 8.132294254338332e-07 1.1748308718229759e-07 0.0 0.0 0.0 0.0 0.0 0.0 0.0 0.0 0.0 0.0 2.8687006080423336e-07 0.0 0.0 5.851553689674446e-07 2.458492752213384e-07 0.0 0.0 0.0 0.0 0.0 0.0 0.0 1.0052782924430832e-07 0.0 0.0 0.0 0.0 0.0 0.0 0.0 0.0 0.0 0.0 0.0 0.0 1.0581275445633877e-06 0.0 0.0 0.0 2.2026673598828634e-05 0.0 1.644196501435287e-07 2.801725779250522e-07 0.0 0.0 3.9339021666184957e-07 0.0 0.0 2.2399890409184978e-07 0.0 1.0890105710085673e-07 6.143653449065637e-07 7.538140941639709e-08 1.0456609283975545e-07 8.301264549976262e-07 0.0 0.0 0.0 0.0 0.0 0.0 0.0 0.0 0.0 0.0 0.0 0.0 0.0 0.0 0.0 0.0 0.0 0.0 0.0 0.0 0.0 0.0 0.0 0.0 0.0 0.0 0.0 0.0 0.0 0.0 0.0 0.0 0.0 0.0 0.0 0.0 0.0 0.0 0.0 0.0 0.0 0.0 0.0 0.0 0.0 0.0 0.0 0.0 0.0 0.0 0.0 0.0 0.0 0.0 0.0 0.0 0.0 0.0 0.0 0.0 0.0 0.0 0.0 0.0 0.0 0.0 0.0 0.0 0.0 0.0 0.0 0.0 0.0 0.0 0.0 0.0 0.0 0.0 0.0 0.0 0.0 0.0 7.781808467157504e-07 0.0 0.0
0.00030248833219379754 0.0028569533178883022 0.00034887551782533075 5.516532666146979e-05 0.0 1.1907725777430903e-05 0.00020382331991234857 1.231798465836262e-05 0.0010018398456147581 0.00042653115447402717 0.00027050784863542746 2.3061807899518936e-06 0.0002804492554417089 0.0009473528913945986 5.444875282435238e-07 1.1773723218651304e-07 1.9398474813620204e-07 0.0 0.0 0.0 2.0707825737124605e-07 0.0 0.0 0.0 3.122098494812721e-07 4.122235056594542e-07 0.0 2.1087575567243301e-07 0.0 0.0 5.861479776859519e-05 2.4097906079764374e-07 8.096375075727931e-06 0.0 0.0 8.836369489058902e-07 5.079152375823714e-06 6.917453108598473e-07 0.0 0.0 0.0 0.0 0.0 0.0 0.0 0.0 5.097142441992762e-06 1.917184043865075e-07 8.766499454708404e-08 0.0 0.0 0.0 0.0 0.0 2.551763999642662e-07 1.6488003415064864e-07 4.7516170915613844e-06 6.63383528006571e-05 1.1217490899171298e-05 2.183688881344848e-06 0.0 8.874092241762498e-07 0.0 3.0679375370017243e-07 4.289823296906979e-07 0.0 1.658550544567842e-07 0.0 0.0 1.1451205812016719e-07 1.5812762636541626e-05 5.438654620610202e-06 0.0 2.4403529197629765e-05 1.0354518622770661e-06 1.0098693395659871e-06 1.950332294580466e-07 1.5072977488668436e-07 8.854063595734919e-08 1.2350849634445595e-06 1.9368570814445658e-07 0.0 8.532511720852778e-07 0.0 0.0 7.653868870286302e-08 0.0 0.0 0.0 0.0 0.0 7.92721410571218e-08 0.0 8.390679383601371e-08 0.0 1.5762525423435272e-05 7.528908092510319e-07 0.0 9.497152058813854e-08 0.00013428207345100732 7.882021568256211e-07 2.6409900813064414e-06 7.255241296253723e-07 0.0 2.4699187002521074e-07 1.386089898667542e-06 8.34312605693011e-06 3.983943949489365e-06 7.140520374144279e-06 1.2822505402537023e-05 1.246983293222238e-06 3.538642291831506e-05 1.6136146041621832e-05 2.324688234758663e-05 5.6213828342399886e-05 1.0919463094450741e-06 1.7407121548163684e-07 1.7030356481962296e-07 0.0 0.0 0.0 0.0 0.0 0.0 0.0 0.0 0.0 0.0 0.0 0.0 0.0 0.0 0.0 0.0 2.6421464495682247e-07 0.0 0.0 0.0 0.0 1.5320454193676778e-05 3.159751685377428e-07 1.4642675856267659e-05 4.2047419297566275e-07 0.0 0.0 0.0 0.0 0.0 0.0 0.0 0.0 6.442758988264993e-07 8.657424862846633e-07 0.0 0.0 0.0 0.0 0.0 0.0 0.0 0.0 0.0 1.757761364104874e-07 0.0 0.0 0.0 4.18963775044464e-06 5.620630936231466e-07 0.0 0.0 0.0 0.0 0.0 0.0 0.0 0.0 1.2989265297517201e-05 1.6164392933222274e-06 0.0 0.0 0.0 3.5482456693682956e-06 0.0 3.793261573180525e-07 2.8896683043421864e-07 0.0 7.571961729305012e-07 0.0 3.625414617299365e-07 0.0 0.0 0.0 0.0 0.0 0.0 0.0 0.0 6.061576316282983e-05 1.2588360208101743e-05 2.823181043607553e-06
3.0126120734711877e-06 6.058209355121797e-05 6.2046325001591156e-06 3.8655089650426604e-05 1.1907725777430903e-05 0.0 6.658542330446528e-05 0.0 7.758596670007193e-06 0.00025517772133608324 6.376574898015369e-07 5.274200876526014e-06 0.00010504340858030317 1.847403553976205e-05 0.0 0.0 0.0 0.0 0.0 0.0 0.0 0.0 0.0 0.0 0.0 0.0 0.0 0.0 0.0 0.0 0.0 0.0 1.1138394832935424e-06 0.0 0.0 0.0 7.08714851811926e-07 0.0 0.0 0.0 0.0 0.0 0.0 0.0 0.0 0.0 1.1346786942309753e-07 0.0 0.0 0.0 0.0 0.0 6.345793998981204e-07 0.0 0.0 0.0 2.1666859644630886e-05 4.052000210902554e-06 0.0 0.0 0.0 0.0 0.0 0.0 0.0 0.0 0.0 0.0 0.0 0.0 2.1156282585940042e-05 2.6580848263879744e-06 1.6774878139080176e-07 0.0 0.0 0.0 0.0 0.0 0.0 1.2168966644810447e-07 0.0 0.0 0.0 0.0 0.0 0.0 0.0 0.0 0.0 0.0 0.0 0.0 0.0 0.0 0.0 3.802324869035685e-05 3.969490491174364e-05 1.6413272678005999e-06 2.420564632928825e-07 3.6890601612049966e-05 0.0 0.0 0.0 0.0 0.0 0.0 1.3644640874017328e-06 0.0 7.700626054031664e-08 1.8102208829542396e-06 0.0 8.415124337585428e-07 5.183824479510206e-07 5.724393018906752e-07 5.41062013673065e-07 0.0 0.0 0.0 0.0 0.0 0.0 0.0 0.0 0.0 0.0 0.0 0.0 0.0 0.0 0.0 0.0 0.0 0.0 0.0 0.0 0.0 0.0 0.0 0.0 0.0 0.0 0.0 0.0 0.0 0.0 0.0 0.0 0.0 0.0 0.0 0.0 0.0 0.0 0.0 0.0 0.0 0.0 0.0 0.0 0.0 0.0 0.0 0.0 0.0 0.0 0.0 0.0 0.0 0.0 0.0 0.0 0.0 0.0 0.0 0.0 0.0 0.0 0.0 0.0 0.0 0.0 0.0 0.0 0.0 0.0 0.0 0.0 0.0 0.0 0.0 0.0 0.0 0.0 0.0 0.0 0.0 0.0 4.48030342573631e-07 0.0 0.0
0.0010597890170806548 0.0029221192234746146 0.00023092873052923073 0.003293050949122295 0.00020382331991234857 6.658542330446528e-05 0.0 1.0290900062952893e-05 0.00016134651485556824 0.0017847472223269344 0.00018533981599269455 0.0004488763308021696 0.005967762095016133 0.0006681046679100215 2.95649767800673e-07 1.0136252086715142e-07 1.7986287732780925e-07 0.0 0.0 0.0 0.0 0.0 0.0 0.0 2.611772655038351e-07 2.0678246773027446e-07 0.0 0.0 0.0 0.0 7.60770249608423e-05 9.480784496722085e-08 1.8827063147571348e-06 0.0 0.0 3.9868688328351643e-07 5.549523375216964e-06 2.636865826245627e-07 0.0 0.0 0.0 0.0 0.0 0.0 0.0 0.0 3.6112844932249936e-06 0.0 0.0 0.0 0.0 0.0 7.174430550316137e-08 0.0 7.468074650955072e-08 6.378928893148285e-07 4.796744815015579e-06 9.037171193240843e-05 1.029839344942098e-05 1.4125872214091353e-06 0.0 2.837858176239361e-07 0.0 5.409527601961025e-07 3.426879331756437e-07 7.799213593716023e-08 4.877776546203047e-07 6.672712272475962e-08 2.2564326504096078e-07 7.982351944481418e-08 2.220305000013775e-05 3.0463230826622544e-06 0.0 1.9080288441487695e-05 2.551046760718924e-07 8.254645409631938e-07 1.1171658660256725e-07 1.1913375581925245e-07 0.0 1.6135181196998176e-06 0.0 6.76711427138824e-07 1.6029780775401338e-06 0.0 0.0 3.8896845799837294e-07 0.0 0.0 6.182898693865694e-08 0.0 0.0 0.0 0.0 0.0 0.0 2.947034050112122e-05 1.1068448365158187e-06 0.0 8.369992252021525e-07 0.00010721791177734728 1.4858073714567966e-06 5.4915383526985735e-06 2.2281487596262444e-05 9.65470206557486e-06 8.362614341792216e-07 1.2476121781928735e-06 1.5570470997631347e-05 4.5327964980879625e-06 9.289489716882787e-05 1.562523994088912e-05 1.7527981479580865e-06 4.312129856697719e-05 2.081347771734203e-05 3.8633276554103614e-05 7.0485089055429e-05 1.069640750237375e-06 2.1269438483453233e-07 7.340950421174678e-08 1.620539506596082e-07 0.0 0.0 0.0 0.0 0.0 0.0 0.0 0.0 0.0 0.0 0.0 0.0 0.0 0.0 0.0 8.814937556198399e-07 5.264759912300519e-07 0.0 0.0 0.0 1.592685921336275e-05 7.311535055492951e-07 9.642749282771034e-06 9.684147672643715e-07 0.0 0.0 0.0 0.0 0.0 0.0 0.0 0.0 5.775871781082701e-07 7.676442170383519e-07 0.0 2.9590421390626673e-07 0.0 0.0 0.0 0.0 0.0 0.0 0.0 7.496168104381444e-07 0.0 0.0 0.0 2.601495300669419e-06 1.4402955893345568e-07 0.0 0.0 0.0 0.0 0.0 0.0 0.0 0.0 1.525935967406507e-05 1.1664928651071169e-06 1.0350182299693086e-07 0.0 0.0 5.552448343488792e-06 0.0 2.1395008566889726e-07 6.531694298644103e-07 2.8513072939224927e-07 6.562737927932033e-07 0.0 3.668388346420638e-07 0.0 0.0 0.0 0.0 0.0 0.0 0.0 0.0 6.775989952518814e-05 1.4088570933832173e-05 3.422400703535239e-06
0.0003720132959727534 0.0002782690199383928 0.0023629163359264013 6.957575315022528e-06 1.231798465836262e-05 0.0 1.0290900062952893e-05 0.0 0.00012795359886505912 1.0153403902088649e-05 0.0010998625338909246 2.0554898663350397e-07 0.00016817012197597106 0.0006543367876084836 1.0094564245771527e-05 2.8794955634007747e-06 7.597377094427956e-06 0.0 0.0 2.609127178330336e-06 6.8670596084357865e-06 5.861186308787378e-07 5.897525076028441e-07 1.1920030694436147e-06 7.490711506604715e-06 3.7111244447902026e-06 1.276403947479451e-07 2.7053325197193636e-06 0.0 0.0 0.003725706285738011 0.0004878638401339291 0.00035684834537734337 1.368613851153656e-07 5.989753709752473e-06 3.270992009893537e-05 9.227210164544129e-05 6.0844649899636266e-05 1.444641786993226e-05 3.8259227731154646e-06 1.3763631660725817e-06 1.0904280636500997e-07 7.588614727782675e-06 2.308065159581545e-06 1.0346268753832558e-07 3.1359097834098745e-07 4.5054044807813356e-05 2.9245512927434093e-06 1.0020399085188414e-06 1.3935190270133215e-06 1.52939882163607e-06 0.0 1.6839878978119345e-07 0.0 1.9454959193193415e-06 1.415909296075394e-06 1.648433941276185e-05 0.0006503243412712936 5.7924248054102307e-05 1.5597500567242306e-05 2.4834951969431086e-05 0.00013034142611940435 2.401048299315268e-06 0.00035932987753458723 1.6057605322135418e-06 4.508006721261593e-07 2.3700090437178677e-06 2.7858151578013943e-06 1.8532363802410382e-06 1.0946455350652456e-05 2.081839166867103e-05 2.805013219537749e-06 2.4125891522722036e-07 0.0001567591287432548 6.439298508876044e-05 1.6461943160274958e-05 0.0002236912031891823 0.0002649329900652596 0.00033766318615158285 0.001137562152149542 3.5491273235414644e-05 0.000618275094527239 7.371647444173671e-06 3.4879909446617617e-07 8.485945466263324e-07 1.0588963413077155e-06 2.364085464725619e-06 0.0 7.218896506985098e-07 9.651486588516998e-08 7.906595609805445e-08 7.449447284417897e-08 1.3543736552242172e-06 1.877869931775462e-06 1.5902576637947516e-07 1.3523154960555616e-06 0.0 1.0087729985661205e-06 5.702881101167348e-07 0.00041350650631349775 0.0 0.0 1.2157005199551594e-07 0.0 0.0 1.9262940590732937e-07 8.274856955445343e-07 8.377417566416516e-07 1.7055153338531325e-07 3.540635285713445e-06 0.0 4.896859309273232e-06 2.699733114963384e-06 4.162208820039195e-06 1.70118615845904e-05 3.9013322621655066e-07 0.0 5.826965596727567e-07 0.0 0.0 0.0 0.0 0.0 0.0 0.0 0.0 0.0 0.0 0.0 0.0 0.0 0.0 0.0 0.0 1.3593868696408656e-07 0.0 0.0 0.0 0.0 5.783070505109846e-06 1.6198827967698909e-07 3.217923954350258e-06 1.361347317552052e-06 1.4187078558122565e-07 0.0 0.0 0.0 0.0 0.0 0.0 0.0 9.439175374487472e-08 1.4888313557587323e-07 0.0 0.0 1.7854785180140983e-07 9.245159543424392e-08 1.0106317977402781e-07 0.0 0.0 0.0 0.0 0.0 0.0 0.0 0.0 2.888156613292597e-06 0.0 0.0 0.0 0.0 0.0 0.0 8.359320833154137e-08 0.0 0.0 3.183119445321045e-06 9.047193107869634e-07 0.0 0.0 0.0 1.0793568053142345e-06 0.0 9.930629955608404e-08 2.2734807788213714e-07 8.504294198217531e-08 1.7257375340229946e-07 0.0 7.356207614030579e-07 0.0 0.0 0.0 0.0 0.0 0.0 0.0 0.0 2.2696509028573813e-05 2.456122736943045e-06 2.4260273917029824e-06
0.00023939204325489657 0.0022938847447597855 0.0007396293313842678 4.373826817630571e-05 0.0010018398456147581 7.758596670007193e-06 0.00016134651485556824 0.00012795359886505912 0.0 0.0001288940641439586 0.0007687274312843033 5.539648948535771e-07 9.338720503651188e-05 0.00018042507436522238 9.36092221453769e-08 0.0 0.0 0.0 0.0 0.0 0.0 0.0 0.0 0.0 2.491591050982204e-07 0.0 0.0 0.0 0.0 0.0 5.11626908402634e-05 7.443120372409132e-07 1.5172123687217399e-06 0.0 8.104712596049255e-08 2.1309000888371563e-07 1.1523819960798476e-06 5.357030113455826e-07 1.3790310323702506e-07 9.635445605612249e-08 9.680001661078196e-08 8.636896156914959e-08 0.0 0.0 0.0 0.0 4.749710749251679e-06 1.935153619699316e-07 0.0 0.0 7.770278523335112e-08 0.0 0.0 0.0 2.105849689466667e-07 7.18805036931901e-08 4.2166878489931425e-06 4.529250791567914e-05 8.708631406215133e-06 1.4837955046948881e-06 0.0 4.89683394727254e-07 0.0 3.5502316877349753e-07 1.5257219105765396e-07 1.6053809823456207e-07 7.268953221396102e-08 0.0 0.0 0.0 7.088342500891662e-06 2.1180819869959513e-06 0.0 1.915147655098112e-05 1.1066873527745225e-06 9.301642070066047e-07 3.6275634774677626e-07 2.8809369820210445e-07 9.165166171920135e-08 2.8032664918406316e-07 0.0 0.0 9.713548369283943e-07 0.0 0.0 2.339301154047344e-07 0.0 0.0 0.0 0.0 0.0 0.0 0.0 0.0 0.0 5.507645184158549e-06 7.093732292765193e-07 0.0 0.0 0.00010014056599289907 0.0 2.573893638440068e-07 6.510462019158927e-07 7.597305972738337e-07 4.791750338369306e-07 3.8021270014231465e-07 4.966669215994689e-06 3.2430840472689543e-06 4.601362748030178e-06 7.694664486082213e-06 1.7250523122124613e-06 1.8505287994436526e-05 8.247056767040696e-06 1.4600698973442166e-05 4.223830202982033e-05 5.179230984973536e-07 0.0 3.746719329495839e-07 1.8310317594799368e-07 0.0 0.0 0.0 0.0 0.0 0.0 0.0 0.0 0.0 0.0 0.0 0.0 0.0 0.0 0.0 1.8336008490844925e-07 0.0 0.0 0.0 0.0 7.971736129001853e-06 7.415709338234313e-07 7.345113564636557e-06 8.757006731928068e-07 0.0 0.0 0.0 0.0 0.0 0.0 0.0 0.0 2.8980849371204704e-07 5.227313091988036e-07 0.0 0.0 0.0 0.0 0.0 0.0 0.0 0.0 0.0 8.955906890576872e-08 0.0 0.0 0.0 1.4677818756922575e-06 0.0 0.0 0.0 0.0 0.0 0.0 0.0 0.0 0.0 7.404033321640801e-06 1.2811793535717846e-06 0.0 0.0 0.0 1.6563841819167739e-06 0.0 3.660877025119185e-07 2.435380249032916e-07 0.0 6.706214741940773e-07 0.0 5.486278883677925e-07 0.0 0.0 0.0 0.0 0.0 0.0 0.0 0.0 3.647458109448387e-05 6.5619695789795e-06 1.0487293290130354e-06
0.0009387137424280549 0.00167698677805715 6.983972359424392e-05 0.001998518349333662 0.00042653115447402717 0.00025517772133608324 0.0017847472223269344 1.0153403902088649e-05 0.0001288940641439586 0.0 2.8721296918222053e-05 0.0003547406065623894 0.00803286215539853 0.00029197152209770326 0.0 0.0 0.0 0.0 0.0 0.0 0.0 0.0 0.0 0.0 1.2446399138430373e-07 3.6687433372248734e-07 0.0 0.0 0.0 0.0 5.03353601964875e-05 0.0 4.958110486527584e-06 0.0 0.0 3.4185497095558767e-07 8.416303002790287e-06 6.263734763201232e-07 2.8814711667479914e-07 1.1434582699780964e-07 0.0 0.0 2.664255242885607e-07 0.0 0.0 0.0 1.149757140955958e-06 0.0 0.0 0.0 0.0 0.0 0.0 0.0 0.0 8.679444869860216e-08 6.918676120631943e-07 2.6465906387402604e-05 1.0323315332546854e-06 2.0304870255411946e-07 0.0 1.3066086156814087e-06 0.0 0.0 0.0 7.375929908707309e-08 6.542041222872474e-08 0.0 0.0 0.0 8.785790452543193e-05 7.084469796730883e-06 0.0 3.7464792899331052e-06 0.0 1.010140076028191e-07 0.0 0.0 0.0 0.0 0.0 0.0 2.5570613765547604e-07 0.0 0.0 0.0 0.0 0.0 0.0 0.0 0.0 0.0 0.0 0.0 0.0 0.0001847856346291118 3.939773566286027e-06 0.0 0.0 4.2518728938042755e-05 2.580121804637912e-07 4.243709003206606e-06 2.0463188356347394e-06 0.0 0.0 1.6181783467944776e-06 1.5060600538948893e-05 6.822870340771658e-06 1.0552526116200514e-05 2.5708159777991292e-05 2.5877278493446974e-06 5.3665411285309096e-05 3.189045047482939e-05 3.6221784090255944e-05 7.448693046311228e-05 2.3881305329179095e-07 0.0 0.0 1.1788549759331044e-07 0.0 0.0 0.0 0.0 0.0 0.0 0.0 0.0 0.0 0.0 0.0 0.0 0.0 0.0 0.0 9.955407510807042e-07 0.0 0.0 0.0 0.0 8.101918977463213e-06 3.0353318864107725e-07 8.963789191937793e-06 1.929164180571019e-06 0.0 0.0 0.0 0.0 0.0 0.0 0.0 0.0 0.0 4.024237984433192e-07 0.0 0.0 0.0 0.0 0.0 0.0 1.1108298437700814e-07 0.0 0.0 1.7892143368560626e-07 0.0 0.0 0.0 2.621505517748548e-06 8.04073472964083e-08 0.0 0.0 0.0 0.0 0.0 0.0 0.0 0.0 9.656478486500188e-06 8.445902920455146e-07 0.0 0.0 0.0 3.571238697066041e-06 0.0 0.0 4.212164580562504e-07 9.387804391163788e-08 3.4384599995802146e-07 0.0 2.4443622189499596e-07 0.0 0.0 0.0 0.0 0.0 0.0 0.0 0.0 8.414876407236451e-05 9.352147726631803e-06 2.600533714117076e-06
0.0003451386246613695 0.002123578633510367 0.003377944813889754 4.765196842463434e-05 0.00027050784863542746 6.376574898015369e-07 0.00018533981599269455 0.0010998625338909246 0.0007687274312843033 2.8721296918222053e-05 0.0 2.2085546592472695e-06 0.001319169299855241 0.0034171276956841377 3.5002887587627013e-06 9.549261975801596e-07 9.370963096237137e-07 0.0 0.0 1.087527608118668e-07 7.552974894045671e-07 0.0 0.0 0.0 2.504126449511563e-06 9.248848266922603e-07 0.0 4.5652496832939214e-07 0.0 0.0 0.000568506695394169 1.957317670523965e-05 0.0004998021223586183 0.0 1.5843110659881756e-06 7.086561501681278e-06 8.81154125232189e-05 4.227036895600202e-05 1.932216869871001e-05 3.568891912925104e-06 9.067672942731478e-07 0.0 0.0 5.230941286388698e-07 0.0 0.0 1.572906921549501e-05 1.745801617366612e-07 7.779509210711017e-08 0.0 1.3421950618279096e-07 0.0 0.0 0.0 6.42110647934366e-07 3.2987823129083244e-07 4.880398235902193e-06 0.00011550472537587055 1.462446848368993e-05 3.96271752990024e-06 5.236704521176559e-07 9.831801733239651e-05 3.0845961637589933e-07 1.5340956016659768e-06 2.1866747956238234e-07 1.5481108053810396e-07 3.656378840749507e-07 3.279658746741131e-07 1.4780371801756556e-07 3.350273659577767e-07 3.352333577487293e-05 3.4452257321051005e-06 0.0 3.4765688584412285e-05 2.38324002889366e-06 4.402206352108607e-06 2.1413731282196635e-06 8.410929763772004e-07 4.879962310591633e-07 0.00024008717740000253 4.26292289978723e-07 3.801117501148943e-05 1.6189755783176655e-06 0.0 7.882858784498302e-08 0.0 1.6929578622765945e-07 0.0 1.4744587833106012e-07 0.0 0.0 0.0 1.29863094238911e-07 2.056121715996167e-07 0.0 1.0787138233947201e-05 1.8515056031964118e-06 0.0 2.069864801270906e-06 0.00017474815934359847 0.0 0.0 4.052531786084225e-07 0.0 8.701325675390538e-08 1.0127528098914747e-06 2.126758423940249e-06 1.5052306801856164e-06 2.91798488161028e-06 2.0286741481874717e-06 1.4463259550886326e-07 1.0356909012567587e-05 5.037783285431287e-06 8.409308888730385e-06 2.6074363759678996e-05 6.603470227512514e-07 0.0 0.0 8.754041578203084e-08 0.0 0.0 0.0 0.0 0.0 0.0 0.0 0.0 0.0 0.0 1.810414035628018e-07 0.0 0.0 0.0 1.3313673018603526e-07 1.8117808814736445e-07 1.208111838761177e-07 0.0 0.0 0.0 7.725281995155742e-06 5.667815838344699e-07 6.083013144743071e-06 1.6275070388086808e-06 0.0 0.0 0.0 0.0 0.0 0.0 0.0 0.0 2.4639376688007525e-07 0.0 0.0 0.0 0.0 0.0 0.0 0.0 0.0 0.0 0.0 0.0 0.0 0.0 0.0 2.382038935496406e-06 0.0 0.0 0.0 0.0 0.0 0.0 8.004069846445638e-08 0.0 0.0 2.504618302472969e-06 5.136536739695529e-07 0.0 0.0 0.0 1.505320647733284e-06 0.0 0.0 2.5569587704697594e-07 0.0 9.970894930408971e-08 0.0 1.0851608740812946e-07 0.0 0.0 0.0 0.0 0.0 0.0 0.0 0.0 2.5237268050786532e-05 8.455791066550415e-06 2.6410511508423595e-06
2.321648733699042e-05 9.316039684112124e-05 1.4961559170002798e-07 0.00011861790688462007 2.3061807899518936e-06 5.274200876526014e-06 0.0004488763308021696 2.0554898663350397e-07 5.539648948535771e-07 0.0003547406065623894 2.2085546592472695e-06 0.0 0.0004768175877656797 7.163964914939313e-06 9.915634180513082e-07 0.0 2.1578637172463064e-07 0.0 0.0 0.0 3.343906832335033e-07 0.0 0.0 0.0 2.6787911821327307e-07 0.0 0.0 1.9909378999656984e-07 0.0 0.0 5.435207226006268e-07 0.0 3.3737630258753985e-05 0.0 0.0 5.073025117190275e-07 3.07710617819237e-05 6.6167878410988955e-06 1.2786703228833934e-05 8.592682893787161e-07 1.22789651546701e-07 0.0 0.0 0.0 0.0 0.0 1.8211824631829935e-06 0.0 0.0 0.0 0.0 0.0 9.226716697988158e-08 0.0 0.0 0.0 9.664288029415281e-08 1.0796295568395071e-06 2.0736126178447056e-07 4.253143204231916e-07 0.0 1.7979045225525187e-05 0.0 0.0 0.0 0.0 0.0 0.0 0.0 0.0 0.00010389805085474437 8.805881662032757e-06 0.0 6.019274260182283e-07 0.0 6.491995162817926e-07 0.0 8.827074875544261e-08 0.0 8.094873529478618e-08 0.0 4.444109804800589e-06 0.0 0.0 0.0 0.0 0.0 0.0 0.0 1.331072068098848e-07 0.0 0.0 0.0 0.0 0.0 0.0003670821288790783 4.016199148958399e-06 0.0 1.9074194805841487e-06 1.456705050841171e-06 1.5151348386977604e-07 2.9580494155396084e-06 3.184807990967256e-06 0.0 1.4523447168588281e-06 1.1391478802217776e-06 8.409749539016417e-06 6.208863993633823e-06 1.2605421222108377e-05 3.151314101347612e-05 3.572352270329394e-06 5.906229485290765e-05 3.242179849867222e-05 4.348782676536417e-05 0.000107388086609747 9.532533825508178e-07 0.0 3.2159546509703353e-07 7.89291943080103e-08 0.0 0.0 0.0 0.0 0.0 0.0 0.0 0.0 0.0 0.0 0.0 0.0 0.0 0.0 0.0 1.6078350357826438e-07 8.412545365679232e-07 0.0 0.0 0.0 1.2939048343129204e-05 3.4486578400236846e-07 1.0281425892649776e-05 3.937095694157947e-07 0.0 0.0 0.0 0.0 0.0 0.0 0.0 0.0 8.188537598398099e-07 8.744509210407964e-07 0.0 0.0 0.0 2.3648232017047127e-07 0.0 0.0 0.0 0.0 0.0 9.434508997976206e-07 0.0 0.0 0.0 2.4016407046958637e-06 0.0 7.715765276911734e-08 0.0 0.0 0.0 0.0 0.0 0.0 0.0 1.5698842995382875e-05 1.7018795733152768e-06 1.0724533150485935e-07 0.0 0.0 2.9256990834761913e-06 0.0 0.0 1.0927980480382476e-06 6.06987025488202e-08 7.025995600281297e-07 0.0 6.446355682829178e-07 0.0 0.0 0.0 0.0 0.0 0.0 0.0 0.0 0.00013020960756472826 1.316774080006183e-05 1.7065855562385865e-06
0.001083226198517937 0.0018233651274317897 0.00019351841225814112 0.004491064620040966 0.0002804492554417089 0.00010504340858030317 0.005967762095016133 0.00016817012197597106 9.338720503651188e-05 0.00803286215539853 0.001319169299855241 0.0004768175877656797 0.0 0.002159127687227818 8.463167463552284e-06 1.5844886926396116e-06 3.819894715805288e-06 0.0 0.0 0.0 2.225808903133168e-06 0.0 0.0 1.2784658742756066e-07 1.1970817139617807e-05 1.9734736262877503e-06 0.0 2.2644517830455066e-06 0.0 0.0 9.801851388386571e-05 9.601390422104914e-07 0.0010463994187400168 0.0 4.162953049999288e-06 2.1585312674941637e-05 0.00022551951370249464 6.1800769307934e-05 0.00011832708380279255 1.3647972004886573e-05 7.534277347725753e-07 1.1518542888928032e-07 0.0 9.36976147012206e-08 0.0 0.0 4.140438542648336e-05 5.969067458315118e-07 7.498467360827929e-08 2.4983695378526426e-07 2.6345574209495765e-07 4.6283529660071785e-07 2.461762867590549e-06 0.0 7.02424735935674e-08 1.507861812115157e-07 4.659751663304826e-06 7.797357824084962e-05 1.397771928796012e-05 7.819963365963336e-06 4.093791275575022e-06 7.374281152450131e-05 0.0 1.222592730499944e-07 5.153501679200906e-07 1.5458729272923984e-07 1.0459344056543548e-06 7.026062460228333e-08 4.4325435744018627e-07 2.0059157016249123e-06 0.0003834905185960356 5.3699378925520886e-05 7.239831004927878e-07 4.1271067583818396e-05 2.5149980699131965e-06 1.0404056176641427e-05 3.8904395106235675e-06 1.1335064293605378e-06 5.37914539203366e-07 0.0002711122863204733 1.8327378462115598e-07 1.1336970728561662e-05 3.8100314491764543e-06 7.732762835733074e-08 2.2650675816870165e-07 4.788073774734441e-07 0.0 0.0 6.851469212162546e-08 0.0 3.380573336845339e-07 0.0 5.818952594206905e-07 7.70706892867374e-07 0.0 0.0012662861175548239 1.1377956053666872e-05 0.0 8.432943578905967e-06 0.0001207157252970286 8.538175707994086e-07 2.5417347489490125e-05 1.3031371584450351e-05 4.603504072943574e-07 4.5969460077230024e-06 9.336079698646862e-06 4.0551992030459913e-05 2.6757058480389783e-05 4.9197808566619004e-05 0.00012678923164443208 1.6144224213289492e-05 0.00024889542741738784 0.00014627535909972228 0.00018487102101195818 0.0004478047798300471 5.362136607535302e-06 7.61745567696101e-07 9.04516723603337e-07 2.1161297846301963e-06 7.769531174273563e-08 0.0 0.0 1.3489821957122845e-07 0.0 0.0 0.0 0.0 0.0 0.0 0.0 0.0 0.0 0.0 0.0 1.0585934333213435e-06 3.7519835080508626e-07 0.0 0.0 0.0 7.696358557324738e-05 1.0085600658479643e-06 5.5389309059029685e-05 7.732080184865077e-06 1.3252511453751623e-06 0.0 0.0 0.0 0.0 0.0 0.0 0.0 2.984513968414552e-06 4.0348917657083175e-06 0.0 1.1467732417400505e-07 0.0 0.0 0.0 0.0 0.0 0.0 7.613756453517306e-07 2.616821376255973e-06 7.121550971882674e-08 0.0 0.0 1.8352477948731268e-05 8.125148732608533e-07 8.418811362563043e-07 9.27978465779664e-08 6.826311033939793e-08 0.0 0.0 8.198025457233097e-08 0.0 0.0 7.18175544894564e-05 9.436899781521086e-06 8.041089874856029e-08 0.0 0.0 2.6053654446964292e-05 0.0 1.1814405180257806e-06 5.658894667744387e-06 7.437573544586098e-07 3.5433474177739696e-06 8.155962366766883e-08 2.520908095483156e-06 0.0 0.0 0.0 0.0 0.0 0.0 0.0 0.0 0.000531348241878838 5.7464703556227265e-05 1.0912749938858809e-05
0.0004526879414933317 0.0013549660493945767 0.0015354417831633604 7.735554740357425e-05 0.0009473528913945986 1.847403553976205e-05 0.0006681046679100215 0.0006543367876084836 0.00018042507436522238 0.00029197152209770326 0.0034171276956841377 7.163964914939313e-06 0.002159127687227818 0.0 7.545026002956899e-06 1.320528323936323e-06 3.6735764621352252e-06 0.0 1.0089439315023053e-07 9.326686987847345e-08 1.4239789828606209e-06 0.0 3.983332126930155e-07 2.4331935967812927e-07 5.31693998590936e-06 2.910512641723595e-06 0.0 1.0829676748048347e-06 1.7302078858165686e-07 0.0 0.0005263790726026597 4.937667154417424e-06 0.0003899306954855723 0.0 4.2467917717622065e-06 1.7948913755840302e-05 0.0003835367403520457 6.260409732337085e-05 0.00012108397139458587 9.929547611962345e-06 1.3786927179500334e-06 8.67268475789439e-08 1.6603284323973187e-07 8.061958516523034e-08 0.0 0.0 4.4785318347859086e-05 6.090665319725093e-07 7.052358647249353e-08 7.026532641611063e-08 3.8448086622076593e-07 0.0 9.827944580579023e-07 0.0 1.6032866060855631e-06 8.178574462618587e-07 7.63333181072152e-06 0.00014315435025219418 2.4341448215859562e-05 9.107508276747684e-06 2.052576301312838e-06 8.589529696075113e-05 1.3750041488627866e-07 1.3453041960554638e-06 6.932101150204827e-07 2.8079593884348156e-07 4.911819569847036e-07 6.46065533469997e-07 2.326756961813634e-07 9.80828374146562e-07 0.00019968529416529998 2.352517987458365e-05 0.0 6.961382064084518e-05 7.5596340366827075e-06 1.099030762411011e-05 3.862417649840251e-06 2.2257675827594344e-06 6.830968222998754e-07 0.0004431385453730058 8.481314681479059e-07 1.5989929428968252e-05 3.374207289377968e-06 7.866918168719588e-08 1.5080997594093401e-07 5.988946171297496e-07 4.058892436888435e-07 2.0238522952774288e-07 2.525028436226056e-07 0.0 1.0415893429162647e-07 0.0 2.8305494421215335e-07 1.947481929965474e-06 0.0 0.00019693061839474535 4.645411922487731e-06 3.0028954702354095e-07 7.87877053807409e-06 0.00021478585765120556 2.4806677878339503e-07 5.900679275095583e-06 5.911936737611888e-06 0.0 1.7115345125329295e-06 1.931884314979708e-06 9.494816029396498e-06 1.3111443481649909e-05 1.7857216334432168e-05 3.2955682456225557e-05 4.238687458318496e-06 7.84318023165351e-05 4.868534328960526e-05 6.455949366445701e-05 0.00016536687666159397 2.6350004221425216e-06 8.885039284199074e-07 2.8187475805930705e-07 1.331642323226783e-06 0.0 0.0 0.0 0.0 0.0 0.0 0.0 0.0 4.167817327321451e-07 0.0 0.0 0.0 0.0 0.0 0.0 5.328656249720411e-07 0.0 0.0 0.0 0.0 3.914301919911134e-05 9.412433480221377e-07 2.7570482193417968e-05 2.3766549031518006e-06 0.0 0.0 0.0 0.0 0.0 0.0 0.0 0.0 1.226893616261482e-06 2.283557344894399e-06 0.0 0.0 0.0 0.0 0.0 0.0 0.0 0.0 8.607649948443341e-08 3.0627671631068016e-07 0.0 0.0 0.0 9.759819220259833e-06 8.078658834240348e-08 9.539468383259601e-08 0.0 0.0 0.0 0.0 0.0 0.0 0.0 3.224306569341917e-05 4.0927350737050205e-06 0.0 0.0 0.0 1.3439955477018414e-05 0.0 1.6374798484350333e-06 3.1477528803860407e-06 4.052434314163749e-07 1.6559740123548637e-06 0.0 1.9094583847057007e-06 0.0 0.0 0.0 0.0 0.0 0.0 1.3455372871248568e-07 0.0 0.0001866612495663433 2.7816986217446273e-05 1.044277135948726e-05
5.455385805079046e-07 6.41964227738578e-07 3.6716253869695013e-06 0.0 5.444875282435238e-07 0.0 2.95649767800673e-07 1.0094564245771527e-05 9.36092221453769e-08 0.0 3.5002887587627013e-06 9.915634180513082e-07 8.463167463552284e-06 7.545026002956899e-06 0.0 0.001086343078701971 0.00021823842153271693 5.704512761814742e-07 2.7764235070331395e-05 0.0 4.764043375583649e-07 0.0 0.0 1.9126581813302559e-07 2.0340470475016353e-07 9.383614449679258e-08 0.0 0.0 1.1001074692848607e-07 0.0 2.118516133106188e-05 1.2560730987375746e-05 9.443915059919649e-05 9.525816137954471e-08 5.829929746781291e-07 4.061827677349585e-06 7.751096526515362e-05 3.595652025754711e-05 3.054473195169683e-05 6.545198564202717e-06 0.0 1.1356268547500743e-07 2.858269166973293e-06 0.00018054898578925455 2.447263379367438e-05 3.1347563613092676e-05 7.803828212830531e-05 5.2265559841536175e-06 4.750201644865114e-06 3.3667686261552146e-06 7.885523763310961e-07 8.53402834533264e-08 2.0148867315252177e-07 2.2270906299353682e-07 7.720532290768221e-07 3.4207546209038896e-07 6.25893650660252e-05 1.97687709907925e-05 2.3623358306281476e-05 6.0188010863150874e-05 8.095552736210083e-05 0.00017094045383694322 1.2337263168210764e-05 7.499389989494275e-06 5.80431142388841e-07 1.7422969131337115e-07 1.4655729998427658e-06 5.355075587205076e-06 3.855233795588855e-07 1.5506077233014285e-06 4.5976714304277865e-05 8.452421379263674e-08 0.0 0.00044216608503850756 0.00013979899190908547 0.0003178722629548307 9.521437634434096e-05 0.0002228963015961788 3.756431861686575e-05 5.840228764236296e-05 4.733551817988634e-05 0.00025588036894108254 2.6778389027011894e-06 1.5753719837161405e-07 9.200916170158784e-08 5.737972459442766e-07 3.362756373086507e-06 1.306439504794589e-07 1.7541512357868977e-07 8.226997586245159e-08 5.616732136617918e-07 0.0 1.0242290727425334e-07 2.178814351134733e-07 0.0 1.033220268714624e-06 4.1217793512396055e-06 0.0 8.075617949658498e-06 1.1283203750323092e-06 0.0 0.0 0.0 0.0 0.0 0.0 0.0 0.0 0.0 6.605422290908402e-08 0.0 0.0 6.760983615713612e-08 0.0 6.337486843575777e-08 0.0 0.0 0.0 0.0 0.0 0.0 0.0 0.0 0.0 0.0 0.0 0.0 7.26955156387823e-08 0.0 0.0 0.0 0.0 0.0 0.0 0.0 0.0 0.0 0.0 0.0 0.0 0.0 0.0 8.999899346027394e-08 1.883172481454825e-07 0.0 0.0 0.0 0.0 0.0 1.463773776278458e-07 0.0 0.0 0.0 0.0 0.0 0.0 0.0 0.0 0.0 0.0 0.0 0.0 0.0 0.0 0.0 0.0 0.0 0.0 0.0 7.848276133140915e-08 0.0 0.0 0.0 0.0 0.0 0.0 0.0 0.0 0.0 0.0 0.0 0.0 0.0 0.0 0.0 0.0 0.0 0.0 0.0 0.0 0.0 0.0 0.0 0.0 0.0 0.0 0.0 1.7782881398995102e-07 1.0479434312545411e-07 1.895917639557047e-07
