0.0 0.0025813488511594114 0.00025920838168208235 0.0005568571310202153 8.664202775509204e-05 7.667117238523888e-05 0.0006526373717353846 9.822093930615188e-05 0.00019947605309113758 0.00048245780026653803 0.0003727805320233417 0.0001058992202245475 0.00024791415929912967 0.0002141798050186719 3.4414184451030666e-06 1.059967536018534e-06 2.4414494253236e-07 4.528820471169542e-08 0.0 5.419350757265064e-08 0.0 0.0 0.0 0.0 2.5456081064398295e-07 0.0 0.0 1.0381506185795253e-07 7.116785387789478e-08 6.754864424202251e-08 0.0004854830193604613 2.5482939376636174e-06 1.009350905731508e-05 0.0 6.49665384477282e-07 7.96846330085077e-07 8.765917066107188e-06 1.8727794541605313e-06 3.399902669206749e-07 2.0881600250689209e-07 2.157492807420132e-07 0.0 0.0 4.1538680393349205e-07 0.0 0.0 1.5452227741042906e-05 1.1173279606958452e-07 0.0 2.2365192457170413e-07 5.3642789714450766e-08 0.0 0.0 5.0387749283845396e-08 7.300897507112961e-08 1.6948619681559993e-07 0.00010887146572187877 0.0002712163945320464 1.1539803141542295e-05 1.7132619125280887e-05 3.539998193997316e-08 1.8492017098739898e-07 1.0475304846726819e-07 9.156640969631873e-06 2.2086589771641894e-07 2.032599761333205e-07 5.4863619631849946e-08 5.108595648100484e-08 1.144019918365045e-07 2.3818109746068305e-07 2.371924125735553e-06 0.0 0.0 0.00011094431864910358 8.82561227017383e-06 4.923372502334574e-05 2.936908003086313e-06 7.041917295681573e-07 3.1841038334522783e-07 3.4993644036272423e-06 2.0901755144993372e-07 1.3265456106103178e-07 1.009342574939758e-06 0.0 1.1794520450708489e-07 0.0 4.187684143795542e-08 0.0 0.0 0.0 0.0 0.0 7.099134145510046e-08 0.0 0.0 1.1634870813503269e-05 4.893991047154463e-08 0.0 5.905326822805281e-08 0.0004665002408964253 6.903249275976714e-08 1.3760338019559933e-06 2.0151283423514137e-07 6.545037933683857e-07 0.0 0.0 3.428444459949385e-07 1.1702905615796335e-07 3.265202969493231e-07 2.5440818021460274e-06 4.2004170927560043e-07 1.4373474382243374e-07 2.4758772533267877e-07 5.407147818555105e-08 1.5472005853285254e-06 0.0 0.0 0.0 0.0 0.0 0.0 0.0 0.0 0.0 0.0 0.0 0.0 0.0 0.0 0.0 0.0 0.0 0.0 0.0 0.0 0.0 0.0 0.0 0.0 5.475686891862132e-07 0.0 1.602819106947717e-06 1.1042151395237143e-07 0.0 0.0 0.0 0.0 0.0 0.0 0.0 0.0 0.0 0.0 0.0 0.0 0.0 5.622641625887743e-08 3.3744973355202114e-07 0.0 0.0 0.0 0.0 0.0 0.0 0.0 0.0 1.3175922392521406e-07 0.0 0.0 0.0 0.0 0.0 0.0 0.0 0.0 0.0 1.0101129006488205e-06 4.8006216738046855e-08 0.0 0.0 0.0 1.43456900611053e-07 0.0 0.0 0.0 0.0 0.0 0.0 0.0 0.0 0.0 0.0 0.0 0.0 0.0 0.0 0.0 6.029491877335229e-06 3.3982932912342127e-07 1.1477360713172622e-07
0.0025813488511594114 0.0 0.0016988325980501207 0.0011080307823460307 0.0026426327006940156 0.00014231409394137767 0.0018290841700467771 0.0006459605003826468 0.0020477206461952903 0.0006792410802203505 0.0021899369772864557 7.351041505286213e-05 0.0004070238237098129 0.0006276410957348785 1.0165772351297918e-05 4.958397932436045e-06 8.702023231288644e-07 1.915879711151479e-07 0.0 1.8084991659219554e-07 4.265892097794334e-07 0.0 0.0 3.1568220445558057e-07 2.228077285150551e-06 5.404020325636338e-07 1.5132741318868858e-07 2.069821201923973e-07 2.825605818948452e-07 0.0 0.0009168685100630816 3.2127342378456565e-05 2.7083729056946986e-05 4.56332609347008e-08 1.7012449970104496e-06 3.70681401484299e-06 2.3317091457176065e-05 5.7074120671667025e-06 8.695402179812776e-07 5.88447011312607e-08 4.714083828974422e-07 0.0 8.079158054321886e-08 1.4712176698579154e-06 5.441921464057283e-08 3.241164621703931e-07 9.487587965257488e-05 8.308691637691081e-07 2.2280748481664823e-07 2.7645435118651896e-07 1.0005258368547261e-07 0.0 0.0 9.157289716412992e-08 8.150925388262311e-07 6.408069518921766e-07 5.7686058229633805e-05 0.0003935662730011746 1.0070956925206418e-05 4.0760505482931645e-05 6.063161632118574e-07 1.695154852198813e-06 7.107012541123023e-07 5.303068814205065e-05 6.124744354672178e-07 8.917391698359339e-07 8.999786580180993e-07 1.8547161633714616e-07 4.5847418229698535e-08 3.5569610896306514e-07 8.940391273806325e-06 4.745787550238791e-07 0.0 0.0002221859086691161 5.09958752613387e-05 0.00016012693659619046 1.731358685496242e-05 3.342524730677202e-06 7.262789382706884e-07 9.57520872247293e-06 1.1740927837640139e-06 9.675707535509292e-07 3.251197527454031e-06 6.28698915918556e-08 3.3732719965065966e-07 0.0 4.6070994625782476e-08 0.0 1.8359471742493613e-07 5.065945724143392e-08 5.489062916322865e-08 0.0 4.1260127258328545e-07 2.808815449174324e-07 0.0 8.87302202943033e-06 4.866680113550182e-07 5.917259035558625e-08 6.728413822552276e-07 0.00020244748734304948 0.0 7.607101176900446e-08 0.0 6.279834137923148e-06 0.0 0.0 0.0 1.0103224227190372e-07 5.974220047105803e-08 2.268565730367279e-06 0.0 0.0 2.994669268849304e-07 0.0 2.5350927589267776e-06 0.0 0.0 0.0 0.0 0.0 0.0 0.0 0.0 0.0 0.0 0.0 0.0 0.0 0.0 0.0 0.0 0.0 7.314144159702244e-08 0.0 0.0 2.9973116622960606e-07 0.0 0.0 1.1853822048063598e-07 1.90570203683576e-06 0.0 2.050093108667023e-06 3.3196149227321056e-07 0.0 0.0 0.0 0.0 0.0 0.0 0.0 0.0 0.0 0.0 0.0 0.0 0.0 0.0 0.0 0.0 0.0 0.0 0.0 0.0 7.741942523497589e-08 0.0 0.0 0.0 0.0 0.0 0.0 0.0 0.0 0.0 0.0 0.0 0.0 8.532674528123192e-07 8.52363872273829e-08 0.0 0.0 0.0 6.631334107173479e-07 0.0 0.0 0.0 0.0 0.0 0.0 0.0 0.0 0.0 0.0 0.0 0.0 0.0 0.0 0.0 2.625862892817559e-06 3.877534857158501e-07 6.398983487340256e-07
0.00025920838168208235 0.0016988325980501207 0.0 3.8252014621373725e-06 0.0005968618418904336 6.2802091226529035e-06 8.67040846850151e-05 0.001910062755677432 0.0007910355720552152 1.377981272503343e-05 0.0020877989560880274 1.8596089922339771e-06 3.845448594711925e-05 0.0005636938112609859 5.801026526337569e-06 3.813985321791569e-06 5.376661868590423e-07 9.953669082511942e-08 0.0 7.230480829925136e-08 9.69031263779469e-08 4.8776920832806183e-08 0.0 1.5079092984002113e-07 2.083408935434156e-06 5.380265361706118e-07 5.578608341842859e-08 2.8527490916524806e-07 1.5615266867224934e-07 0.0 0.0019506580746503084 0.0001709084746650781 4.0305947579078965e-05 1.0457211929238632e-07 5.87240659152688e-07 3.552162280604516e-06 2.036601028358143e-05 6.458115166994713e-06 1.037050579286529e-06 2.901312463310159e-07 6.235188540234194e-07 8.872882414117531e-08 0.0 6.448013039185124e-07 0.0 1.0612868768501622e-07 4.3946339955710686e-05 3.465697612865188e-07 2.1734574405036288e-07 8.805044165175392e-08 4.345296651512179e-08 0.0 2.7614627315615664e-07 3.167411528637808e-07 2.274611108547354e-07 3.080578362780662e-07 1.1372708806301092e-05 0.00010664013661257602 2.111505679281209e-06 1.1138329719308977e-05 2.484787335559456e-07 1.7140600466578544e-06 8.98526490293248e-07 3.0074461844258553e-05 2.660758126256857e-07 3.709571248348614e-07 3.1682655992097566e-07 0.0 2.0271725392525357e-07 1.1266507536131234e-07 4.3609193005041576e-06 2.4469924154090107e-07 0.0 5.931718202138713e-05 2.3240917826305275e-05 5.564252012612026e-05 1.2365132026990151e-05 2.5380926209987596e-06 5.811894475264597e-07 6.42864134809133e-05 3.6041389389965574e-07 4.136697977532788e-07 6.251204683322912e-07 5.050197671825187e-08 1.8793565723542936e-07 8.9283834875193e-08 0.0 5.498442827461938e-08 0.0 0.0 1.3874648068176802e-07 0.0 5.129985160877005e-07 0.0 0.0 8.655040047849781e-07 1.9150254603958652e-07 0.0 4.512086634020297e-07 4.093718604411291e-05 0.0 0.0 0.0 0.0 0.0 0.0 1.6221633098972698e-07 0.0 1.8278618376971677e-07 6.636521414704247e-07 0.0 0.0 7.237385017507545e-08 0.0 8.507236018119345e-07 0.0 0.0 0.0 0.0 0.0 0.0 0.0 0.0 0.0 0.0 0.0 0.0 0.0 0.0 0.0 0.0 0.0 0.0 0.0 0.0 1.0735167079721182e-07 0.0 8.918527441045547e-08 0.0 6.635284588981989e-07 7.264752663920374e-08 1.4256142923840495e-06 5.7184957319774295e-08 5.331796361242967e-08 0.0 0.0 0.0 0.0 0.0 0.0 0.0 0.0 0.0 0.0 0.0 0.0 0.0 0.0 0.0 0.0 0.0 0.0 0.0 0.0 0.0 6.211956176501252e-08 1.409398429216488e-07 0.0 0.0 0.0 0.0 0.0 0.0 0.0 0.0 0.0 6.180524352387323e-07 1.3865560955493298e-07 0.0 0.0 0.0 7.214302724244566e-07 0.0 0.0 0.0 0.0 0.0 0.0 0.0 0.0 0.0 0.0 0.0 0.0 0.0 0.0 0.0 1.2560984373371956e-06 5.6842275016554874e-08 8.407837969615232e-07
0.0005568571310202153 0.0011080307823460307 3.8252014621373725e-06 0.0 7.75605011616105e-06 7.743693216815809e-05 0.0008497286562451649 3.825137267202136e-07 3.7278380164963994e-05 0.0012870114787195688 2.2976109137285105e-06 0.000766353993532913 0.0015056578018783444 8.883816528738624e-05 5.772668085987813e-07 2.251578726159571e-07 0.0 0.0 0.0 0.0 0.0 0.0 0.0 0.0 0.0 0.0 0.0 0.0 0.0 0.0 2.4388531489849738e-05 4.5902816598411275e-07 3.6803051508049477e-06 0.0 0.0 7.485039807200327e-08 5.474316802301265e-06 4.165963858856056e-07 0.0 0.0 0.0 0.0 0.0 4.6137018425218385e-08 5.265532016614329e-08 0.0 5.454677859417149e-06 5.57294246649794e-08 0.0 0.0 0.0 2.3738238831979605e-07 0.0 9.510174919661235e-08 0.0 4.798670284713082e-08 9.40296194524013e-06 4.315014864054598e-05 1.1785251848028446e-06 4.561774910316737e-06 0.0 2.8405834960070863e-07 0.0 2.4077205072338647e-06 0.0 4.789402988364614e-08 5.383303663710725e-08 5.9208469427873006e-08 0.0 0.0 9.019732574048586e-06 1.7255892290939902e-07 6.969913628341585e-08 2.2119811702448907e-05 2.5705104123796925e-06 1.1804890759380421e-05 5.432387721114244e-07 0.0 1.1038077893031377e-07 2.2295364980567029e-07 0.0 0.0 3.491334820405581e-07 0.0 4.815407995811124e-08 0.0 4.2407279624663145e-08 0.0 0.0 0.0 0.0 0.0 0.0 6.352045822799754e-08 0.0 1.6842311175081934e-05 8.397150997161297e-06 0.0 3.1215022623651095e-07 9.066909379250148e-05 0.0 6.086617716394528e-08 1.034657388857607e-06 3.911717995744662e-07 0.0 1.2889463699200274e-07 1.5980093292409763e-06 1.1231815603921116e-06 1.0331565219927064e-06 1.204405770924102e-06 0.0 7.843195562832544e-07 5.138407846295935e-07 0.0 3.537366296249044e-07 0.0 0.0 0.0 0.0 0.0 0.0 0.0 0.0 0.0 0.0 0.0 0.0 0.0 0.0 0.0 0.0 0.0 0.0 0.0 0.0 0.0 0.0 0.0 0.0 3.3927495804141417e-07 0.0 1.0915618002110264e-06 0.0 4.739986807420643e-07 0.0 0.0 0.0 0.0 0.0 0.0 0.0 0.0 0.0 0.0 0.0 0.0 3.00348241227022e-07 0.0 0.0 0.0 0.0 0.0 0.0 0.0 0.0 0.0 2.6883732549335207e-07 0.0 0.0 0.0 0.0 0.0 0.0 0.0 0.0 0.0 0.0 0.0 0.0 0.0 0.0 9.757788717570238e-08 0.0 0.0 5.307421115046094e-08 0.0 0.0 0.0 0.0 0.0 0.0 0.0 0.0 0.0 0.0 0.0 0.0 1.9541993216297193e-06 6.139784960875803e-08 6.431028431420159e-08
8.664202775509204e-05 0.0026426327006940156 0.0005968618418904336 7.75605011616105e-06 0.0 9.614328979066461e-06 0.0001741682393266907 3.180907734251698e-05 0.0015216853358360138 8.430982642012566e-05 0.0005977933938257518 8.861996798182148e-06 8.820407033017027e-05 0.0005730216425324632 3.9829270576267356e-06 7.267249378874002e-07 4.262972401687192e-07 1.1050003123667706e-07 0.0 0.0 1.1203229285290276e-07 0.0 0.0 0.0 6.755555879016567e-07 3.968544320002276e-07 0.0 3.08565499249522e-07 0.0 0.0 9.487984795004323e-05 4.232112331874345e-06 5.81753498525408e-06 0.0 3.868267921177363e-07 1.5522679716210699e-06 6.597766057059829e-06 2.1952443573624196e-06 2.0458222693113855e-07 0.0 3.6639187888444107e-07 4.757460478698247e-08 0.0 3.5163383219962815e-07 5.284385534398257e-08 1.4923581868278167e-07 5.510201271539247e-05 3.491386307887846e-07 1.8803825831885376e-07 3.9237700306352104e-08 0.0 0.0 0.0 0.0 5.4716274439822354e-08 1.5644872845215825e-07 1.0948639170025481e-05 9.30040967672377e-05 1.9281802238206093e-06 1.4461096405699522e-05 1.868563165409463e-07 6.157473320990213e-07 4.4769262693271817e-07 3.3300205073115095e-05 2.8797223160226954e-07 4.424994544236592e-07 2.3040563627090976e-07 4.8549299313443714e-08 4.842820688140196e-08 2.353996697934461e-07 2.2828675970583096e-06 2.1467589962224897e-07 0.0 5.9814607134930784e-05 2.4665753779311757e-05 6.519049855618816e-05 1.4974557304603674e-05 2.1655276610139935e-06 7.576181614946019e-07 5.0856016358241565e-06 1.3066434193916839e-06 2.949438439121126e-07 1.2025482845494965e-06 0.0 1.1166639388445223e-07 1.080598241326775e-07 4.491634616852605e-08 0.0 9.170340419266628e-08 0.0 8.860900200397156e-08 4.614911325372936e-08 1.9129731234059628e-07 0.0 0.0 6.879561516048936e-06 5.034182046764505e-08 0.0 1.4750687983935593e-07 1.3772776323182259e-05 0.0 0.0 0.0 0.0 0.0 0.0 0.0 0.0 1.287860312879433e-07 4.0800846754130827e-07 0.0 0.0 0.0 0.0 1.4414698602951407e-07 0.0 0.0 0.0 0.0 0.0 0.0 0.0 0.0 0.0 0.0 0.0 0.0 0.0 0.0 0.0 0.0 0.0 0.0 0.0 0.0 0.0 0.0 0.0 0.0 1.2001859145364674e-07 0.0 7.983594989897036e-07 1.6502441683019585e-07 0.0 0.0 0.0 0.0 0.0 0.0 0.0 0.0 0.0 0.0 0.0 0.0 0.0 0.0 0.0 0.0 0.0 0.0 0.0 0.0 0.0 0.0 0.0 0.0 0.0 0.0 0.0 0.0 0.0 0.0 0.0 0.0 0.0 0.0 8.992827977131765e-08 0.0 0.0 0.0 2.811123737060313e-07 0.0 0.0 0.0 0.0 0.0 0.0 0.0 0.0 0.0 0.0 0.0 0.0 0.0 0.0 0.0 1.3015755736307928e-06 1.9509796242249973e-07 5.950984012130689e-08
7.667117238523888e-05 0.00014231409394137767 6.2802091226529035e-06 7.743693216815809e-05 9.614328979066461e-06 0.0 9.053173705040926e-05 1.1710158188494962e-06 2.8768397778414028e-05 0.0002795100477122241 6.285378727138587e-06 0.0001018964780224307 0.00015699328417766777 9.280323215725109e-05 6.480257806949476e-07 5.605239082111886e-07 3.8630178646852736e-07 2.5841789875434595e-07 0.0 0.0 0.0 9.221528976831059e-07 0.0 0.0 4.359455483905366e-07 0.0 5.6055548089388264e-08 9.723772744379251e-08 7.333341828286262e-08 0.0 3.638627625834425e-05 2.265744090210613e-07 2.992243728245174e-05 0.0 1.0393655069405719e-07 1.5872696620742225e-07 3.106040493962071e-05 1.0938846018912288e-06 3.2333165645155423e-06 0.0 2.990553783849602e-07 0.0 0.0 3.2856329141619647e-07 1.1018057235557617e-07 7.655626439712987e-08 3.5005338541725753e-06 4.235240468949713e-08 5.814007038644514e-08 0.0 1.2818202411082914e-07 3.721870351080566e-06 1.1075661187467317e-06 3.0962769546828333e-07 0.0 0.0 0.00014446474354437683 9.748031659497424e-06 3.4319752489562656e-07 1.0620512655074647e-06 7.69494931734236e-07 2.5089629833014613e-06 8.385667585880654e-08 2.2713636133077194e-07 0.0 0.0 0.0 0.0 0.0 0.0 0.00023100551201676983 3.715385586024283e-05 2.445054756312678e-06 3.104686829043184e-06 1.3113487851691662e-07 1.5873345417073863e-06 2.0365589370035473e-07 3.756779233432486e-07 5.309008983593624e-08 6.072792444506522e-06 1.4131461593559905e-07 2.7098171561493127e-06 0.0 0.0 0.0 6.28117598369453e-08 6.952477255082626e-08 3.348864947892856e-07 5.990170355587933e-08 2.396515646385488e-06 1.4689282291832814e-07 5.761830173677736e-07 1.1122095283710155e-07 0.0 1.2256958988956182e-06 0.00024094683774344178 0.00014471522010035487 2.1776985900958703e-06 1.666463257207582e-05 0.0003643626079802814 1.8173749682123638e-07 3.3797552750476434e-07 7.720164624831228e-08 1.1743399416972505e-06 1.0288538622018356e-07 0.0 2.9273993101772962e-06 7.087255086937871e-07 8.848008779903353e-07 1.1507177420464283e-05 7.699427557105558e-07 2.3182542499116664e-07 6.563772079789741e-07 1.9708810902043795e-07 8.594923479778019e-06 0.0 0.0 0.0 0.0 0.0 0.0 0.0 0.0 0.0 0.0 0.0 3.174957260159339e-07 0.0 0.0 1.9362169062786696e-07 0.0 0.0 1.8002413035105555e-07 0.0 8.575840633234498e-08 3.0826341232601983e-07 0.0 0.0 0.0 1.3561521877118991e-06 6.715440238307254e-08 3.4659878707310845e-06 4.404873028956367e-08 1.8558602170292183e-07 0.0 0.0 0.0 0.0 0.0 0.0 0.0 0.0 8.619133362416366e-08 0.0 0.0 0.0 1.850280109108823e-07 0.0 0.0 0.0 0.0 0.0 0.0 0.0 0.0 8.285966558543903e-08 1.1260479401527894e-06 0.0 0.0 0.0 0.0 0.0 0.0 0.0 0.0 0.0 1.3160098437834335e-06 8.056097788511949e-07 0.0 5.3003403474720126e-08 6.962346364872086e-08 1.8123775472369259e-06 0.0 0.0 6.84488328230195e-08 8.917155342436817e-08 2.1773790929257408e-07 0.0 0.0 0.0 0.0 0.0 4.870932042630181e-08 0.0 0.0 0.0 0.0 1.9010190426621197e-05 2.5611959754798777e-07 9.155384949844705e-07
0.0006526373717353846 0.0018290841700467771 8.67040846850151e-05 0.0008497286562451649 0.0001741682393266907 9.053173705040926e-05 0.0 7.3283994376544e-06 0.00038579208643064734 0.001090653343681837 3.646105215272309e-05 0.000495290325215883 0.002911440730048703 0.0010902584436299774 3.818577153841756e-06 2.589785420297306e-06 4.947422125567168e-07 4.016128123165355e-08 6.692403756741092e-08 0.0 7.79250665457107e-07 0.0 0.0 0.0 1.6325772815758186e-06 6.812400221640678e-07 6.548393313892888e-08 1.7784398007840848e-07 0.0 0.0 7.63404825932363e-05 1.760186051356552e-06 1.4881129524718896e-05 0.0 9.886001287316865e-07 2.832058583385837e-06 2.3235924112608742e-05 4.7283528076420035e-06 8.197983235307349e-07 1.797966034281171e-07 2.1498206320117102e-07 0.0 0.0 7.667114139364852e-07 0.0 1.1027958778406774e-07 4.734658303465418e-05 1.8162286847817536e-07 5.6794120932092165e-08 7.793640820650215e-08 1.1237214176799056e-07 0.0 5.814211547104253e-08 1.4389440456796192e-07 3.362461066700348e-07 1.64438554148144e-07 1.9015233215591177e-05 0.00010531108064936096 2.4729697759244264e-06 1.4683720729316141e-05 9.074128738693816e-07 1.9314769046961884e-06 7.582643992181929e-07 2.163956171612067e-05 1.8824596503864568e-07 3.6171791911976226e-07 2.0873533428008589e-07 0.0 8.391361389693641e-08 3.871684924199817e-07 2.0155192990116915e-05 2.3403441816398343e-07 0.0 7.878778591105465e-05 2.062030199893096e-05 6.283788427913412e-05 8.69104088825732e-06 1.6827948834248346e-06 2.772820338607328e-07 7.596746296454824e-06 7.345432602664783e-07 2.576389152201814e-07 1.7523110161689256e-06 0.0 3.368094148618243e-07 4.1997555484300746e-08 5.6139509172671733e-08 0.0 0.0 0.0 0.0 0.0 1.2096684402727392e-07 0.0 0.0 3.5762273640460234e-05 4.819318161524595e-07 0.0 4.4146968676000044e-07 4.698979897672204e-05 3.7308682368131733e-07 7.537075813587019e-07 2.5027808231967175e-06 2.2101532718299098e-06 0.0 0.0 1.6787566791990375e-06 0.0 1.7685691143875558e-06 3.2781452423218785e-06 6.096715254025252e-07 7.741701798121191e-07 5.5574822575845214e-08 8.634090408445363e-08 2.144282042912316e-06 0.0 0.0 0.0 0.0 0.0 0.0 0.0 0.0 0.0 0.0 0.0 0.0 1.7653134207911645e-07 0.0 0.0 0.0 0.0 0.0 0.0 0.0 3.304239940692217e-07 0.0 0.0 0.0 1.6401277113864133e-06 0.0 2.8119646136833944e-06 6.302229544027721e-08 1.5679424864810095e-07 0.0 0.0 0.0 0.0 0.0 0.0 0.0 5.0188335517233665e-08 0.0 0.0 0.0 0.0 0.0 0.0 0.0 0.0 0.0 0.0 2.927361615754585e-07 0.0 0.0 0.0 7.674659240243557e-08 0.0 0.0 0.0 0.0 0.0 0.0 0.0 0.0 0.0 7.475473451013929e-07 1.329805268247338e-07 0.0 0.0 0.0 1.2175229840730667e-06 5.027678317377484e-08 4.2234989806057373e-07 1.0857617195678472e-07 0.0 1.368487097442672e-07 0.0 0.0 0.0 0.0 0.0 0.0 0.0 0.0 0.0 0.0 7.5948908371464524e-06 2.1612223390094726e-07 3.8452431065035086e-07
9.822093930615188e-05 0.0006459605003826468 0.001910062755677432 3.825137267202136e-07 3.180907734251698e-05 1.1710158188494962e-06 7.3283994376544e-06 0.0 0.0001442531776418395 1.4216811667670694e-06 0.00198324963266895 6.172187389347e-07 3.043339588971783e-05 0.000564967333683955 8.541981964887623e-06 5.174540315375328e-06 2.409570112825424e-06 9.136780017949555e-07 6.848119380924776e-08 2.794168485718964e-06 1.3724983461921901e-05 0.0 3.3657477969330296e-06 1.207669712427757e-06 1.6714361439247387e-05 8.77779359760347e-06 2.9788371067962926e-06 4.159109226286101e-06 4.6920503848252217e-07 5.261290898554228e-07 0.0027556356383644275 0.001932578356331815 0.00013992337729903795 2.9246948299441837e-06 4.117697034375101e-05 5.059432432859731e-05 4.13072863685933e-05 3.312712741044344e-05 2.753599948863158e-06 2.0150583139700237e-06 8.121788631057953e-06 1.2885249969057248e-06 1.2168373987416382e-06 2.0647661289326333e-06 3.691792436034387e-07 8.812091148312293e-07 6.365970757426067e-05 6.466331141208597e-07 1.767128118049932e-06 2.6274639057634495e-06 1.632404773734978e-06 5.260608047509915e-08 2.2648256940702705e-07 1.6100564946679795e-06 2.86504432944482e-07 2.884743629352108e-07 1.7766314703151192e-05 0.00042124978977750447 3.208237649304165e-06 1.2282865296295611e-05 3.995231827134951e-06 0.00010962003074431989 3.922980091483757e-05 0.0003397711746653692 4.421604861562339e-07 8.572285204111437e-07 3.19678236694592e-07 1.407513135997786e-06 3.2567895184871305e-06 8.51353096644147e-06 3.7435970280355668e-06 7.470207988818485e-07 0.0 7.955545532775329e-05 3.1322083910453844e-05 5.5565769434539446e-05 2.9306400230785522e-05 0.00012068870716156523 0.0003841370272120141 0.001171773789355643 2.7845571331668314e-06 3.4465175090352904e-05 8.831192418635555e-07 0.0 2.9918087180301883e-07 5.243112664100683e-08 8.825534020912732e-07 0.0 8.207868651718487e-08 0.0 2.9192048363792316e-07 0.0 6.580206541779645e-06 9.26735824155651e-07 1.61057002261773e-07 9.84077261979267e-07 8.51943909196705e-07 0.0 2.284826274579161e-06 4.781275183423506e-05 0.0 5.675939953985283e-08 0.0 1.3338863832129473e-07 0.0 0.0 7.617133803365865e-08 0.0 5.2036884782056806e-08 4.910983718138434e-07 6.97328351333565e-08 7.484601960894454e-08 0.0 6.71353704834603e-08 7.395488976170382e-07 0.0 0.0 8.043402407845635e-08 0.0 0.0 0.0 0.0 0.0 0.0 0.0 1.401227910836681e-07 0.0 0.0 0.0 0.0 7.929247046905143e-08 0.0 0.0 0.0 0.0 8.165373235254106e-08 0.0 0.0 0.0 9.6317471808028e-07 1.481753432180208e-07 1.7165388738781443e-06 1.3479220600711284e-07 1.827436424064178e-07 0.0 0.0 1.3406341263282508e-07 0.0 0.0 0.0 0.0 0.0 0.0 0.0 0.0 0.0 7.016291552326867e-08 0.0 0.0 0.0 0.0 0.0 0.0 0.0 0.0 0.0 2.3382701325183032e-07 0.0 0.0 0.0 0.0 0.0 0.0 0.0 0.0 1.4966021878265572e-07 7.501655398819438e-07 5.2576606932102e-07 0.0 0.0 1.743527233676217e-07 4.801938365936439e-07 7.46060870406731e-08 0.0 0.0 0.0 0.0 0.0 0.0 0.0 0.0 0.0 0.0 0.0 0.0 0.0 0.0 2.2982462007898635e-06 1.641210480075122e-07 1.044995305011173e-06
0.00019947605309113758 0.0020477206461952903 0.0007910355720552152 3.7278380164963994e-05 0.0015216853358360138 2.8768397778414028e-05 0.00038579208643064734 0.0001442531776418395 0.0 0.0002650969917806819 0.0007062695296406106 2.895731594564238e-05 0.00040744940821547644 0.0007355673376218871 6.4643886351716765e-06 1.5825776884476392e-06 8.779865164695015e-07 0.0 0.0 0.0 1.1483215375952507e-06 0.0 1.9243246942989486e-07 2.982203442172157e-07 1.3428960439480603e-06 4.644540231735198e-07 9.540634968224079e-08 1.2569963826315636e-07 3.9142209720806494e-07 4.947523433832796e-07 0.00018606333729466042 1.0012727332818334e-05 1.5902410024234178e-05 2.3922579784557595e-07 1.702891907240399e-06 4.015119049595617e-06 1.99646988554721e-05 6.3797632597613845e-06 7.541798967996822e-07 3.7748944036032915e-07 1.2642661448518294e-06 0.0 0.0 1.0538034032894696e-06 0.0 2.443051393242914e-07 9.807488780581118e-05 4.847434290881702e-07 2.1357835587301253e-07 0.0 3.074112336825536e-07 0.0 4.736787105898141e-08 0.0 3.945969153664349e-07 3.005966063908139e-07 1.8827251174575792e-05 0.0001617828295606782 4.331314511725452e-06 2.5780324465960658e-05 1.1720809250344468e-06 2.640025283838129e-06 7.220483969917213e-07 5.326466690598512e-05 6.040516194151308e-07 5.472979091744992e-07 2.13437578375573e-07 1.288132029846205e-07 2.389260983556347e-07 2.0164460705392408e-07 7.4343760976243975e-06 5.602321548208723e-07 0.0 0.00010152668814990044 4.2867229204863986e-05 9.532561490009338e-05 2.028432144244177e-05 3.0454419129644797e-06 1.1046434766366678e-06 1.3176733689743588e-05 8.007292610375882e-07 1.3435723272977846e-06 1.8750742372808315e-06 0.0 3.544275844295489e-07 1.6333086605856983e-07 4.710051003231024e-08 0.0 1.6488090054104882e-07 0.0 0.0 0.0 1.0134917182480762e-06 0.0 6.0023336538916e-08 1.5039574183664637e-05 4.642745692523949e-07 0.0 5.051334360475638e-07 3.1968665406459285e-05 7.288508979228084e-08 2.884909668599376e-07 0.0 0.0 0.0 0.0 5.01726757549113e-07 0.0 0.0 1.8622104929979688e-06 7.52609393452863e-07 7.422352558780466e-08 0.0 1.1341569798661098e-07 2.0593656483601415e-06 0.0 0.0 0.0 5.8272865747526576e-08 0.0 0.0 0.0 2.720536399497642e-07 0.0 0.0 0.0 0.0 1.1982322731490517e-07 0.0 0.0 5.565610342711229e-08 0.0 0.0 0.0 0.0 0.0 0.0 0.0 0.0 9.489260776438815e-07 6.049149874641912e-08 1.3379260018805146e-06 0.0 0.0 0.0 0.0 0.0 0.0 0.0 0.0 0.0 0.0 0.0 0.0 0.0 0.0 5.980182775038756e-08 0.0 0.0 0.0 0.0 0.0 0.0 0.0 0.0 7.008112475222971e-07 4.263473987964547e-07 0.0 0.0 0.0 0.0 0.0 0.0 0.0 0.0 0.0 5.998664573921856e-07 3.909075602297906e-07 0.0 0.0 0.0 4.588111978239415e-07 0.0 6.651184491083847e-08 0.0 0.0 0.0 0.0 0.0 0.0 0.0 0.0 0.0 0.0 0.0 0.0 0.0 2.697213970959768e-06 3.646003081990724e-07 5.476020772193317e-07
0.00048245780026653803 0.0006792410802203505 1.377981272503343e-05 0.0012870114787195688 8.430982642012566e-05 0.0002795100477122241 0.001090653343681837 1.4216811667670694e-06 0.0002650969917806819 0.0 4.724476771417433e-05 0.002124553853320169 0.004647415561853663 0.0011192003385566535 5.377441077354168e-06 4.259245726008941e-06 1.1526332966612025e-06 0.0 0.0 7.107038352433035e-08 0.0 0.0 0.0 0.0 3.2066232509642638e-06 2.6521698520498214e-07 1.2403013750621196e-07 7.074794215311509e-07 0.0 0.0 1.8303724943618737e-05 6.8427478806425e-07 0.0001488291644441341 2.8533058141313155e-07 1.4793867467684026e-06 3.41378439263699e-06 0.00032493295615974713 1.0537031824322599e-05 6.123503317156756e-06 4.5231296403870243e-07 6.804636783205948e-07 1.3659302912367757e-07 0.0 1.130575685377938e-06 0.0 0.0 3.0252782765993545e-05 6.390200389545473e-07 1.405406370027289e-07 0.0 1.5108213817475084e-07 1.2508655883851108e-07 1.651127969178627e-07 1.4031705610205335e-07 0.0 5.349877792022508e-08 2.3663631902580297e-05 2.783024834612954e-05 8.069526606786517e-07 4.814269311626583e-06 2.618242885084737e-06 4.609933950280685e-05 7.131877571567197e-07 4.450607377431707e-06 5.482101520426826e-08 4.561947237973912e-08 7.273953292312806e-08 8.593449982811826e-08 6.859535367477985e-08 4.94740460270575e-07 0.0005370428198075043 3.863820312637209e-07 0.0 1.8188468390209796e-05 4.1711440266090955e-06 1.5627936580728172e-05 3.71456156558306e-06 1.260442994334763e-06 2.4591164787196303e-07 1.656335824854544e-05 3.898773060702365e-07 1.2196369618947544e-06 5.575280800010062e-08 0.0 1.2917606135372472e-07 1.3056503866727203e-07 0.0 0.0 1.2018470727897235e-07 0.0 6.960503536438627e-08 0.0 3.528008412563014e-07 0.0 8.166869660591666e-08 0.0004222121891630221 9.185388312097662e-05 3.675371622957108e-07 9.973190978087293e-06 0.0001997961022043744 2.3606766874871447e-06 8.19347831935255e-06 2.6616361612562464e-06 1.4976932580271708e-05 1.952464594386056e-06 0.0 3.8578932871965496e-05 7.86528148547417e-07 1.4118785240288609e-05 0.00011753928020147331 8.39369086267404e-06 8.861519937608218e-06 3.084417811360684e-05 1.4229057368468947e-05 8.783904336056631e-05 2.4986287293808854e-07 0.0 0.0 0.0 0.0 0.0 0.0 6.673831685841843e-07 0.0 0.0 5.220041497179016e-07 0.0 2.930704968703983e-07 1.5763130087289317e-07 2.6242094013792466e-07 9.650515471713199e-08 2.1353518837147785e-07 9.957419605498253e-08 0.0 1.3054782346946185e-06 4.507528244058328e-06 0.0 2.0955648980103628e-07 0.0 3.898945417188927e-05 1.2026381421432157e-06 8.488318699551946e-05 2.7205375391593226e-06 1.0439100272649294e-06 0.0 0.0 0.0 0.0 0.0 0.0 0.0 9.549410813626348e-08 3.757931598061789e-07 0.0 0.0 4.578528729834426e-07 1.4954913510274377e-06 8.93412774275848e-08 0.0 0.0 0.0 2.139438854649499e-07 3.975557743931575e-07 1.4940059664439492e-07 2.463075384114475e-07 1.480608725356666e-07 2.0405300908334774e-05 5.185953900981203e-07 7.90663669970663e-08 0.0 0.0 0.0 0.0 0.0 0.0 0.0 2.6707052573750858e-05 5.275407658061644e-07 2.777030735352552e-07 6.26097243980083e-08 0.0 2.321713128969236e-05 0.0 8.047278879213751e-07 7.122313287492949e-07 5.256273954678691e-07 4.7519983009865735e-07 0.0 6.057610398630491e-08 0.0 0.0 0.0 0.0 0.0 0.0 0.0 0.0 0.00024412280988809403 6.608274926970126e-06 1.4894967256307335e-05
0.0003727805320233417 0.0021899369772864557 0.0020877989560880274 2.2976109137285105e-06 0.0005977933938257518 6.285378727138587e-06 3.646105215272309e-05 0.00198324963266895 0.0007062695296406106 4.724476771417433e-05 0.0 4.895159506689639e-06 0.00017492350424897952 0.0015194852601802579 1.1731364040061784e-05 6.3216759876933644e-06 1.6097279950714888e-06 6.077436502791997e-07 9.1105140369873e-08 6.869690068376423e-08 2.0352724932045503e-06 0.0 1.5161781520151755e-07 2.3496843622807816e-07 1.0966852141637335e-05 2.311106458518809e-06 9.3934395989139e-07 1.940196776042934e-06 6.530443867647937e-08 3.019721465075462e-07 0.0017718486421881476 0.0004939463702798341 0.0001413414787659423 5.371033471447816e-07 8.848373473893547e-06 2.2996786079974078e-05 6.320849430716597e-05 2.687254574739465e-05 2.916005351077127e-06 1.1709838137260063e-06 4.026108532404666e-06 1.2012471963231289e-07 1.194188388633216e-07 1.8813311600927622e-06 0.0 3.1064670616714343e-07 0.00011551166152746625 5.367322994281046e-07 5.297236616274065e-07 4.732371750234016e-07 4.205194842816297e-08 0.0 1.9563094570347513e-07 4.748621839288738e-07 2.6647532936142767e-07 4.133675982149861e-07 2.4678723131492955e-05 0.0003610815625512387 5.614307471460299e-06 2.3489933022939225e-05 7.44085203818569e-07 1.913484620685809e-05 3.4065786631866623e-06 8.95614176400952e-05 5.104545141834961e-07 6.705521758193586e-07 6.973084905890938e-07 3.841843896617971e-07 3.6737940699243967e-07 1.6523631597341238e-06 6.800237292713527e-06 8.657491716887167e-07 0.0 0.00012347703793303032 5.267768660997601e-05 0.00010433901055428736 3.0049694971118166e-05 1.0414422673758012e-05 0.00011803471598149779 0.0003566450941364465 1.2490073001931962e-06 2.1025295327077796e-06 1.7880924649460027e-06 0.0 6.249687176496553e-07 5.2021443041969045e-08 1.4167701483635758e-07 0.0 2.0837530028993002e-07 0.0 2.1957259342437792e-07 0.0 2.1446013193574555e-06 7.554423131069562e-08 1.5350986981224716e-07 7.872408614305242e-06 9.983281997573937e-07 0.0 2.8909101044688166e-06 7.032992465866388e-05 9.748247992510179e-08 0.0 0.0 0.0 0.0 0.0 2.4300506012644765e-07 0.0 2.625788260743529e-07 2.1620502604270423e-06 0.0 7.173369815476872e-08 1.7609627060168468e-07 0.0 1.6004286057599947e-06 0.0 0.0 0.0 0.0 0.0 0.0 0.0 0.0 0.0 0.0 0.0 0.0 0.0 0.0 0.0 0.0 0.0 0.0 0.0 0.0 0.0 0.0 0.0 0.0 1.478943008456686e-06 2.2222014913313523e-07 3.996117150563588e-06 5.8001612753692095e-08 0.0 0.0 1.4288914188273879e-07 0.0 0.0 0.0 0.0 0.0 0.0 0.0 0.0 0.0 0.0 0.0 1.1732559342458447e-07 0.0 0.0 0.0 0.0 0.0 0.0 0.0 0.0 2.7662574639322815e-07 0.0 0.0 0.0 0.0 0.0 0.0 0.0 6.551334361764327e-08 0.0 3.4043817873653147e-07 1.22536212217004e-07 0.0 0.0 0.0 0.0 0.0 0.0 0.0 0.0 0.0 0.0 0.0 0.0 0.0 0.0 0.0 0.0 0.0 0.0 0.0 2.347824848839945e-06 6.368586548106064e-07 9.858194443220677e-07
0.0001058992202245475 7.351041505286213e-05 1.8596089922339771e-06 0.000766353993532913 8.861996798182148e-06 0.0001018964780224307 0.000495290325215883 6.172187389347e-07 2.895731594564238e-05 0.002124553853320169 4.895159506689639e-06 0.0 0.001249526871354418 0.00021537111491469753 5.681857685552503e-06 3.648762802030924e-06 7.460748796866826e-07 0.0 0.0 0.0 6.32116144170591e-08 0.0 2.314002591107165e-07 8.111922651959668e-08 7.085978755947066e-07 8.005366537089208e-08 0.0 3.221414735232703e-07 2.8226829696271733e-07 2.2520264375211002e-07 3.4659385995078992e-06 0.0 8.06428326754146e-05 0.0 7.650179307337335e-07 3.1092865351195295e-06 0.00048377357516884073 9.459624351913135e-06 4.783258315471367e-06 9.962698085963488e-08 3.7803353646884144e-07 0.0 0.0 4.1514903356920026e-07 0.0 6.546996890489389e-08 2.1856703244509754e-05 0.0 1.1712013900060467e-07 4.1517514668684574e-08 1.0546195857412675e-07 0.0 0.0 0.0 0.0 5.5491334474682284e-08 2.0406061999631003e-06 5.528518120835792e-06 1.8005615349291196e-07 1.919733033423244e-06 4.578076378743524e-07 1.169097154715124e-05 2.2318154160053026e-07 1.0870120275328352e-06 0.0 0.0 5.443375996692737e-08 0.0 0.0 2.9729463262007603e-07 0.00011892167434716033 8.53282295441721e-07 0.0 4.246257889236015e-06 2.0289112575643775e-06 5.996060955999801e-06 2.2280677669484495e-06 1.0331547336698317e-06 0.0 9.647796968686362e-06 5.452544957806048e-07 2.0690661017346003e-06 6.59485096914992e-08 0.0 0.0 0.0 0.0 0.0 0.0 0.0 0.0 0.0 2.5245208968072086e-07 0.0 5.01042077640601e-08 0.00013152879691015132 1.4818050818277706e-06 0.0 2.7990410168916207e-06 1.1968102352861968e-05 9.918683721203427e-08 7.122866946849474e-07 4.884840735050476e-07 1.3695567577697547e-07 1.2195834968967665e-07 0.0 2.7588415142000355e-06 0.0 5.003321494960354e-07 9.526874557950873e-06 1.583701930911432e-06 5.7529049560172095e-08 4.874106788715085e-07 6.382509745311392e-07 1.2909208414400322e-05 6.437865050128206e-07 6.392560570326973e-08 0.0 1.7903355263452729e-07 0.0 0.0 0.0 0.0 0.0 0.0 0.0 0.0 0.0 0.0 1.1844828180426718e-07 0.0 0.0 2.0600335351510777e-07 0.0 0.0 8.825362936522839e-07 0.0 0.0 0.0 6.309360231486182e-06 2.69773091338997e-07 1.7236306556292055e-05 6.957695193836438e-07 0.0 0.0 0.0 0.0 0.0 0.0 0.0 0.0 0.0 1.4274331023349692e-07 0.0 0.0 0.0 5.887490892269259e-07 0.0 0.0 0.0 0.0 0.0 1.3410626931753772e-07 0.0 0.0 2.815728555848152e-07 5.1033873041268345e-06 0.0 0.0 0.0 0.0 0.0 0.0 0.0 0.0 0.0 5.104203756854129e-06 4.5019500866261073e-07 6.405987406581228e-08 6.691645183511577e-08 7.007561203300003e-08 2.763441643707994e-06 0.0 2.9294447641511964e-07 0.0 1.7426955058787246e-07 0.0 0.0 0.0 0.0 0.0 0.0 0.0 0.0 0.0 0.0 0.0 2.9448406596586186e-05 2.604293628816866e-06 3.6138478564986783e-06
0.00024791415929912967 0.0004070238237098129 3.845448594711925e-05 0.0015056578018783444 8.820407033017027e-05 0.00015699328417766777 0.002911440730048703 3.043339588971783e-05 0.00040744940821547644 0.004647415561853663 0.00017492350424897952 0.001249526871354418 0.0 0.002158231803707962 1.6251815295314974e-05 8.102225809015397e-06 3.6479642595599274e-06 2.1060332085776742e-07 0.0 6.607881401341243e-08 1.2044690289042809e-06 0.0 3.5105789763751603e-07 1.933110900261951e-07 6.032651933946846e-06 2.8908322110704507e-06 4.1980900207229424e-07 3.292119120687567e-07 5.115667766858647e-07 0.0 6.154697975873047e-05 4.752884381186604e-06 0.0002499123515481679 1.2081058424842201e-07 3.929549363129369e-06 1.3198171286783398e-05 0.0005391529031980169 3.982815493757356e-05 9.608497136547737e-06 9.004567438409505e-07 2.1790767653987034e-06 0.0 1.2311828203290828e-07 1.9897154274371727e-06 0.0 5.464495098834057e-07 9.824062395262258e-05 3.1673215268971566e-07 6.014870202657247e-07 3.0600244517504305e-07 4.823202966387221e-07 1.2083539103449653e-07 3.2901175954911863e-07 2.0881967825365742e-07 0.0 2.7124188100694184e-07 9.822708518177105e-06 5.9751898762228504e-05 2.108303193921083e-06 1.3199703577679475e-05 6.75729550725592e-07 3.1127764557684404e-05 2.8892956137847867e-06 1.9666957813317477e-05 1.924939435917903e-07 7.796989308834062e-08 1.6900258836341738e-07 3.910276211103504e-07 3.805725585470053e-07 1.3959486871138247e-06 0.00044260591284294646 2.2399937363378025e-06 0.0 4.331495035712316e-05 2.0604937075644173e-05 5.20140375789261e-05 1.796922764104119e-05 5.8951800860248366e-06 2.2759764592778325e-06 7.810736965257006e-05 9.206870855502249e-07 3.7260787658054755e-06 8.631166613159842e-07 0.0 1.7428193371024734e-07 1.6376144645815232e-07 0.0 0.0 5.8775015098834316e-08 0.0 0.0 0.0 2.28814209095996e-06 1.944950318427837e-07 2.2198234723670208e-07 0.0004330911262440044 1.8359671340948477e-06 0.0 6.338031578788521e-06 2.520841113927766e-05 6.527159840170231e-07 2.6783437816822385e-07 3.003150649097098e-07 8.336511364919317e-07 8.956165466269725e-07 0.0 4.515163238567484e-06 1.0635329383074547e-06 3.5628891997769733e-06 1.782432606384116e-05 3.0255557445782527e-06 1.14911151683757e-06 7.264881990745907e-07 1.2365365950433196e-06 1.7883763321477625e-05 1.7354642849443952e-07 0.0 0.0 0.0 0.0 0.0 0.0 7.594572105756897e-08 0.0 0.0 0.0 0.0 8.885310582408698e-08 0.0 0.0 0.0 0.0 0.0 0.0 2.702470284329623e-07 7.064976187591067e-07 0.0 0.0 0.0 1.4091321902835906e-05 9.202797803755646e-08 2.94481540871981e-05 1.8790810760351492e-06 4.3778131362433024e-07 0.0 0.0 0.0 0.0 0.0 0.0 0.0 5.0872082975279427e-08 5.630075102985999e-08 0.0 0.0 1.0627192919407418e-07 5.396195174296359e-07 0.0 0.0 0.0 0.0 0.0 0.0 0.0 0.0 1.0540494846253086e-07 7.205138988457536e-06 4.1270429709832253e-07 0.0 0.0 0.0 0.0 0.0 0.0 0.0 0.0 5.420128285816134e-06 8.634924838997829e-07 4.1301270846846506e-07 0.0 0.0 5.382866033625251e-06 0.0 7.152799958192288e-07 4.415922296705452e-07 0.0 0.0 0.0 0.0 0.0 0.0 0.0 0.0 0.0 0.0 0.0 0.0 4.299629876866253e-05 3.6635707731047082e-06 6.316144277105381e-06
0.0002141798050186719 0.0006276410957348785 0.0005636938112609859 8.883816528738624e-05 0.0005730216425324632 9.280323215725109e-05 0.0010902584436299774 0.000564967333683955 0.0007355673376218871 0.0011192003385566535 0.0015194852601802579 0.00021537111491469753 0.002158231803707962 0.0 4.2883940469504603e-05 2.6469495691065316e-05 7.8641051158761e-06 5.872578554312133e-07 2.5242439094682367e-07 9.164103992346592e-07 6.543305044313573e-06 4.7534771133708824e-07 1.886656411732834e-06 8.286949190160804e-07 2.5744929646282687e-05 7.997966272345e-06 1.1887082511147377e-06 4.963533698429446e-06 1.137821194876899e-06 8.249949375477949e-07 0.0005161909785918201 8.090811546819859e-05 0.0007380608302294119 4.4476689467279995e-07 2.02406749451567e-05 5.3306896150635016e-05 0.0009653836114313467 8.854988266689813e-05 1.1148710537193172e-05 3.6764059672858565e-06 6.437571112010953e-06 6.451308598417389e-07 2.0767700300093811e-07 6.430082636101263e-06 1.8640319966946801e-07 8.664746136468363e-07 0.0002969704674407472 1.0068580809432049e-06 2.0575561403909253e-06 6.400812036218268e-07 6.443041321409491e-07 5.626939501802309e-07 8.561864912490839e-07 1.133299206519846e-06 5.155931428448735e-07 4.064097789646963e-07 2.559593928279751e-05 0.0002515617571011517 6.6081553458285725e-06 3.4565010818493e-05 1.9250486272188734e-06 3.564555754530996e-05 6.3539163454625195e-06 8.502696307797919e-05 5.778934918901317e-07 7.390152206289525e-07 5.140266215570499e-07 5.279591027257124e-07 1.831281349777156e-06 4.81379568534944e-06 0.00014628895068526533 4.999539998402036e-06 2.0373662499144365e-07 0.00013337405480951697 7.398305392802601e-05 0.00016858549654452662 6.055829776805524e-05 1.705769007478683e-05 3.396178983901648e-05 0.00041770625510294875 2.6433329063667635e-06 6.33670862527441e-06 4.085562078644446e-06 1.0099196221360013e-07 6.511338858513631e-07 2.3145073756445725e-07 3.2135628266184754e-07 8.313892323858973e-08 4.681217112244517e-08 1.147853776296402e-07 2.3894210316967547e-07 0.0 3.7090016472423252e-06 8.827141529479739e-07 2.0782197427317975e-07 0.00018412235435926887 7.922734749784855e-06 7.030517503135251e-08 9.336873333739936e-06 5.013024957852477e-05 1.4744616244885333e-07 4.740790156290903e-07 1.2764595067999954e-07 4.866666644821226e-07 7.92783620880844e-08 0.0 2.4987549300198285e-06 2.3676443492701335e-07 2.2221500714179624e-06 1.7461303727601817e-05 2.0247459833134533e-06 8.409298718587126e-07 1.0507302537640583e-06 5.338973076618643e-07 1.59196033792796e-05 1.9254991314272102e-07 0.0 0.0 0.0 0.0 0.0 0.0 1.832619677462481e-07 0.0 0.0 2.567072395437312e-07 0.0 1.4427289837459371e-07 0.0 0.0 0.0 1.217887518150255e-07 0.0 0.0 2.2931995761601145e-07 1.0745763861241612e-06 0.0 0.0 9.921682878306819e-08 1.5379291681796395e-05 9.640996999335771e-07 3.27607220312979e-05 2.0819913562160918e-06 8.319584325835311e-08 0.0 0.0 0.0 0.0 0.0 0.0 0.0 0.0 0.0 0.0 4.194615178744034e-07 0.0 5.505117190779683e-07 3.978102522877834e-07 0.0 0.0 0.0 0.0 0.0 0.0 3.671391906348959e-07 1.4682318643640964e-07 8.10940533750854e-06 5.704202212294679e-08 0.0 0.0 0.0 0.0 0.0 0.0 0.0 3.2545947463100715e-07 8.472924795974937e-06 5.947449168991347e-07 0.0 0.0 0.0 6.225193040612942e-06 0.0 1.7992734469541796e-07 7.969298271954235e-08 0.0 1.2239246619368417e-07 0.0 0.0 0.0 0.0 0.0 0.0 0.0 0.0 0.0 0.0 3.939166137858439e-05 2.429214967986046e-06 5.530456410574952e-06
