0.0 0.0012419506120649021 0.00021083601613631524 0.0021024252877049924 9.404158349130989e-05 5.144242469513328e-05 0.001054212878136678 9.11175873151787e-06 5.051423416751276e-05 0.002693593653579553 4.489853572043988e-05 7.89197959002166e-05 5.966087404390308e-05 2.3484687080546206e-05 2.6611918820978144e-07 2.572922952743752e-07 0.0 0.0 0.0 0.0 0.0 0.0 0.0 0.0 0.0 0.0 0.0 0.0 0.0 0.0 0.0006775720032229853 5.808161763290483e-06 7.551074673935072e-06 8.898676042369318e-08 0.0 0.0 2.340982959343852e-07 0.0 3.7633481660606344e-07 0.0 8.720848329359106e-08 0.0 0.0 9.426065322461647e-08 0.0 7.178257486749739e-08 2.4100626932285364e-06 3.136569977236479e-07 0.0 0.0 0.0 0.0 0.0 0.0 4.390125495345749e-06 1.9186063541048e-06 0.0001247089502778292 0.0004669026888444597 1.3005892495876035e-05 1.041587379934101e-05 0.0 1.3859726511215593e-06 0.0 2.953965776436346e-05 1.322681339658779e-06 9.112114457889971e-07 2.991424530864058e-07 2.6629511402211773e-07 0.0 0.0 2.0415978979519697e-06 1.9751168916782006e-07 0.0 6.0157634318763775e-05 5.454578884412931e-05 1.01992897267418e-06 8.322496870426714e-07 7.400187738701137e-08 2.3298427876203382e-07 1.1160393743824154e-06 0.0 0.0 5.04576094067511e-06 0.0 9.053094073135643e-07 1.6784840674770937e-06 0.0 0.0 3.713095352404337e-07 8.009660268609971e-08 0.0 0.0 0.0 0.0 0.0 5.805646331834477e-05 4.069026062857312e-06 3.545616830546836e-07 0.0 0.0004924602219691693 0.0 0.0 0.0 6.536797143175149e-07 0.0 3.768367464761663e-07 1.0267633558771753e-05 0.0 7.82539842834863e-07 8.867985054822325e-06 5.275969610970513e-07 2.1296397043467884e-06 3.796116864124318e-06 6.956742269364341e-07 3.0137383144728616e-06 0.0 0.0 0.0 0.0 0.0 0.0 2.106572200502481e-07 0.0 0.0 0.0 0.0 0.0 0.0 0.0 0.0 0.0 0.0 0.0 0.0 3.942132204937683e-06 0.0 0.0 0.0 0.0 1.0882742031605135e-06 0.0 0.0 1.9740220299473575e-06 0.0 0.0 0.0 0.0 0.0 0.0 0.0 0.0 0.0 0.0 0.0 0.0 0.0 0.0 0.0 0.0 0.0 0.0 0.0 0.0 0.0 0.0 0.0 0.0 0.0 0.0 0.0 0.0 1.1510255126310207e-07 0.0 0.0 0.0 0.0 2.0703711447484265e-06 0.0 0.0 0.0 1.0826053180610953e-07 6.014971263640916e-07 0.0 0.0 0.0 0.0 0.0 0.0 0.0 0.0 7.64191467557246e-08 0.0 0.0 9.931852885645829e-08 0.0 0.0 0.0 4.868138978117644e-06 6.967183758637992e-07 1.5499134330734415e-07
0.0012419506120649021 0.0 0.0015199251750408502 0.00022075908365976917 0.002338917555198947 3.9105518018630574e-05 0.0021064207932255047 0.00027679884408339007 0.002572144922001801 0.0004885010087349301 0.0009041204678816989 2.3255807701022743e-06 0.0002314524545532169 0.0006562017174065536 7.616759617442911e-07 1.7969111724981803e-06 7.130774844634546e-07 7.938117969013407e-08 0.0 0.0 0.0 0.0 8.588367440379463e-08 6.920704116723961e-08 0.0 0.0 0.0 5.6833246731505676e-08 7.479751720515943e-08 0.0 0.0014084079779884441 0.00011546074651784386 5.475627616878399e-06 7.857855441183508e-08 0.0 0.0 5.697576376206153e-07 6.663155180828163e-07 1.273786174741073e-07 6.393669567029921e-08 0.0 6.499992500004928e-08 1.3385216755161514e-07 4.7446351148927456e-07 0.0 1.4759827746356252e-07 2.2452053888892024e-05 1.1360972159146048e-06 6.049778911103536e-08 0.0 3.174545810568822e-07 0.0 0.0 0.0 5.298974017145225e-06 5.415959753642854e-06 5.8040593993509944e-05 0.00020228556753364353 1.2070164400937462e-05 1.6740993197218732e-05 2.0669859934879797e-07 6.665741642953382e-07 7.406777538023207e-08 9.700807838497995e-05 4.453890549255446e-06 7.897903138802707e-07 8.143299898079103e-07 5.170106360839521e-07 1.3535009851925369e-07 7.08595390841944e-08 6.730082506160364e-07 8.275458596352761e-07 6.83791686350162e-08 7.677174656479199e-05 0.00014313190620276494 8.972347355366424e-06 2.0835800144489033e-05 1.8727810942712758e-06 2.109322841406463e-06 3.063251350503742e-05 0.0 3.775899482595498e-07 1.2072458104747142e-05 2.730745303855507e-07 2.301813035273482e-06 5.110487095668542e-06 1.4449669222611825e-07 0.0 1.1607378910905494e-06 6.275094109663227e-08 1.1778893480195618e-07 1.163781344883974e-07 1.4229904872611522e-07 7.575427966325365e-08 0.0 2.141165236074136e-06 4.1255735401443034e-07 1.2542412801865488e-07 1.349403303353219e-07 0.00037159230552470223 0.0 0.0 1.9085458657441275e-07 7.125114234303841e-07 3.145849042281889e-07 4.3001150853186696e-07 5.44218317787119e-07 0.0 6.310708223042881e-07 2.728820925553479e-06 0.0 1.4728697084124059e-06 7.203471587025388e-07 1.5558982874533983e-06 1.0152057510644321e-06 0.0 0.0 0.0 0.0 0.0 0.0 0.0 0.0 0.0 0.0 0.0 0.0 0.0 0.0 0.0 0.0 0.0 0.0 5.939001382934625e-08 1.0768933536834998e-06 3.0050724418513254e-07 0.0 0.0 0.0 1.2778392765197594e-06 0.0 0.0 2.544919238972478e-07 0.0 1.2647493496272632e-07 0.0 0.0 0.0 0.0 0.0 0.0 0.0 0.0 0.0 0.0 0.0 0.0 0.0 1.371516923513049e-07 0.0 1.209046990227243e-07 0.0 0.0 0.0 0.0 0.0 8.72544345236464e-08 1.9098100020923395e-07 0.0 0.0 0.0 0.0 0.0 0.0 0.0 0.0 5.368902290018703e-07 0.0 0.0 0.0 0.0 7.17375650373452e-08 0.0 0.0 0.0 0.0 2.770492503896923e-07 0.0 0.0 0.0 0.0 0.0 0.0 0.0 0.0 0.0 0.0 2.2555385025687856e-07 1.0233357215584908e-06 2.727504841667132e-07
0.00021083601613631524 0.0015199251750408502 0.0 6.957865113866218e-06 0.0016672123751197887 3.5258088215411197e-06 0.00031230671330409395 0.00113428234289335 0.0012524128219529045 0.00013718236738280572 0.001994542253760496 2.215039028500411e-06 7.299597851321992e-05 0.001122122247381684 1.984942862315174e-06 4.376473798293654e-06 3.677159866927309e-07 0.0 0.0 0.0 9.07403633258989e-08 0.0 8.719020103460229e-08 1.76979102393166e-07 9.037530481562844e-08 0.0 1.0292147093797732e-07 2.8506703057355393e-07 0.0 0.0 0.003276023007649286 0.00021436479182058152 7.483560884432334e-05 2.576004059122433e-07 1.9076251357084132e-07 1.0352177709795959e-07 1.2635019476855912e-05 7.688072754380442e-06 1.5204004710704755e-06 1.2514532356907615e-07 2.5874529827272275e-07 0.0 0.0 6.464478393310637e-07 8.122860878268736e-08 9.843749588100814e-07 1.163340785760384e-05 3.623299786207328e-07 2.866761899862716e-07 0.0 0.0 0.0 1.5211435698592465e-07 0.0 8.371613864634643e-07 9.81478039368974e-07 6.8044926236618985e-06 3.624702262635656e-05 2.2851098109005326e-06 3.7717849101318302e-06 1.1130905033101298e-05 1.684444489118694e-05 1.0723129519894939e-07 5.7470787952244316e-05 8.090904785686674e-07 0.0 6.938948173977528e-08 0.0 8.461340531273521e-08 0.0 6.908360972358986e-06 5.842050836386733e-07 0.0 1.0441357167275919e-05 3.133888868606865e-05 6.795837713574017e-06 1.749958004386342e-05 4.039359939183146e-06 2.748049912905284e-05 0.0001978882550162415 1.5707661572108138e-06 1.7836710766311326e-05 2.326328637286207e-06 8.068609639067258e-08 4.440782674369143e-07 6.836201537373738e-07 4.775898664589532e-07 0.0 4.1983466177881634e-07 0.0 7.955950675439727e-08 8.766403898585592e-08 0.0 0.0 0.0 3.5998435728856186e-06 1.0389185640771361e-07 0.0 1.403925699835498e-06 0.00010043131791124033 7.985324398939626e-07 0.0 1.9281818987240582e-07 0.0 1.6182871238525001e-06 3.4416601198718814e-06 4.813069362243835e-07 3.454769352284131e-07 3.156455181034254e-06 7.092644171483348e-06 1.1313377913390159e-06 4.1693405859895685e-06 1.4175772468093479e-06 2.7115890983131697e-06 4.819857517254195e-06 0.0 8.850998230317681e-08 0.0 0.0 0.0 0.0 0.0 0.0 0.0 0.0 0.0 0.0 0.0 0.0 0.0 0.0 0.0 0.0 0.0 7.0997684676547804e-06 1.0449992570602767e-06 0.0 0.0 0.0 9.064010682847371e-06 5.226308446688131e-07 2.9993464246925664e-06 9.698665673809024e-07 0.0 0.0 0.0 0.0 5.512761224740865e-07 0.0 0.0 0.0 3.776198274738672e-07 4.572132109813011e-07 0.0 0.0 0.0 0.0 0.0 8.520330149987536e-08 0.0 0.0 0.0 6.330780096891018e-07 0.0 0.0 0.0 1.5842903559716772e-07 1.52018429700141e-07 0.0 5.27925673384974e-07 7.040255764859795e-08 0.0 0.0 0.0 9.459887501590866e-08 0.0 3.8199964072459555e-06 0.0 0.0 0.0 0.0 6.802216659782996e-07 0.0 1.0892591189331023e-06 3.4780621099313523e-07 6.462539041292758e-07 7.657351314593102e-07 0.0 0.0 0.0 0.0 8.549738664353422e-08 0.0 0.0 0.0 0.0 0.0 1.3865636183216323e-06 4.053526118104052e-06 4.981119920977268e-06
0.0021024252877049924 0.00022075908365976917 6.957865113866218e-06 0.0 7.739823679780445e-06 0.00022746698548808099 0.0009690181231460566 1.0679462139648112e-06 4.57148113860172e-06 0.0013290113490151967 8.879124967319778e-06 3.609030423035299e-05 3.8509107603386664e-05 2.8386110275500586e-06 1.1122093434503453e-07 0.0 0.0 0.0 0.0 0.0 0.0 0.0 0.0 0.0 0.0 0.0 0.0 0.0 0.0 0.0 9.983711898080367e-05 1.234850591029204e-06 9.456206662078226e-07 0.0 0.0 0.0 9.324967841122983e-08 0.0 3.092081191465464e-07 0.0 0.0 0.0 0.0 0.0 0.0 0.0 2.1192805568668404e-06 1.635155557086714e-07 0.0 0.0 7.871891850174286e-08 0.0 0.0 0.0 1.3705216250545714e-06 1.3187211977096593e-06 3.1063379262353155e-05 8.792592326613615e-05 8.16631236413777e-06 6.5797172701944974e-06 0.0 0.0 0.0 1.479861833401782e-05 1.3508955313475307e-06 1.331856018462754e-07 0.0 8.491191094289583e-08 0.0 6.862683867040656e-08 0.0 0.0 0.0 3.6685815516595916e-05 4.100580809714793e-05 7.983699119759001e-07 1.2257556105952904e-06 7.79228966662428e-08 8.500624194188713e-08 2.16012844099285e-07 0.0 0.0 3.711737144283194e-06 0.0 5.329143970543646e-07 4.783941630631672e-07 0.0 0.0 0.0 0.0 0.0 0.0 0.0 9.679969744601947e-08 0.0 3.7051138092950084e-06 5.019031834620536e-07 0.0 0.0 0.00023379898093906873 2.1155824890538027e-06 6.905458056609801e-06 1.309497211380322e-05 8.896633088609923e-06 0.0 2.482384437836218e-06 3.934441417963659e-06 2.6388453541445534e-06 8.578472372353946e-07 3.556960010384248e-06 0.0 1.9819339913247132e-06 2.333624998166024e-06 4.957538092164133e-07 0.0 0.0 0.0 0.0 7.854657410208159e-08 0.0 0.0 0.0 0.0 0.0 0.0 0.0 0.0 0.0 0.0 0.0 0.0 0.0 0.0 0.0 3.288309111321874e-07 0.0 0.0 0.0 0.0 2.804606653430888e-07 0.0 0.0 0.0 0.0 0.0 0.0 0.0 0.0 0.0 0.0 0.0 3.103320346613577e-07 1.4421618916367085e-07 0.0 0.0 0.0 0.0 0.0 0.0 0.0 1.110323678513899e-07 0.0 2.440938672678238e-06 0.0 0.0 0.0 0.0 8.757528816889926e-08 2.5275790620607064e-07 0.0 6.308811234020644e-08 0.0 0.0 0.0 0.0 0.0 1.2564584816106267e-07 0.0 0.0 0.0 0.0 0.0 0.0 0.0 3.079823277900417e-07 6.928486424140743e-07 0.0 7.84718897097648e-08 0.0 0.0 0.0 0.0 0.0 0.0 0.0 0.0 0.0 6.246783622314816e-07 1.2939848647065986e-07 8.198473027011829e-08
9.404158349130989e-05 0.002338917555198947 0.0016672123751197887 7.739823679780445e-06 0.0 9.275710455538191e-07 0.0006035180420574908 0.00014327525915891527 0.0012216846132615008 0.00021830349537203282 0.00047541939488451136 1.4048141807849646e-05 0.0004137049442087364 0.0006343363098422577 1.2324362140775841e-06 2.0669569874561812e-06 8.495773631187716e-07 0.0 0.0 0.0 0.0 0.0 8.195404609066625e-08 1.3843103435447444e-07 0.0 2.016443119513696e-07 0.0 0.0 1.4185496037614894e-07 0.0 0.00033970705742955804 7.42573210662107e-05 1.0850200906735435e-06 6.543616835082264e-08 6.236305704957956e-08 0.0 4.768521193239798e-07 1.9087151130745416e-07 1.9829510101983482e-07 0.0 5.821316844606712e-08 7.146303099602284e-08 0.0 5.318679730772335e-07 1.2872236350978164e-07 6.328855548045529e-08 2.7644291354006962e-05 1.4957330103385906e-06 5.981701372454881e-08 1.6366596139754617e-07 1.6922614891684283e-07 0.0 2.7474510932021063e-07 0.0 4.054260689719787e-06 5.566568198227179e-06 1.8699286358514637e-05 5.2566235891920504e-05 6.828393832624786e-06 1.3970399161977904e-05 3.36746344774404e-07 4.682237730855393e-07 1.763947045271994e-07 6.089369787256905e-05 4.9357172234981e-06 1.8239753043595926e-06 1.1405357663797251e-06 3.7540965585123997e-07 1.2757283918890918e-07 0.0 1.2229260421776884e-06 6.818913546760946e-08 0.0 5.0397381021734094e-05 0.00010729477863785326 1.3316917472494363e-05 2.676202054683199e-05 5.033144885842561e-06 5.924895648027065e-06 7.450243165356002e-07 4.1914806062771165e-07 5.534214023099112e-07 1.2247676956454006e-05 1.839613119857365e-07 3.3392197929670155e-06 2.5917688408158392e-06 5.03506578505799e-07 5.484499649256988e-08 9.320785467401074e-07 6.782930923071376e-08 1.1836559340567548e-07 0.0 0.0 0.0 0.0 2.0551882198234227e-06 2.5736432601044327e-07 1.3967423478744898e-07 5.7430810552639624e-08 2.765827359157288e-05 2.7757746441796067e-07 0.0 0.0 0.0 2.8103805046195075e-07 6.01748521068664e-07 4.1048367514515265e-07 1.9504075318288872e-07 1.6665230223249842e-06 2.8371340188541805e-06 1.3546235704683547e-07 3.9319465581420586e-06 1.5109668390757486e-06 8.312876991329408e-07 9.440886777110799e-07 6.804972642108169e-08 0.0 0.0 0.0 0.0 0.0 0.0 0.0 0.0 0.0 0.0 0.0 0.0 0.0 0.0 0.0 0.0 0.0 0.0 8.487412669808725e-07 9.325849209727961e-08 0.0 0.0 0.0 1.2204769050579053e-06 0.0 6.646919102281068e-08 2.903600515290312e-07 0.0 0.0 6.775472716447339e-08 0.0 0.0 0.0 0.0 0.0 1.6712377781573428e-07 3.1751645763529923e-07 0.0 0.0 0.0 9.993842704920766e-08 0.0 1.1809480790961966e-07 0.0 0.0 0.0 0.0 0.0 0.0 0.0 0.0 1.1035431433853642e-07 0.0 0.0 0.0 0.0 0.0 7.280805951852177e-08 0.0 0.0 6.718195558731067e-07 0.0 0.0 6.595990731868181e-08 0.0 6.607998151198128e-07 0.0 0.0 0.0 5.5552970150171436e-08 0.0 0.0 0.0 0.0 0.0 0.0 0.0 0.0 0.0 0.0 0.0 9.707951697027634e-07 1.0229764956345773e-06 1.0608207103456781e-07
5.144242469513328e-05 3.9105518018630574e-05 3.5258088215411197e-06 0.00022746698548808099 9.275710455538191e-07 0.0 3.128750115467473e-05 6.308364273718799e-07 4.413158713132715e-06 0.0006227014041457798 6.075217446573487e-07 0.00017336792778313738 9.435288990897971e-05 2.566120987806117e-05 0.0 0.0 0.0 0.0 0.0 0.0 0.0 0.0 0.0 0.0 0.0 0.0 0.0 0.0 0.0 0.0 1.2677870506486716e-05 3.299486188650286e-07 1.6456864834442087e-05 0.0 0.0 0.0 1.122600350495277e-05 1.0211671454859326e-06 2.6486605123261166e-06 0.0 0.0 0.0 0.0 0.0 0.0 0.0 1.2447504683803125e-07 0.0 0.0 0.0 0.0 8.1753908564299e-07 2.699139507541755e-07 0.0 9.168492169394426e-08 9.49280102516139e-08 0.00013892769527071487 1.8837750017833145e-05 1.6511856668854332e-06 1.080128651815883e-06 2.3311795754828163e-07 6.296506605190838e-06 0.0 0.0 9.215258597191996e-08 0.0 4.0126363178062675e-07 4.1341721367814565e-07 0.0 0.0 2.6277516411884347e-05 4.6641733186259545e-05 3.484093863763006e-06 5.113630143432156e-06 1.736417810695385e-06 0.0 0.0 0.0 4.825203051952095e-07 3.13957740884013e-07 0.0 1.7540721559487482e-06 2.853506034182943e-07 4.848147423417766e-07 0.0 9.300425272778252e-08 9.233968579180246e-08 2.0739919870715818e-07 0.0 3.944466003514983e-06 0.0 0.0 0.0 0.0 0.0 9.733473572311622e-05 4.5603970661263474e-05 9.745338207198867e-06 4.734787266940632e-06 0.0005564607056894584 5.117183075349254e-07 0.0 0.0 0.0 0.0 1.1848886221908107e-07 4.156762514596588e-06 0.0 8.225349039203466e-07 3.3492930106915957e-06 0.0 9.327135721378226e-07 2.0931419643667336e-06 1.0692831109751035e-06 1.1908232753976709e-06 0.0 0.0 0.0 0.0 0.0 0.0 0.0 0.0 0.0 0.0 0.0 0.0 2.1808419675575848e-07 0.0 0.0 0.0 0.0 0.0 0.0 2.419873635575751e-07 0.0 0.0 0.0 0.0 1.0885238719652636e-06 0.0 0.0 0.0 0.0 0.0 0.0 0.0 0.0 0.0 0.0 0.0 0.0 0.0 0.0 0.0 0.0 0.0 0.0 0.0 0.0 0.0 0.0 0.0 0.0 0.0 0.0 0.0 0.0 0.0 0.0 0.0 0.0 0.0 0.0 0.0 0.0 2.6693293292171914e-07 5.997367904060568e-07 0.0 0.0 0.0 1.5987488941364207e-07 0.0 1.4486851107917159e-07 0.0 0.0 0.0 0.0 0.0 0.0 0.0 0.0 0.0 0.0 0.0 0.0 0.0 6.04219259223181e-07 6.59491153284877e-07 0.0
0.001054212878136678 0.0021064207932255047 0.00031230671330409395 0.0009690181231460566 0.0006035180420574908 3.128750115467473e-05 0.0 7.80854126121543e-05 0.0008286571543677901 0.00172162920035304 0.00022529741085627295 7.018341483400761e-05 0.0024951591476130557 0.0006834602152284275 2.377365589309662e-06 3.3514480422025046e-06 1.460474759765805e-06 2.7495414444001033e-07 0.0 6.37989920583786e-08 0.0 0.0 0.0 1.3129037965429108e-07 6.485064489801526e-08 0.0 1.3223602950048497e-07 0.0 0.0 0.0 0.0006349089014858368 6.601060113044056e-05 7.724126590197467e-06 5.367879302123942e-08 0.0 0.0 3.881581165336473e-06 8.853094686971572e-07 1.854142228906152e-07 6.677857732576497e-08 0.0 0.0 0.0 8.792537228114501e-07 0.0 1.7005772565303298e-07 4.8024771858845976e-05 3.2463710519993215e-06 9.514666811564102e-07 1.3729632684946907e-07 7.829601540155363e-07 1.357541091559517e-07 1.7265237386436783e-07 0.0 1.0924730571792059e-05 1.2300344310783644e-05 7.662053237712214e-05 0.00022252057888697818 1.930451628557298e-05 3.0467914155868514e-05 1.4569536035063063e-07 3.6098433887047077e-06 6.777347330167531e-08 0.00012310078000695113 8.542990853104129e-06 2.033604413389522e-06 2.02388176139192e-06 9.067389674078017e-07 3.990098999472634e-07 0.0 4.863500032264444e-06 3.778251140484004e-07 0.0 0.0001322856577328251 0.0002401982443009123 1.7319449782659652e-05 4.053903886536276e-05 6.667873999005754e-06 8.169850069934695e-06 1.8803830417457429e-06 3.668909895232552e-07 7.680506307232757e-07 2.7542291977452386e-05 1.8346672912792133e-07 4.874869639516528e-06 6.660597427989119e-06 1.450568299437112e-06 0.0 1.304674641382968e-06 9.08680116953757e-08 5.910696148324804e-07 0.0 1.1791864674730761e-07 1.4848075119016884e-07 6.325538818821523e-08 3.1967494374276536e-05 4.989579251824402e-07 5.316105104363288e-07 3.9673851004397757e-07 0.00011705183448716625 1.5439725652628727e-06 2.046928493042712e-06 1.682144048160136e-05 2.2959075954792686e-05 2.2260522476717673e-06 1.3546181117132638e-05 1.2195184821886774e-05 2.0601100222388278e-07 1.6510149583386475e-05 2.305903510628324e-05 1.1327390241644282e-06 1.9338283580405662e-05 1.3724642126229877e-05 1.0359052691893045e-05 9.745716922829463e-06 0.0 0.0 0.0 0.0 0.0 0.0 0.0 0.0 0.0 0.0 0.0 0.0 0.0 0.0 0.0 0.0 0.0 0.0 0.0 1.0031023062156683e-05 1.9032768573079192e-06 0.0 0.0 0.0 8.027990122867754e-06 0.0 6.3340148492843284e-06 2.9623352738566324e-07 6.435509335334325e-08 0.0 0.0 0.0 9.592081195382664e-08 0.0 0.0 0.0 2.1431187090905625e-07 6.618781273132286e-07 0.0 0.0 0.0 0.0 8.19019962264557e-08 3.068062464414666e-07 6.385383201360647e-08 2.3621406834063685e-07 7.056840093153672e-08 5.337812080695388e-07 0.0 0.0 0.0 5.462115478951077e-07 1.7018656850890866e-06 7.254045636344291e-08 0.0 5.4243643195738813e-08 0.0 5.98896243083833e-08 5.932921167473174e-08 0.0 0.0 4.905993145745112e-06 0.0 0.0 0.0 0.0 7.025969339155606e-07 0.0 0.0 9.382106312897004e-07 7.628066137258006e-07 6.107980960115964e-07 4.6006960247440463e-07 7.190005202497707e-08 0.0 0.0 0.0 0.0 0.0 0.0 0.0 0.0 5.530640898836265e-06 4.19617593379843e-06 2.803799055105275e-06
9.11175873151787e-06 0.00027679884408339007 0.00113428234289335 1.0679462139648112e-06 0.00014327525915891527 6.308364273718799e-07 7.80854126121543e-05 0.0 0.0005115056370731975 7.102697194133485e-05 0.0012508442253302203 5.993525061903729e-06 6.222027488533792e-05 0.001687449731022761 5.672378511667965e-06 1.927671080810957e-05 2.2897012979194837e-06 2.2965063844846242e-07 6.519342292840393e-07 2.4735164439267795e-07 1.2508505146353757e-06 0.0 1.0701053555731232e-06 9.421453281544806e-07 7.402963913372058e-07 3.885741136469383e-07 7.000042844735854e-07 5.180112248005811e-07 2.551071014470045e-07 0.0 0.0011264287010592177 0.001355122734717016 0.00047598034177966233 4.017692426607856e-06 2.3199879269211202e-06 6.49721318733433e-07 7.485856834640484e-05 3.907202085440705e-05 1.4186548829684849e-05 9.85252459489374e-07 1.1694334416851203e-06 2.9116462100278235e-07 1.5910134998148125e-06 4.5545578585905385e-06 1.4703402964856637e-06 3.993800365596201e-06 5.793466461003576e-05 2.5826404577397094e-06 5.111633113615862e-07 1.5865958852649299e-06 2.9894975944101187e-07 8.242731101589188e-08 2.132604841172183e-06 8.899465999679355e-08 3.4086214583316235e-06 4.398710687266891e-06 1.2362735388123822e-05 5.466029327901046e-05 6.1279805644671885e-06 1.9898885026133446e-05 4.295798891600526e-05 9.462800076239492e-05 2.4267446269558503e-06 0.00030532279774482085 3.826798076120142e-06 1.0499920191988167e-06 9.626433901109477e-07 2.664009328286229e-07 3.977763659176423e-07 1.7587478163981724e-06 4.545922079385906e-05 1.766603976637356e-05 0.0 4.178954346328589e-05 0.0001601315653887255 2.684884576439544e-05 0.00012693781150591198 0.00019370803377110176 0.0003943397938595948 0.0015152266107410872 1.6004954303997876e-05 0.00017668885292883865 1.2468687184419619e-05 0.0 2.275698492812205e-06 3.408418873165508e-06 1.3174297266555636e-06 2.184600540779616e-07 4.448962825571084e-07 1.098039091951597e-07 2.52579858833083e-07 2.776374957161328e-07 1.178519308276493e-06 6.928423118408126e-07 4.183006301714133e-07 1.3966119285148634e-05 1.8364916560741397e-06 9.425392699052578e-08 3.988338499792877e-06 2.1054705238549473e-05 2.6758282288746998e-06 2.7465268499711e-07 1.1459772897590559e-06 0.0 7.615541036663925e-06 5.668140022325741e-06 7.845741193429769e-07 2.2788903364707994e-07 4.88070495456839e-06 1.8194630368246655e-05 2.8969609377429275e-06 1.684307350346716e-05 8.184895659621653e-06 8.101815494594663e-06 1.4621722456833487e-05 1.1271457307485375e-06 2.0583023979900057e-07 0.0 0.0 0.0 0.0 0.0 0.0 0.0 0.0 0.0 2.6667348856580095e-07 0.0 0.0 5.687941284632152e-08 0.0 0.0 0.0 0.0 4.510890554065013e-05 8.906864645705172e-06 7.964128575467985e-08 0.0 7.662677591523419e-07 2.7640363301515417e-05 2.864442331431777e-06 1.6847699467552123e-05 5.705060566831864e-06 1.1415362698246236e-07 0.0 0.0 0.0 8.801699573215398e-07 0.0 0.0 0.0 1.0460036830047715e-06 1.5931681458974994e-06 0.0 7.489650745149749e-08 0.0 1.2780501023458967e-07 9.650237197660695e-08 0.0 0.0 0.0 1.7514814779891793e-07 1.9181088856516295e-06 0.0 4.382274397518653e-07 5.150095166354706e-07 3.349675416882691e-06 3.5667244284753792e-06 5.809967927687282e-07 0.0 0.0 0.0 1.842426984633104e-07 0.0 0.0 1.70583054085946e-07 1.2988530175601324e-05 6.363965398520538e-07 0.0 0.0 0.0 1.955925943022046e-06 0.0 8.939056640823835e-07 1.1428164918320507e-06 3.383298435358485e-06 1.7115917991189415e-06 9.645050152411707e-07 3.174793132695552e-07 0.0 0.0 0.0 0.0 1.1036956774566286e-07 0.0 0.0 0.0 7.0043511682143715e-06 2.7130026948573103e-05 2.1841682267501772e-05
5.051423416751276e-05 0.002572144922001801 0.0012524128219529045 4.57148113860172e-06 0.0012216846132615008 4.413158713132715e-06 0.0008286571543677901 0.0005115056370731975 0.0 0.0006824391369156194 0.0018187357780238434 6.728811602647631e-06 0.000766610191092064 0.0009256856092786348 2.3600676696565873e-06 4.225340223106831e-06 1.2585253830827752e-06 7.061008857507416e-08 8.325655471753945e-08 6.351922574368146e-08 5.645198318159796e-08 0.0 8.256760688841538e-08 1.4925428175406969e-07 0.0 6.996852454107545e-08 4.408974818163135e-08 0.0 0.0 0.0 0.00024233555542872858 8.62173543839671e-05 1.652061556952282e-05 7.030657578890693e-08 0.0 6.403430110373625e-08 3.8133309480229732e-06 2.1129568769717405e-06 2.4428353342570306e-07 3.064008441701291e-07 2.3634989938535886e-07 0.0 1.5208123062411512e-07 3.654401694812048e-07 9.603582646373355e-08 0.0 4.127425699430284e-05 1.5478688420968238e-06 3.589064550816256e-07 1.0822912111151477e-07 2.036305429557305e-07 0.0 2.443418865762217e-07 0.0 4.353341460647321e-06 4.968467451704987e-06 1.6963075406804495e-05 4.256620685939704e-05 6.736792808080907e-06 1.9676571464110614e-05 1.372940381562262e-07 5.21954799475753e-06 0.0 6.22465756612583e-05 4.847433583065116e-06 7.735022332211344e-07 8.812803623833931e-07 3.2472689189786913e-07 5.3234462499558897e-08 7.050203906010286e-08 3.6530613289477656e-06 5.89189192402017e-07 0.0 5.551515595793116e-05 0.00010725135214342295 1.758399160416866e-05 4.318341607293604e-05 1.047317323344413e-05 1.4799342887910673e-05 2.724984089937325e-05 8.625610721330646e-08 2.2994706924687994e-06 1.2768364151409732e-05 7.238153032327078e-08 3.152299937366075e-06 3.546753574340763e-06 3.4273287048027566e-07 1.1924928140172205e-07 1.0574514503249014e-06 0.0 1.4652645274339245e-07 1.2872167110333114e-07 0.0 3.3333151895179333e-07 1.5899729323001223e-07 1.1220672828001165e-05 1.1366442579409365e-06 3.9546100649931445e-07 4.62471707118591e-07 2.260441369884835e-05 2.170084809159887e-06 1.1057360389554207e-06 1.6832728255279256e-07 1.4329646874524422e-07 4.0707429443415565e-06 7.173079889608475e-06 8.977470245576359e-06 4.498111745514859e-07 9.488575879139529e-06 2.3750550064725825e-05 1.4033154134721947e-06 1.8676867196101453e-05 1.555036076336447e-05 1.0985425805889308e-05 1.2361803791058788e-05 1.089169467646674e-07 0.0 0.0 0.0 0.0 0.0 0.0 0.0 0.0 0.0 0.0 0.0 0.0 0.0 0.0 0.0 0.0 0.0 0.0 1.408377870583565e-05 3.602500626360099e-06 0.0 0.0 8.104446959728297e-08 7.911630106916623e-06 0.0 2.5395174249325406e-06 1.1906053208548766e-06 0.0 0.0 0.0 0.0 0.0 0.0 0.0 0.0 1.1163843155860593e-06 6.629204957668639e-07 2.8555125803243445e-07 8.57932181522308e-08 0.0 0.0 0.0 5.5394405662136024e-08 0.0 7.047809475821833e-08 1.0282044781358758e-07 7.735599383065023e-07 0.0 0.0 0.0 1.5997846250385643e-06 1.9391198809422847e-06 0.0 7.068085728953291e-08 0.0 0.0 0.0 0.0 0.0 0.0 5.835168875651241e-06 1.5575877523708983e-07 0.0 0.0 0.0 1.3157259838395328e-06 0.0 0.0 7.064716472343384e-08 1.5506983832274724e-06 0.0 1.7544921158098924e-07 2.413087097317399e-07 0.0 7.413561756890494e-08 6.105982531843294e-08 0.0 0.0 0.0 0.0 0.0 5.4506478706047275e-06 4.482964921229619e-06 4.75274773770598e-06
0.002693593653579553 0.0004885010087349301 0.00013718236738280572 0.0013290113490151967 0.00021830349537203282 0.0006227014041457798 0.00172162920035304 7.102697194133485e-05 0.0006824391369156194 0.0 3.276718363092976e-05 0.0007704025945326421 0.005213253138938 0.0007807429583080751 4.660662298105414e-06 7.267117854003826e-06 3.1128260639182793e-06 2.677269287009059e-07 6.034365875297857e-08 0.0 0.0 0.0 8.736539692092673e-08 2.3234615970594164e-07 7.416252932700594e-08 0.0 8.006646015267891e-07 0.0 4.614041118762466e-07 2.847409105462342e-07 0.00043730663987178223 6.066452101749793e-05 6.823824347076614e-05 0.0 6.741303310832103e-08 8.96100483382677e-07 3.956892188219674e-05 1.241026507294722e-05 1.4815818255987502e-06 2.747288701718812e-07 7.41023138418963e-08 8.260448520636063e-08 0.0 1.232273624763876e-06 6.635408783030416e-08 1.4040832888149376e-07 8.87432985140873e-05 5.796327056734073e-06 1.3585196290066754e-06 0.0 9.112835959054876e-07 0.0 2.3288519301135775e-07 0.0 2.1493796276277715e-05 2.0178699560288663e-05 0.00020495221829703412 0.00041490323691251786 4.484502602467081e-05 5.929980375726797e-05 6.703140664192892e-07 2.4831709320907417e-05 0.0 0.0001456804905128017 1.8015384313491048e-05 3.7011025793467966e-06 3.43201730267911e-06 1.2195427396083563e-06 6.864641569534909e-07 0.0 5.181047565646981e-05 4.720446799424612e-06 0.0 0.00025110013691694727 0.0003465259831940525 3.5166255746336775e-05 7.46604054574975e-05 9.994319182884788e-06 1.5336837884489462e-05 3.407348678840823e-06 7.156394497259777e-07 2.3879755823442397e-06 4.8630301840069114e-05 1.2457393612264063e-06 8.594511466382176e-06 1.1369771273962573e-05 2.136202472530336e-06 3.687944694296075e-07 2.4449937664045463e-06 0.0 7.070171782456079e-07 2.0118964990683891e-07 1.3788773746254034e-07 5.415656302252332e-07 1.7689836711886298e-07 0.0002780887223059039 3.276684645286444e-05 1.1341378216292224e-06 3.623652504192781e-06 0.0011049522217727635 4.010168362921029e-06 6.590546936849954e-06 3.475704052570026e-05 3.027975297581266e-05 7.806061146581443e-06 2.6516694269757036e-05 8.655049138786934e-05 3.1574057902842864e-06 4.504011109868827e-05 0.00010814740515091703 5.484146747084597e-06 6.496367188078753e-05 5.1303884390172654e-05 4.638072785968889e-05 3.020793141471005e-05 1.425159254342387e-07 9.522881480762492e-08 0.0 0.0 0.0 0.0 0.0 0.0 0.0 0.0 0.0 0.0 1.2110085128950155e-07 8.583337772636024e-08 0.0 0.0 1.7130131492509803e-07 0.0 0.0 2.253853975907735e-05 1.4557761905543904e-05 0.0 0.0 0.0 2.1558618433596047e-05 2.746477869889183e-07 6.630401251828178e-06 3.6028224964443765e-07 1.344024253454418e-06 0.0 0.0 0.0 1.1618844922965057e-07 0.0 2.63081242970138e-07 0.0 9.32361440821874e-07 2.3427397684631185e-06 0.0 0.0 1.0505362574906543e-07 2.4799172128769917e-07 0.0 1.2387417924897632e-06 0.0 2.7481061506347164e-07 6.491462598273751e-08 3.2846884736508716e-06 1.1109276479474183e-06 0.0 0.0 1.7891008277364571e-06 3.875696631441848e-06 2.2314838249564685e-07 6.431870620056486e-08 0.0 0.0 0.0 0.0 2.13043211748266e-07 7.916693617304407e-08 1.9867031457458232e-05 0.0 0.0 3.18969385594524e-07 6.921746478355858e-08 4.653942531022801e-06 0.0 6.821355319814095e-07 7.824234230468397e-07 2.9433205034171377e-06 5.537992038275664e-07 5.759848206147727e-07 1.753908788956859e-07 5.8435659444917345e-08 0.0 1.387760028450725e-07 0.0 8.412762249749303e-08 0.0 1.1304399618792068e-07 0.0 4.0090288003847846e-05 1.1888974038171004e-05 6.596145407965312e-06
4.489853572043988e-05 0.0009041204678816989 0.001994542253760496 8.879124967319778e-06 0.00047541939488451136 6.075217446573487e-07 0.00022529741085627295 0.0012508442253302203 0.0018187357780238434 3.276718363092976e-05 0.0 5.539475241110036e-06 0.00019705730369703046 0.0015526530601511182 1.8041997088440199e-06 7.016899394501726e-06 8.598764656570713e-07 0.0 1.6584176851283918e-07 0.0 0.0 0.0 0.0 2.58144842034495e-07 0.0 0.0 1.1460304993187994e-07 7.989919521945161e-08 7.702529232380179e-08 8.180203729326077e-08 0.0005642700932760085 0.0005464302464371611 0.00010680539637325966 0.0 0.0 1.0640133521476675e-07 1.8358168879105137e-05 9.461222679523073e-06 7.892426715409576e-07 1.1673607110374837e-07 0.0 0.0 0.0 4.777266150274938e-07 0.0 3.2239097175991756e-07 1.8510464438518067e-05 5.985376959228926e-07 1.026242341511645e-07 0.0 1.8832391262606165e-07 0.0 0.0 0.0 2.2940506950850804e-06 1.2845599372501072e-06 5.163269560012426e-06 1.8902937162033503e-05 2.1972747168235776e-06 5.624652544964759e-06 7.655316935758911e-07 1.9411592498781362e-05 0.0 4.897214958316652e-05 1.350121028685904e-06 6.400782593689469e-08 2.616908430653502e-07 1.424399721985742e-07 2.2513653040850623e-07 0.0 6.868331379633578e-06 3.4979503425809905e-07 0.0 1.6696027234255498e-05 4.7725643008306005e-05 7.358625693600771e-06 2.5265574821727584e-05 2.329442214457635e-05 9.051792984112536e-05 0.0003076462097546636 4.4954456054847915e-07 8.752852225273207e-05 4.0863152233982436e-06 0.0 1.247906869696901e-06 1.249537108281363e-06 1.349009961915423e-07 7.049198381765905e-08 3.2344952819884404e-07 0.0 6.523668707569223e-08 0.0 0.0 2.779497198622734e-07 0.0 2.8801325822219806e-06 0.0 0.0 7.677958831342656e-07 2.281633483695118e-05 1.111951966081171e-06 7.75532716842682e-07 0.0 0.0 8.743368388694514e-07 7.795037667515491e-07 0.0 0.0 3.7403011956489975e-07 1.9618906323432086e-06 9.721911156808931e-08 2.560847834481639e-06 8.077778805906582e-07 2.6783156598231517e-06 1.3574991105812267e-06 0.0 0.0 0.0 0.0 0.0 0.0 0.0 0.0 0.0 0.0 0.0 0.0 0.0 0.0 0.0 0.0 0.0 0.0 0.0 3.868710045704076e-06 1.158778125020423e-06 0.0 0.0 0.0 2.1474763196292273e-06 0.0 6.038264362375058e-07 1.2641895577718093e-07 0.0 0.0 0.0 0.0 8.741698972866258e-08 0.0 0.0 0.0 9.988524477641796e-08 0.0 0.0 0.0 0.0 0.0 0.0 0.0 0.0 0.0 1.4650695621496328e-07 0.0 0.0 0.0 0.0 0.0 2.846958461421746e-07 0.0 0.0 0.0 0.0 0.0 0.0 0.0 0.0 1.3771273736010878e-06 0.0 0.0 0.0 0.0 9.834854723363712e-07 0.0 1.8462265565030909e-07 0.0 2.52391476526376e-07 0.0 7.678862575249683e-08 0.0 0.0 0.0 0.0 0.0 0.0 0.0 0.0 0.0 7.823407708640383e-07 1.553663806565881e-06 1.0731933723728324e-06
7.89197959002166e-05 2.3255807701022743e-06 2.215039028500411e-06 3.609030423035299e-05 1.4048141807849646e-05 0.00017336792778313738 7.018341483400761e-05 5.993525061903729e-06 6.728811602647631e-06 0.0007704025945326421 5.539475241110036e-06 0.0 0.0021077523926306334 0.00018988319171932822 4.953516950229985e-07 4.1873342376906335e-06 1.1535641543698569e-07 0.0 0.0 0.0 0.0 0.0 0.0 0.0 0.0 0.0 0.0 0.0 0.0 0.0 2.7887106180792457e-06 3.1716650654695284e-06 0.0001221461874722228 0.0 0.0 0.0 0.0001001816179447892 1.6762701050144212e-05 4.534004274505001e-06 0.0 0.0 0.0 0.0 5.781970831002283e-07 0.0 1.2561695127707892e-07 2.2483731941059214e-06 2.0327109191444839e-07 0.0 0.0 0.0 0.0 0.0 1.2766755220525249e-07 1.1635565003853665e-07 2.4926841645635836e-07 6.0978931711581e-06 2.5218192022576036e-06 0.0 9.56456735064795e-07 5.943730484882899e-07 3.595459689785744e-05 0.0 3.178129795039248e-06 1.5489118654373482e-07 0.0 0.0 1.1442629868919375e-07 0.0 0.0 0.00012568623391675135 3.2407985000791225e-07 2.619831545570176e-07 1.0874405526158411e-06 3.104701666784516e-06 1.8029992943544699e-06 2.5006148379694506e-06 9.746996462663052e-07 1.0953546184995028e-05 1.2656252662988925e-05 0.0 1.537698976028707e-05 2.642646917962161e-07 0.0 0.0 4.30318138852496e-07 0.0 0.0 0.0 0.0 0.0 0.0 0.0 0.0 1.1486230327912213e-07 0.00030417373756820934 6.047687884553434e-06 0.0 1.0746789423504384e-06 0.0001226244178044159 7.563907550901839e-07 2.6068660676518327e-06 1.063635516521321e-06 3.4825335343539607e-06 3.879782743612791e-06 1.5611270960672204e-05 4.072946451807912e-05 1.149386705943093e-06 2.3020649627558252e-05 5.701312460203106e-05 1.6108703797546324e-06 3.781176834699979e-05 3.357016928120473e-05 2.8012852137964966e-05 2.4137000045926065e-05 0.0 9.442191912106963e-08 0.0 0.0 0.0 0.0 0.0 0.0 0.0 0.0 0.0 0.0 0.0 0.0 0.0 0.0 0.0 0.0 0.0 1.648447837888393e-05 4.861387940186075e-06 0.0 0.0 0.0 8.835270582757412e-06 0.0 3.229580014798449e-07 1.0615266238382745e-07 0.0 0.0 0.0 0.0 0.0 0.0 8.88693787705515e-08 0.0 6.525730919096203e-08 1.8145628436300797e-07 0.0 0.0 0.0 0.0 0.0 0.0 0.0 0.0 0.0 2.057650874217902e-06 0.0 0.0 0.0 2.5901434081460996e-07 2.1073309278939914e-06 7.97638996811963e-08 0.0 0.0 0.0 0.0 0.0 9.686425837850817e-08 0.0 1.2650757725397693e-05 1.0702414628982517e-07 0.0 8.409347287491923e-08 0.0 2.2538925194120296e-06 0.0 3.017610183126715e-07 1.335273538872044e-07 1.4636488259740536e-06 1.6494181067064026e-07 4.1388284507806964e-07 0.0 0.0 0.0 0.0 0.0 0.0 0.0 0.0 0.0 2.5573721573878977e-05 4.837842819147424e-06 2.3472219848759217e-06
5.966087404390308e-05 0.0002314524545532169 7.299597851321992e-05 3.8509107603386664e-05 0.0004137049442087364 9.435288990897971e-05 0.0024951591476130557 6.222027488533792e-05 0.000766610191092064 0.005213253138938 0.00019705730369703046 0.0021077523926306334 0.0 0.0017517806934928513 4.7825828085540706e-06 2.2640226556755378e-05 9.449903341661467e-07 0.0 0.0 1.275897707436891e-07 0.0 0.0 0.0 0.0 0.0 9.234104331774967e-08 6.428337641724292e-08 0.0 0.0 0.0 3.3298984826009505e-05 2.6950217145353755e-05 0.0009710167650414666 0.0 0.0 0.0 0.00021195513805646312 3.491501476963987e-05 9.078622348574622e-06 0.0 0.0 0.0 0.0 1.8120255184867608e-06 0.0 1.0228582135119632e-07 2.9292013753905207e-05 1.6982539088563024e-07 1.8258248516019288e-07 0.0 3.588758766391192e-07 0.0 4.3585327012654427e-07 0.0 1.589278486149825e-06 2.3045772923673676e-06 1.3872884942005387e-05 1.4522409583198188e-05 2.7441337670759864e-06 7.477426687872524e-06 2.449791085737105e-06 0.00012805566398239922 0.0 2.488307098426921e-05 1.8634790331456222e-06 2.978540177059109e-07 3.5630087503445887e-07 6.918121406554877e-08 0.0 1.0087205699229035e-07 0.00025346705308671233 3.157405067180012e-06 1.3722026446598968e-07 2.011231638115483e-05 3.625141340759834e-05 1.2727849782075496e-05 2.442902857870519e-05 6.3694742319929445e-06 4.683591081898775e-05 3.05302099710424e-05 1.6625007684474718e-07 5.211205141001024e-05 4.997946318659287e-06 6.947055810099972e-08 1.2857225217892004e-06 1.2776624809357735e-06 2.291241503200165e-07 0.0 8.122145277907571e-08 0.0 1.3919079182848782e-07 0.0 8.296252414778803e-08 0.0 0.0 0.0009140246889133569 2.967829706639216e-06 1.8886467183130033e-07 2.1363502620825232e-06 7.899920878734696e-05 6.465493686284449e-06 5.961184236917768e-06 4.244625134388101e-06 3.2032519655678327e-06 1.630935412081299e-05 4.8114205951356264e-05 7.825294162169791e-05 2.916945254578333e-06 5.4642378097766545e-05 0.00015422939196907385 1.5678960158217332e-05 0.00010701764768350241 7.616862520638412e-05 6.944553691948683e-05 5.5389513418313236e-05 3.4398990539878345e-07 3.15380496294168e-07 0.0 1.4052906682994237e-07 0.0 0.0 0.0 0.0 0.0 0.0 0.0 0.0 0.0 0.0 0.0 0.0 0.0 0.0 0.0 6.436874309255642e-05 1.4741977160153514e-05 0.0 0.0 0.0 3.799868854368764e-05 0.0 1.1539142200634091e-05 1.635598840471546e-06 0.0 0.0 0.0 0.0 0.0 0.0 9.146467504703707e-08 0.0 1.0499551408808713e-06 1.5858585303799161e-06 0.0 0.0 0.0 1.9861030285479948e-07 0.0 0.0 2.020559902220614e-07 0.0 1.4649735802899425e-07 4.017755896062197e-06 8.844393696040604e-07 0.0 1.0441891210479674e-06 2.045488076151765e-06 4.5540814010917285e-06 0.0 0.0 0.0 0.0 0.0 0.0 0.0 0.0 3.16382740169192e-05 6.452429975332734e-07 0.0 2.983007801773412e-07 0.0 7.291845550686036e-06 0.0 0.0 1.0555064737836873e-06 5.016208494450119e-06 1.454709101485037e-06 1.3075526066238518e-06 1.6705180847531203e-07 6.419148077887065e-08 0.0 0.0 0.0 0.0 0.0 0.0 0.0 4.368110309460575e-05 1.897837748141818e-05 1.3455530602923582e-05
