0.0 0.0022879110360400547 0.0002879858687839354 0.0005726897133398426 0.00017476091175295874 1.845796776944759e-05 0.0017824886798516184 1.533888763287766e-05 0.00015427241533585794 0.001805780543203651 7.725836777263334e-05 0.00048320441212576016 0.0007897026270058079 0.00013869869609808166 3.4273173146672474e-06 1.4883963944558827e-06 1.7665942395337647e-07 0.0 0.0 0.0 0.0 0.0 0.0 0.0 9.945489084087479e-08 0.0 0.0 0.0 0.0 0.0 0.0007440168865313306 6.447241242849916e-06 4.306718801330739e-05 0.0 0.0 0.0 6.717620405561321e-06 2.319607559559859e-06 1.2378134085968969e-06 5.428165290000258e-07 0.0 0.0 0.0 0.0 0.0 2.7038442951512593e-07 8.569058334518064e-06 0.0 0.0 0.0 0.0 3.831016962191056e-07 0.0 0.0 1.2055791192977388e-06 1.5300302879163287e-06 7.98716628124767e-05 0.0005753615441542821 4.540460279166022e-05 2.401632432607334e-06 7.376307289873029e-07 0.0 0.0 9.916616259448667e-05 7.796173256149348e-07 1.5933409755458788e-07 2.1276479671891065e-07 0.0 0.0 0.0 2.2490814279645244e-05 1.0270448225851793e-06 0.0 9.225601427677471e-05 0.00010095087204283162 2.749356731944335e-05 6.401999859376184e-06 8.458234198826164e-07 4.519070703662239e-07 6.812680905620577e-06 0.0 2.632319949412613e-07 1.8730313407010427e-06 0.0 9.83508300597746e-07 3.7988842790331824e-07 0.0 0.0 0.0 9.567399347361661e-08 7.22967584796976e-08 0.0 0.0 0.0 0.0 3.821299840565076e-05 1.247307948190363e-05 0.0 4.773107642132936e-06 0.0007389971270686599 6.208713832561539e-07 2.3176272948923893e-05 2.2456898055285162e-05 8.025093187577463e-06 3.428216582549057e-05 1.2612943443658416e-05 5.2366374891935436e-06 8.045349485641866e-05 1.7418702333263086e-05 1.584993293111285e-05 5.004798251926154e-05 6.136714454512504e-05 1.5127662981956231e-05 3.842142533043584e-05 5.233510445649748e-05 1.602776670263809e-07 0.0 0.0 7.619156846512975e-08 0.0 0.0 0.0 0.0 0.0 0.0 0.0 0.0 0.0 0.0 0.0 0.0 0.0 0.0 0.0 1.4121828101755946e-05 5.937971784195754e-06 0.0 0.0 0.0 1.1768279998441774e-05 0.0 5.913116068178404e-06 1.4830552338277502e-06 0.0 0.0 0.0 0.0 0.0 1.0111334113766704e-07 0.0 0.0 1.9769434728479353e-07 2.217598125012789e-07 1.7965853769821076e-06 0.0 9.282624709210324e-08 0.0 0.0 1.012048050842453e-07 0.0 0.0 1.0167140475261023e-06 1.8311292431757246e-06 1.3588266567179645e-06 0.0 0.0 8.921337469321827e-06 2.19946155542716e-06 0.0 9.462049228141256e-07 0.0 0.0 0.0 0.0 0.0 0.0 1.6879837818068573e-05 2.2440917248901074e-06 0.0 0.0 0.0 1.2979365949564023e-05 0.0 9.427121397566234e-06 0.0 1.4214154641418325e-06 2.1544075895809032e-07 0.0 8.351458416277341e-08 0.0 3.309459146753977e-07 0.0 1.7486508551573897e-06 0.0 0.0 0.0 0.0 1.3851403799946419e-05 5.410392573088706e-06 4.646642739870928e-06
0.0022879110360400547 0.0 0.0012184275316065218 0.0003115267403532705 0.000960378376143218 3.1317641448580414e-05 0.0014246253898158832 0.00012710365901421456 0.0012268454764894632 0.00015234622513789347 0.0006265668406423766 3.0024084431160416e-05 0.0006545214526545939 0.00036309841720708476 2.2514065692712905e-05 6.826771424490985e-06 5.512234298790748e-07 0.0 0.0 0.0 0.0 0.0 1.2029392361030618e-07 0.0 3.977523439822442e-07 1.1867819486238145e-07 1.2342821865063397e-07 0.0 6.530243738277174e-08 0.0 0.001552206513718832 4.19151060585101e-05 6.900140075380994e-05 1.68985460689787e-07 7.160145289632987e-07 0.0 1.2556674075434405e-05 2.3725809217230816e-06 1.5130570660534839e-06 1.703256653790787e-06 0.0 0.0 0.0 7.266424438493276e-07 0.0 9.362953826873671e-07 0.00010396223360445036 5.940528647598014e-07 2.0952968411883977e-07 8.522197831971392e-08 3.239089238342312e-07 0.0 8.775524759252e-08 8.691410162389967e-08 5.506558227006687e-06 7.474814875552914e-06 5.5434156469632774e-05 0.00048550759917277616 5.986899173926303e-05 2.657324869086705e-05 1.3270511894858736e-06 1.9746387886126697e-06 2.3158097969085563e-07 0.00026846313389312666 3.2631560562351624e-06 1.0410162023261807e-06 8.43746192495242e-07 1.8675587517348217e-07 9.79187109753737e-08 0.0 7.149224254383435e-05 1.9623290537871105e-06 0.0 0.00015788135436484694 0.00033747893823843464 0.00018145128232621347 7.679066388864905e-05 5.02645133684441e-06 2.404802858496792e-06 4.381948656041357e-05 6.493112714486782e-07 1.414373269813712e-06 9.32241580273162e-06 0.0 3.12291260832116e-06 3.4043952293679654e-06 1.3323279109143876e-07 0.0 8.10763804093193e-07 0.0 2.3013761069222847e-07 0.0 1.0109212426497426e-07 0.0 2.393594904473149e-07 5.5638558560575334e-05 2.8104554978545095e-05 0.0 1.2695025842865872e-05 0.00040091385470411735 5.039032965375482e-06 8.774415184731795e-06 2.1329807642480524e-05 7.225967885760909e-06 5.020775017549354e-05 1.1434687500506643e-05 4.370565528701576e-06 6.371723177127571e-05 1.3806894053216407e-05 1.8192212877671015e-05 4.455050350206784e-05 8.207154480849856e-05 2.6390539459283965e-05 6.713040607747352e-05 0.0001268466272330027 3.3566654797206884e-07 4.6091898021298536e-07 0.0 0.0 0.0 0.0 0.0 0.0 0.0 0.0 0.0 0.0 0.0 0.0 0.0 0.0 7.869779572276753e-08 3.4669436004026136e-07 0.0 3.635903003365141e-05 1.3445515637184817e-05 6.639067300161093e-07 8.800517613628525e-08 0.0 2.5638172098365246e-05 4.369691026309392e-07 2.0635980419258756e-05 5.1058148162649645e-06 5.811010403659094e-07 0.0 0.0 0.0 2.1558414840889027e-07 4.219117137188351e-07 2.7632985082191797e-07 0.0 2.81181212518609e-06 1.1625371875941157e-06 1.1529121987700065e-07 0.0 0.0 2.757368662836833e-07 3.3428524091629933e-07 0.0 6.676552667598518e-07 0.0 1.9557219032023745e-06 3.10374211048253e-06 0.0 6.041026054747792e-07 3.121296453624082e-07 1.7276693953520023e-05 8.485824767431183e-07 0.0 0.0 1.0330697927743942e-07 0.0 0.0 0.0 0.0 0.0 6.0547142168674804e-05 6.082407544554528e-06 0.0 0.0 5.273428265951451e-07 2.9101270149226402e-05 0.0 1.4940663590500567e-05 3.9673381551795826e-06 4.702811520777984e-06 9.256775006307205e-07 5.418056422937939e-07 3.481585717670546e-07 0.0 0.0 7.751326566370828e-08 0.0 1.7815928877551932e-07 0.0 0.0 0.0 4.0798486218427883e-05 2.330282296618767e-05 1.3718843611348478e-05
0.0002879858687839354 0.0012184275316065218 0.0 1.0161112344989573e-05 0.00029343084135982286 2.3923937911774566e-06 0.00023351698520208681 0.0015043978262937758 0.0009038760713102839 1.2505042809980561e-05 0.0017688707332913353 2.3086083039287573e-05 0.0001855853542252004 0.0009295413192867752 9.159354408330257e-06 2.885902544038422e-06 7.81377226639131e-07 0.0 0.0 1.2572775695964165e-07 2.5595776193381587e-07 0.0 4.876229874599213e-07 0.0 2.6513937222570135e-07 0.0 7.691051883136434e-08 6.306458111602544e-08 0.0 8.555477124201533e-08 0.0025078118271172596 0.00010644406070444635 2.9056593551305732e-05 3.7737815988479315e-07 8.529585977597008e-07 1.1926609909355193e-06 1.728894178757267e-05 2.4377943414888717e-06 2.1729767393121115e-06 4.6682550775722036e-07 0.0 0.0 0.0 2.7740032436106224e-07 0.0 9.548504703404453e-07 4.775725171055559e-05 2.4250090574578716e-07 0.0 7.019626505883828e-08 1.2077068849765524e-06 0.0 3.949604775247951e-07 0.0 2.343360999753303e-06 3.660529541469777e-06 2.307303745427531e-05 0.00031602563293032333 2.6347650719617737e-05 1.1883319194565657e-05 1.2367832045209532e-06 2.954172505855844e-06 1.9427620318231265e-07 0.00025481727877017075 2.794087172140411e-06 7.506713119750424e-07 6.048204506756429e-07 8.976138176377216e-08 4.521995650449763e-07 0.0 0.00012387337832377865 2.2658454892224356e-06 0.0 6.862717127913956e-05 0.00024609498347788846 8.637562230488545e-05 4.723510577445912e-05 5.132820706340236e-06 6.335298276877829e-05 0.0003625778804838654 2.604168221578401e-07 4.473335475315716e-05 3.5131526424995826e-06 0.0 1.6131924567153988e-06 1.8335443863873807e-06 8.883236939209846e-08 0.0 4.914838711708958e-07 0.0 0.0 0.0 3.031607909165533e-07 3.5720683694966175e-07 1.603748640183206e-07 5.483292964835473e-05 3.9282064574255984e-05 2.0080776506053737e-07 1.287751540556329e-05 0.00022673323398013658 3.237526753238556e-06 3.666480241092428e-06 7.902531493406493e-06 1.4756764821077828e-06 1.5910483756032152e-05 1.155385052335872e-06 4.984533202909075e-07 1.6101733049409335e-05 1.9843772007890335e-06 9.114601542486868e-06 1.3343060959138966e-05 2.2943787558303004e-05 1.1957055822353642e-05 3.6601968953272514e-05 7.13235853575522e-05 2.616002873440161e-07 4.53388740252235e-07 0.0 1.9783230300585346e-07 0.0 0.0 1.9469062868424736e-07 0.0 1.117100120776905e-07 0.0 0.0 0.0 0.0 0.0 0.0 1.9479670153557175e-07 1.49582613344072e-07 8.973157683517665e-08 0.0 2.801244624855788e-05 5.68705323674497e-06 0.0 7.632935150410045e-08 0.0 2.7498960716403475e-05 1.1741532469552289e-07 2.048788086876955e-05 6.038179027874984e-06 9.991720396417882e-07 0.0 0.0 0.0 0.0 6.918247729350787e-07 2.320904148782668e-07 0.0 1.4837570598868063e-06 1.8818170197427462e-06 0.0 0.0 0.0 8.175712371210502e-08 0.0 2.466409070296709e-07 0.0 0.0 9.979126403849226e-07 4.6865438721755305e-06 0.0 0.0 1.84797441551336e-07 1.7822008990888298e-05 8.234532783450366e-07 0.0 0.0 0.0 7.802159568574863e-08 7.728462882154114e-08 0.0 0.0 0.0 4.9328759459227764e-05 1.3029193452743013e-06 0.0 0.0 0.0 2.3318275468988063e-05 4.384448898137783e-07 1.3241876668686916e-05 3.5883904014450295e-06 4.0115259822028424e-06 1.1571066236923356e-06 1.2727475823606576e-07 9.237115495816245e-07 0.0 0.0 0.0 0.0 0.0 8.586860367092291e-08 0.0 0.0 1.8151984507051308e-05 2.55052664131993e-05 1.1736421275418417e-05
0.0005726897133398426 0.0003115267403532705 1.0161112344989573e-05 0.0 1.73656961269665e-05 3.960049133678018e-05 0.0012020934724887432 1.3063970934779032e-06 8.11055845193658e-06 0.0002960542194047077 4.753232670443216e-06 0.00046310992901341276 0.0009421068633504035 0.00010633458044408935 1.0436720240776907e-06 1.1399552226937868e-06 0.0 0.0 0.0 0.0 0.0 0.0 0.0 0.0 0.0 0.0 0.0 0.0 0.0 0.0 7.218191387902003e-05 2.4691943000058632e-06 6.78575963955433e-05 0.0 0.0 0.0 6.4754051217471366e-06 0.0 0.0 0.0 0.0 0.0 0.0 0.0 0.0 0.0 2.853883117306783e-06 0.0 0.0 1.197430907700447e-07 0.0 0.0 0.0 0.0 9.425624474095682e-08 1.7908721900610075e-07 7.145568250488404e-06 3.404279839742322e-05 5.984153323791983e-06 3.4418734995715256e-07 0.0 6.06965179491685e-07 0.0 1.0896100744452598e-05 0.0 0.0 0.0 0.0 1.0062154254763248e-07 0.0 1.4837225223177524e-05 0.0 0.0 9.364212040380189e-06 1.0587202539317836e-05 5.8467397093707745e-06 2.568011067210387e-06 2.626970373410666e-07 0.0 1.1984711446057728e-07 3.349676805328079e-07 3.686880143309031e-07 2.9744769033649807e-07 0.0 8.75327121841712e-08 6.926887014273338e-08 0.0 0.0 0.0 0.0 8.445789461143272e-08 0.0 0.0 0.0 0.0 3.7897132990507075e-05 3.1525934705916325e-06 0.0 5.359753366237306e-07 0.00013037849101595942 7.880877735028085e-07 1.9904271753447653e-06 1.3429541830181418e-05 6.668593116939744e-07 5.813706132241418e-06 3.5421709811545003e-06 1.249974510192214e-06 9.330657700118368e-06 4.624897327595647e-06 3.2908434994922174e-06 6.94534981486188e-06 9.817986287640488e-06 2.9568938374359255e-06 7.864330007589097e-06 9.755718237197302e-06 0.0 1.0895295832942364e-07 0.0 0.0 0.0 0.0 0.0 0.0 0.0 0.0 0.0 0.0 0.0 0.0 0.0 0.0 0.0 1.321763853864944e-07 0.0 2.2677957319574843e-06 1.4814929732107104e-06 0.0 0.0 0.0 2.0150463629484715e-06 0.0 7.757904948119504e-07 2.0187227531153474e-07 0.0 0.0 0.0 0.0 0.0 0.0 0.0 0.0 3.5598936490405327e-07 0.0 0.0 0.0 0.0 0.0 0.0 0.0 0.0 0.0 6.87175940851096e-08 6.872664838265318e-08 0.0 0.0 0.0 6.34622011970395e-07 4.2715521111338734e-07 0.0 0.0 0.0 0.0 0.0 0.0 0.0 0.0 3.7806117971312145e-06 0.0 0.0 0.0 0.0 1.0061626308055876e-06 0.0 5.485968834977538e-07 1.3544027833476487e-07 1.2757022880282199e-07 3.5618569868340114e-07 1.8044871367016963e-07 0.0 0.0 0.0 0.0 0.0 0.0 0.0 0.0 0.0 4.218582524952335e-06 7.258304235930852e-07 6.587204421977082e-07
0.00017476091175295874 0.000960378376143218 0.00029343084135982286 1.73656961269665e-05 0.0 6.995388911160831e-06 0.0017257759955142 6.52532719312106e-05 0.001343246252213982 5.5760912903849664e-05 0.0005918207180191159 1.0747330721215666e-05 0.0004784394512216707 0.00021846143405336092 9.114522465602155e-06 4.2386028604247415e-06 7.20100474997194e-07 0.0 0.0 0.0 0.0 0.0 0.0 1.0853641459386137e-07 0.0 0.0 0.0 0.0 0.0 0.0 0.0001907853369247813 2.102360619050847e-05 1.0818532807639456e-05 0.0 0.0 0.0 1.3274216789082468e-06 1.76252970607893e-07 6.497130278413355e-07 3.270742958945448e-07 0.0 0.0 0.0 2.6441276628684564e-07 0.0 0.0 4.4246744068396594e-05 2.690896995028105e-07 0.0 0.0 0.0 0.0 1.6332613906837752e-07 0.0 2.0332772227108722e-06 3.7631950125419172e-06 1.2102781535186933e-05 7.551219362185239e-05 1.266443960840174e-05 9.0223327880076e-06 9.675218590214807e-08 5.82525506431839e-07 0.0 5.3928270545379485e-05 1.3124709787469186e-06 7.926522158498005e-07 2.458481178020954e-07 2.5865492953354895e-07 3.460023941284987e-07 0.0 1.1768886797547145e-05 0.0 0.0 3.336304166770559e-05 8.090133286330328e-05 7.25150630272033e-05 3.753421728944461e-05 2.216435514066918e-06 1.9173901172365387e-06 3.2973580176482386e-06 1.3674100617164518e-07 4.846381199874458e-07 3.706214171086131e-06 6.829878821417885e-08 1.0112058918055758e-06 1.485151277806778e-06 7.132400573483015e-08 0.0 2.3070665573683073e-07 0.0 2.377639942841744e-07 0.0 0.0 0.0 2.31438367309457e-07 2.5988005358301536e-05 3.608487816445985e-06 0.0 1.660177681779031e-06 2.7588019920987942e-05 1.4094737551408404e-06 1.648556079322854e-06 8.821865678660489e-06 3.5943306825816327e-06 1.908013650748381e-05 3.4290647595567426e-06 2.165604549511534e-06 3.07561923840103e-05 6.918183175029775e-06 1.0188381431349125e-05 2.9299779135779123e-05 3.6926095139955306e-05 1.6492408259720746e-05 4.079515767906149e-05 6.688693371409852e-05 0.0 0.0 0.0 1.4209090451349133e-07 0.0 0.0 0.0 0.0 0.0 0.0 0.0 0.0 0.0 0.0 0.0 0.0 0.0 0.0 0.0 1.0964113985564086e-05 6.452723404159948e-06 0.0 0.0 0.0 1.482394223482904e-05 6.548988724423743e-07 5.6254830061363725e-06 1.2121211341984298e-06 9.216750521430215e-08 0.0 0.0 0.0 0.0 0.0 0.0 0.0 8.810386510147558e-07 3.965136838442911e-07 0.0 0.0 1.486847010166628e-07 0.0 0.0 0.0 9.426936857973575e-08 0.0 1.0007122199756892e-06 1.1729891048948345e-06 0.0 1.3196844161468272e-07 0.0 3.712219075616582e-06 5.76145444306537e-07 0.0 0.0 0.0 0.0 0.0 0.0 0.0 0.0 2.841946222106831e-05 1.3013966921724539e-07 0.0 0.0 0.0 1.4649557229696765e-05 0.0 7.236690033263013e-06 5.81703154030593e-07 7.75071504153228e-07 5.437641622569846e-07 0.0 0.0 0.0 0.0 0.0 0.0 2.0125736014797197e-07 0.0 0.0 0.0 2.5914048388167743e-05 8.565530001974466e-06 4.746316919696875e-06
1.845796776944759e-05 3.1317641448580414e-05 2.3923937911774566e-06 3.960049133678018e-05 6.995388911160831e-06 0.0 7.674378607760097e-05 3.8614435463076586e-07 8.861767277206731e-06 0.00035828307765039223 2.0257155085613307e-06 0.00013147455331234578 0.0001743002109968579 4.194161093452785e-05 4.170467412198735e-07 5.199719664466544e-07 3.7551249108096395e-07 0.0 0.0 1.9925968164302086e-07 1.314795095473289e-07 2.771355912061832e-06 2.8570046741649973e-07 2.9460040444055586e-06 0.0 0.0 0.0 6.095785041810431e-07 1.4404682848927445e-07 0.0 1.2384443187267747e-05 1.5700971720022822e-06 1.6724660328058778e-05 6.330745099159122e-07 0.0 1.326858320860449e-07 8.523455867039751e-06 3.7244245680209624e-07 1.8142017475300993e-06 2.0841770356152193e-07 0.0 1.6234918439267293e-07 0.0 2.4972896126015325e-06 2.9001304142425785e-07 9.808724639200255e-07 1.327487585905624e-06 0.0 2.1110581110764191e-07 3.3046717085130657e-07 0.0 1.6235808281585068e-05 3.4637772670786703e-06 2.713164177748036e-07 0.0 1.1584147595908424e-06 8.1433486658952e-05 3.110772205552268e-06 1.6721955608495677e-06 1.1070952658929793e-07 2.5499667443968068e-06 1.2856085989999102e-06 1.8912491226732216e-07 2.9637134157707222e-06 0.0 0.0 0.0 0.0 2.568587364902736e-07 1.7748305420208257e-07 0.00026225355837693995 0.0002084100239630662 1.223019666093724e-05 2.3811038419417924e-06 2.7821652179704234e-06 9.207019655461152e-07 1.8583813606419828e-06 1.013450574770915e-06 0.0 1.085312431106541e-05 0.0 3.6022740932211355e-06 1.1761721308207334e-07 3.625744881614913e-06 0.0 2.562708512541329e-06 0.0 4.84662956852335e-06 2.3265500472496775e-07 1.1391776363973447e-05 3.4115209385104924e-07 2.5022654124653417e-06 1.2250848276079194e-06 0.0 4.023244188775786e-06 0.0001524127597022752 0.0001871370631722524 2.321845661035172e-05 5.4602279114296884e-05 0.00017602848527339292 0.0 0.0 4.916462729197163e-07 8.723983875603649e-07 6.062956104468913e-07 4.0093495547112937e-07 3.1150349435090836e-07 1.1750811023569052e-06 0.0 6.492683081448858e-07 4.3728490939173323e-07 1.5504722036852328e-06 2.5210313507054e-07 1.0478594783996858e-06 2.491480368390282e-06 1.1479071810967059e-07 0.0 0.0 0.0 0.0 0.0 0.0 0.0 0.0 0.0 0.0 0.0 1.8907127721041745e-07 0.0 0.0 0.0 0.0 3.773544794142946e-07 0.0 5.343377175429653e-07 4.796404815954233e-07 0.0 0.0 0.0 2.2743026118090937e-06 0.0 1.6720197819949045e-06 2.0345146683181308e-06 4.182262980347639e-07 0.0 0.0 0.0 0.0 2.0493730756588525e-07 1.327106292340537e-07 0.0 0.0 0.0 0.0 0.0 0.0 3.126657772008093e-07 0.0 0.0 0.0 0.0 5.79603311045603e-07 3.657468124027161e-07 0.0 0.0 0.0 1.167243730032308e-06 0.0 0.0 0.0 9.687878489780836e-08 0.0 0.0 0.0 0.0 0.0 2.8413255951953648e-06 1.8289031983638796e-06 0.0 0.0 0.0 3.504988227566254e-07 0.0 2.260875848353142e-06 5.707856685491887e-07 7.189416630572858e-07 0.0 0.0 0.0 0.0 0.0 9.611762527290429e-08 0.0 0.0 1.8745637733652082e-07 0.0 0.0 5.005963510664058e-07 1.529498680348665e-06 2.7405951650783533e-06
0.0017824886798516184 0.0014246253898158832 0.00023351698520208681 0.0012020934724887432 0.0017257759955142 7.674378607760097e-05 0.0 7.802681798353868e-05 0.0013078391987659775 0.0003080334530180198 0.0005214922179435658 3.853296145164972e-05 0.0012043968797054232 0.00030487024403111606 9.92375833827764e-06 7.513137463319466e-06 6.814392461415866e-07 0.0 0.0 0.0 0.0 0.0 8.600578807865108e-08 0.0 1.0084503921961121e-07 0.0 0.0 0.0 0.0 0.0 0.0002632597134557822 2.1277742507521504e-05 4.4779393196862134e-05 0.0 9.942003208313542e-08 0.0 6.1238655785753355e-06 1.6525217753059026e-07 7.362939393741285e-07 6.987206019243958e-08 0.0 0.0 0.0 3.1820303560943473e-07 0.0 1.196219945769601e-07 4.5424355464138305e-05 0.0 0.0 0.0 6.825897923654919e-08 0.0 5.225482220475313e-07 0.0 1.6813507392696665e-06 2.90418028698804e-06 2.547134488174301e-05 0.00013573885017398985 2.0076839072372617e-05 9.907144582963803e-06 0.0 5.650452554186921e-07 0.0 7.621887879372828e-05 1.371909719499646e-06 6.206593699431067e-07 0.0 9.776199622335729e-08 0.0 0.0 2.1572968452830177e-05 2.161631456978999e-07 0.0 5.138928606527181e-05 9.385382236528605e-05 6.852903523624279e-05 3.8989276554682606e-05 4.21790466141119e-06 2.932187485669662e-06 1.5050284534955635e-05 9.998777625599904e-08 1.7929290524739964e-06 4.673672615488388e-06 0.0 8.396142151724364e-07 1.1528455319714368e-06 0.0 0.0 4.6157417059581855e-07 8.214878971468357e-08 0.0 0.0 7.778680560513642e-08 0.0 0.0 5.520298680141018e-05 5.3036191735527164e-06 7.840600328451124e-08 1.3120241005243545e-06 0.00014784469070907018 4.602570057264745e-06 1.1878929218689455e-05 5.29309127440593e-05 1.577876114463965e-05 4.9382240719707794e-05 2.6774848318427953e-05 7.08133271212553e-06 9.468439117028647e-05 1.954591980975989e-05 2.475247971109517e-05 6.4229019481617e-05 0.00012068798435082952 3.8962768622191885e-05 9.389515519903614e-05 0.00011170604473547156 1.485057678358363e-07 2.0623198001750436e-07 0.0 0.0 0.0 0.0 0.0 0.0 0.0 0.0 2.9483654719753346e-07 0.0 0.0 0.0 0.0 0.0 0.0 0.0 0.0 2.719696319262473e-05 9.665525702793222e-06 0.0 0.0 9.993302452158417e-08 2.2320368435014973e-05 3.164173646614611e-07 8.307075435469014e-06 1.65651863464998e-06 7.010287282893062e-08 0.0 0.0 0.0 0.0 0.0 8.877128598107963e-08 0.0 1.771569849447275e-06 1.8095185804907144e-06 0.0 8.612782826715661e-08 0.0 1.2524248575257873e-07 0.0 1.9843702417008384e-07 3.5725304092066135e-07 6.511180786843696e-08 1.2993081598643063e-06 1.5318071463216842e-06 0.0 0.0 1.7815049350110954e-07 1.0426189016348683e-05 9.247343225716629e-07 0.0 1.7860392788699403e-07 0.0 0.0 0.0 0.0 0.0 0.0 5.085266255491414e-05 3.220416824721763e-06 0.0 7.430274299313912e-08 1.7822105715882528e-07 1.861138720613154e-05 0.0 6.321915944523428e-06 1.5994977079252216e-06 2.523402857153115e-06 3.227143667018592e-07 8.97007933747424e-08 0.0 1.1429797552421508e-07 0.0 0.0 0.0 0.0 0.0 0.0 0.0 5.708234442527788e-05 1.0595678679958579e-05 6.201042465285357e-06
1.533888763287766e-05 0.00012710365901421456 0.0015043978262937758 1.3063970934779032e-06 6.52532719312106e-05 3.8614435463076586e-07 7.802681798353868e-05 0.0 0.0005398517201754223 2.1001897191129738e-06 0.0023985037217488948 6.2681346143769895e-06 0.0001562037607964255 0.0011974228782250544 1.507257909929884e-05 1.154788680350654e-05 9.200976530628294e-07 0.0 0.0 2.8321120905216045e-07 1.812736793270322e-07 0.0 1.7193825073737314e-06 1.4496896753819113e-06 7.089197241586688e-08 0.0 0.0 0.0 1.0414530477193628e-07 0.0 0.0008965397186841631 0.0007260105205015351 1.6955940875450853e-05 1.6626744575703202e-06 9.746819031194088e-07 1.1751554477523743e-06 1.1420967689789245e-05 7.2108444056572e-07 9.320243675024089e-07 5.028500077443137e-07 0.0 2.4383989993363364e-07 1.8821277093576307e-07 2.7735586447916352e-06 5.602733355415293e-07 4.569675707947839e-07 5.794268007096093e-05 1.677915482372147e-07 0.0 7.676198345430627e-08 2.4029132099068426e-06 0.0 2.0989877481629051e-07 2.628503444998562e-07 2.1808163449917294e-06 3.665171115149944e-06 1.4162756790344455e-05 0.0001916386205908178 1.8246320979890905e-05 1.412864582663632e-05 1.8158543841965552e-06 2.4718720074853575e-05 4.6020606796380305e-07 0.0003014266025720228 1.431832269417748e-06 5.41980408080201e-07 3.738820037704824e-07 0.0 1.5226419753646898e-06 0.0 3.6066969794255084e-05 3.861458051603151e-07 0.0 5.462879375260874e-05 0.00029462426566315326 0.00012070817109427519 0.00012171042751807748 6.841365350792678e-05 0.00017286571823751622 0.0016692867927851263 4.16644972163863e-06 0.00010486911758951132 4.107468294862724e-06 0.0 1.3847932884197483e-06 8.216903496282108e-07 5.112190394412017e-07 0.0 1.5383455867031285e-07 0.0 6.619606143829925e-08 0.0 1.2543326031986845e-06 1.9149206712638998e-07 1.0491196719941615e-07 2.9766191092956996e-05 9.376891193999168e-06 1.2827310246655228e-07 4.594814789517492e-06 7.0985920566980365e-06 2.662961407608873e-06 1.05580223860332e-06 1.8682664144484926e-06 3.1926491533660666e-07 4.904923306147236e-06 2.9961284168762257e-07 0.0 2.5922998276364136e-06 5.806009242552452e-07 3.970615972060313e-06 4.528355790818041e-06 5.770051288486466e-06 4.287834449226048e-06 1.2409275735104797e-05 2.6497186541871706e-05 1.6389117788851035e-07 1.6595644416317338e-07 0.0 0.0 0.0 0.0 0.0 0.0 0.0 0.0 0.0 0.0 1.3176718639579272e-07 0.0 2.5706059034040615e-07 0.0 0.0 0.0 0.0 8.440898482721676e-06 2.0688380655324e-06 0.0 1.4465564797508846e-07 1.0974254142620962e-07 8.515873177772441e-06 3.0199187131835747e-07 5.456346229887891e-06 1.9151776049444167e-06 1.887546243073863e-07 0.0 0.0 0.0 0.0 0.0 0.0 0.0 1.142706790907687e-06 2.1629460857240594e-07 0.0 0.0 0.0 8.504484678868469e-08 1.1088950737479885e-07 0.0 0.0 0.0 4.182528738082914e-07 3.4063176817987926e-07 0.0 3.428542327164085e-07 2.6856165494225346e-07 7.389465757166994e-06 4.5040489736015543e-07 0.0 0.0 0.0 0.0 3.1571137120798593e-07 0.0 9.556557790194872e-08 0.0 1.748918258552975e-05 4.0639968740229186e-07 0.0 0.0 0.0 8.587570781207247e-06 0.0 4.637810707200414e-06 7.068659585111463e-08 1.7346175401070626e-06 3.9667403643231995e-07 4.678726346779052e-07 0.0 0.0 0.0 0.0 0.0 0.0 0.0 0.0 0.0 1.5742500421310604e-05 1.3013732344618502e-05 5.5623594886233035e-06
0.00015427241533585794 0.0012268454764894632 0.0009038760713102839 8.11055845193658e-06 0.001343246252213982 8.861767277206731e-06 0.0013078391987659775 0.0005398517201754223 0.0 8.413960743359729e-05 0.0011781128575984292 4.057309196023919e-06 0.0021507273345125794 0.00041671105673023233 9.997469863845922e-06 5.616766964025172e-06 3.839766878772087e-07 0.0 0.0 0.0 0.0 0.0 0.0 0.0 3.4216477069493916e-07 0.0 0.0 0.0 0.0 0.0 0.00038143497109445224 2.779441220754491e-05 6.671870266116396e-06 0.0 0.0 0.0 2.6800604801783256e-06 1.6930713288554414e-07 8.453653979092292e-08 0.0 0.0 0.0 0.0 4.876526369746365e-07 0.0 1.1189515030158875e-07 2.90856976726665e-05 1.0369579026947662e-07 1.7782704843590333e-07 0.0 1.1943141111118249e-07 0.0 1.0955675852251165e-07 0.0 1.6489859426035638e-06 1.4479754660385174e-06 6.23423322916444e-06 5.061477733780335e-05 8.665441349137784e-06 4.777090422130675e-06 0.0 0.0 0.0 4.00999197352681e-05 9.312242162617644e-07 2.3997349615187446e-07 1.801712883817345e-07 0.0 9.457863068934929e-08 0.0 1.0793038288769536e-05 9.91894439333604e-07 0.0 2.2890049674970208e-05 4.8776773263780354e-05 4.369982386466818e-05 2.916353330701039e-05 2.041593937490803e-06 2.8716939048629325e-06 2.1549435556444986e-05 0.0 1.2233749180485465e-06 1.6311658589949454e-06 7.621681458657044e-08 4.037432439952611e-07 5.415540272216242e-07 1.676990366859619e-07 0.0 1.7175562100862395e-07 0.0 6.063052345953292e-08 0.0 0.0 0.0 0.0 3.588339890782725e-05 3.957153503704385e-06 0.0 5.049815033562537e-07 2.92177718475244e-05 2.3808296861009126e-06 3.6130548950728712e-06 1.6637122924677853e-05 2.71038041008057e-06 3.232063063155998e-05 6.4889363003063555e-06 3.003917760555747e-06 4.105256252841492e-05 7.031273878263783e-06 1.4323127354578756e-05 3.165695322335833e-05 5.108085291602753e-05 2.1847941753451846e-05 5.935131421700375e-05 8.152964029419657e-05 0.0 0.0 0.0 0.0 0.0 0.0 0.0 0.0 0.0 0.0 0.0 0.0 0.0 0.0 0.0 0.0 0.0 1.2125602762633987e-07 0.0 1.319782625631417e-05 4.711462473253696e-06 0.0 1.0320844687734337e-07 0.0 1.5681751127110117e-05 0.0 7.187037566405705e-06 1.8151148789056366e-06 2.2516689919398158e-07 0.0 0.0 0.0 0.0 0.0 0.0 0.0 4.466440771638013e-07 6.92282604958168e-07 7.679565646169978e-08 0.0 0.0 0.0 0.0 0.0 0.0 0.0 3.752647498436619e-07 2.6925655069346275e-07 0.0 0.0 0.0 7.596990521645276e-06 1.5056293416930204e-06 0.0 0.0 0.0 0.0 0.0 0.0 0.0 0.0 3.846722182926566e-05 4.616095013512684e-07 0.0 0.0 1.1928685317824556e-07 1.699509887614066e-05 1.8876413333443144e-07 7.854288722540416e-06 6.326438120051054e-07 1.0228052010040375e-06 2.7693301784734557e-07 1.284245791951963e-07 0.0 0.0 0.0 0.0 0.0 0.0 0.0 0.0 0.0 4.9881766528162225e-05 1.1502419022301731e-05 5.408854568549129e-06
0.001805780543203651 0.00015234622513789347 1.2505042809980561e-05 0.0002960542194047077 5.5760912903849664e-05 0.00035828307765039223 0.0003080334530180198 2.1001897191129738e-06 8.413960743359729e-05 0.0 4.773972404104075e-05 0.000407734973345882 0.0033474946168109143 0.00026529809169589585 8.159667960256893e-07 1.9586227608384556e-06 1.9628963604986813e-07 0.0 0.0 0.0 0.0 0.0 0.0 0.0 0.0 0.0 0.0 0.0 0.0 0.0 5.57057748680891e-05 2.1085834731289647e-06 0.00014803594347911344 0.0 0.0 0.0 6.321623621951157e-05 0.0 7.37697194323435e-07 8.549479875243707e-08 0.0 0.0 0.0 1.1263991664015837e-07 0.0 4.6705807023888197e-07 3.3871900263864926e-06 0.0 0.0 0.0 0.0 0.0 8.512092476111552e-08 0.0 1.8165499016032852e-07 3.556276880242986e-07 3.140049371059007e-05 3.0802099284255805e-05 4.328158192163614e-06 2.6752957438760726e-07 1.2571288327569205e-07 9.985377610599565e-07 0.0 8.313830085338272e-06 0.0 0.0 0.0 0.0 0.0 0.0 0.00018408522265527826 1.0017541261412104e-07 0.0 8.867899661411499e-06 1.0786554611634644e-05 6.606553006854301e-06 5.209608966252448e-06 4.4337814656687827e-07 2.186707141197638e-07 3.6713996544980447e-06 1.9470838040301687e-07 6.792538391813993e-07 3.056434067765282e-07 0.0 2.4327111966823484e-07 0.0 0.0 0.0 8.008060511271303e-08 0.0 0.0 0.0 0.0 0.0 0.0 0.00014468716102886177 2.2985717187109418e-05 0.0 4.773006047503792e-06 0.0004623428739241303 1.7068441299499356e-06 6.230698956356974e-06 1.9188755838260835e-05 3.9248362176370896e-06 2.3590915063271344e-05 1.0735285310864042e-05 5.0689493257231315e-06 6.365504189401431e-05 1.2823613077076953e-05 2.4737080440426805e-05 4.847785558262315e-05 9.098520229946403e-05 3.794808303663117e-05 9.705936201788012e-05 7.734823557261257e-05 1.0047648959270655e-07 0.0 0.0 0.0 0.0 0.0 0.0 0.0 0.0 0.0 0.0 0.0 0.0 0.0 0.0 0.0 0.0 8.774032786001336e-08 0.0 1.067749265637052e-05 3.981601275554214e-06 0.0 7.601989944418886e-08 0.0 1.378115525826311e-05 0.0 3.0193144697731246e-06 1.1428419434228324e-06 0.0 0.0 0.0 0.0 0.0 1.0246848110085347e-07 0.0 0.0 5.273938196160851e-07 8.182678481810124e-07 0.0 0.0 0.0 0.0 0.0 1.0669926135902827e-07 0.0 0.0 1.533144344615803e-07 5.315611507186191e-07 0.0 0.0 0.0 1.1598491721451103e-06 2.0938861436410468e-07 0.0 0.0 0.0 0.0 7.194663403171036e-08 0.0 0.0 0.0 3.4030532000045983e-05 1.783358792360023e-06 0.0 0.0 0.0 8.360525590148718e-06 0.0 1.7086660296002227e-06 4.2519703075830534e-07 9.8582004753046e-07 0.0 0.0 6.90284333578044e-08 0.0 6.563679595601526e-08 0.0 0.0 0.0 0.0 0.0 0.0 6.092971023118973e-05 8.878382431245489e-06 2.2517330685070475e-06
7.725836777263334e-05 0.0006265668406423766 0.0017688707332913353 4.753232670443216e-06 0.0005918207180191159 2.0257155085613307e-06 0.0005214922179435658 0.0023985037217488948 0.0011781128575984292 4.773972404104075e-05 0.0 3.5975561883014747e-06 0.0007799795450042534 0.0019026132817604273 2.9061515042652494e-05 2.8825215317655808e-05 3.146615113054361e-06 0.0 0.0 2.3535675415613426e-07 3.305359098349464e-07 1.5857156798510945e-07 4.509430726032788e-07 2.226130462161431e-07 9.583541093452877e-08 0.0 9.757317411488942e-08 2.832517432945648e-07 8.68057551250675e-08 1.4138396706459524e-07 0.0004878853125515543 0.0002485471686093766 1.0131341198766797e-05 3.3831325786533847e-07 3.393526486284272e-07 1.0094960398068995e-07 7.637364894971394e-06 6.721788640366788e-07 4.609228943403405e-07 5.161589502108054e-07 0.0 0.0 0.0 2.566111662082398e-06 0.0 2.3830231573146663e-06 0.00010224003385210814 1.9343984050756294e-07 0.0 8.781998610776014e-08 6.17564895392548e-07 9.227756702188702e-08 4.4095586582886905e-07 0.0 2.865911138572025e-06 4.823623018658173e-06 1.4976355884684463e-05 8.681037205701352e-05 1.8124583065626455e-05 1.7646548113023552e-05 6.2292700811417e-07 2.0029452211793786e-05 1.284108682373141e-07 0.00010980218599250058 1.7822139273768529e-06 9.852452176358695e-07 2.431337798466264e-07 2.604619497438171e-07 1.6162252089312083e-07 0.0 2.7176100243385944e-05 1.0847350305512497e-06 0.0 4.5851519884963115e-05 0.00012490295715816968 0.00013392564901555749 0.00011935874582610017 2.567699984455946e-05 8.822059068785828e-05 0.0005297702518952239 1.513516722750649e-07 3.277125500785551e-05 5.973652301461166e-06 0.0 2.3274889543050624e-06 1.7611148929417863e-06 1.39648258801096e-07 0.0 3.422160515193612e-07 0.0 1.48560554106669e-07 0.0 1.7724571993868947e-07 0.0 1.0127163305276477e-07 3.4160205807522986e-05 5.691317223768897e-06 2.0291297270243173e-07 2.3036149014283827e-06 2.590809084457829e-05 3.4159211083860307e-06 2.535849241071926e-06 1.2224245379951552e-05 2.1961549351739517e-06 2.358774364733791e-05 3.3598253201980778e-06 1.7644450670319601e-06 2.296665357372793e-05 6.563237247405767e-06 1.4844172776208624e-05 3.079131856874512e-05 4.105188834300228e-05 1.6853755184295333e-05 5.4931164338772984e-05 8.718140210671556e-05 9.320110537133322e-08 5.882322580670815e-07 0.0 0.0 0.0 0.0 0.0 0.0 0.0 0.0 0.0 0.0 0.0 0.0 0.0 0.0 0.0 2.214941123267003e-07 0.0 2.319248974840715e-05 7.247272221931823e-06 0.0 0.0 2.0996960900927936e-07 2.4006030372591757e-05 4.597196685670908e-07 9.229412055720033e-06 2.491955790962191e-06 2.76432331885787e-07 0.0 0.0 0.0 0.0 0.0 4.589935403820152e-07 0.0 1.5773999436030024e-06 2.437256189270027e-07 0.0 0.0 0.0 1.6297048303746627e-07 0.0 0.0 0.0 0.0 3.926406663385157e-07 7.946990454334068e-07 0.0 3.8339655664247995e-07 1.8349688064047531e-07 1.0876352141515758e-05 6.42517796889698e-07 0.0 0.0 0.0 0.0 0.0 0.0 0.0 0.0 4.61362860962285e-05 1.9821948848382424e-06 9.917740223567366e-08 0.0 0.0 1.9717301032974855e-05 3.508695251535753e-07 8.676645602008651e-06 9.293597504764893e-07 2.8792558780356075e-06 1.6467071606816768e-06 0.0 8.780191204909083e-08 1.170702966715949e-06 0.0 0.0 0.0 7.992660146949706e-08 1.0015708528838754e-07 0.0 0.0 3.64891672853194e-05 1.912843850830648e-05 8.210323836685967e-06
0.00048320441212576016 3.0024084431160416e-05 2.3086083039287573e-05 0.00046310992901341276 1.0747330721215666e-05 0.00013147455331234578 3.853296145164972e-05 6.2681346143769895e-06 4.057309196023919e-06 0.000407734973345882 3.5975561883014747e-06 0.0 0.0007351008027706708 0.00011214862389352381 1.522659427767838e-05 3.487671751124537e-05 4.152840300824795e-06 0.0 0.0 0.0 1.2367983947887328e-07 0.0 1.4746639434095647e-07 9.324399384622019e-08 7.789065431115198e-07 0.0 0.0 0.0 0.0 0.0 6.927697833813454e-05 6.894106059528338e-06 0.00014368799399700058 0.0 2.534762051906548e-07 6.1919649362447e-07 0.0001242180371591561 8.718816761253215e-06 1.4144485994970895e-06 3.14825315232821e-06 1.192965118631014e-07 0.0 9.042852750324751e-08 3.0202524443452273e-06 1.1343724740667972e-07 7.376149285761413e-07 2.4792330748325703e-05 8.800483077210687e-08 0.0 0.0 2.921245519624079e-07 1.368634953335826e-07 1.9490944567160876e-07 0.0 9.123687538705965e-08 1.5227070937805262e-07 2.3958632276164984e-06 5.927142648627253e-06 2.7340239611485183e-06 1.394063824231501e-06 1.764472494703795e-06 4.637184925728585e-05 3.4386329474856446e-07 7.435968543009827e-06 2.466630966781327e-07 7.373846973026839e-08 0.0 0.0 1.1064241081729645e-07 0.0 0.0003537915181391346 3.3530592445305837e-06 0.0 4.1858755875068345e-06 1.0608554420623973e-05 2.0535559251251363e-05 3.77596771092665e-05 5.487939667173689e-06 2.8989288922659418e-06 4.082876907348558e-05 1.2209140601318102e-07 2.984949580506463e-05 3.466816045899393e-07 0.0 3.285535252070286e-07 2.9092642031078947e-07 1.9157851178024225e-07 0.0 0.0 0.0 0.0 0.0 0.0 0.0 0.0 0.00021794083524517445 2.09931792782959e-05 0.0 2.5776934699511185e-05 3.7922954799496716e-05 1.4662037413256496e-06 3.4851640704593146e-06 7.747432188090619e-06 2.058875201176498e-06 1.6454862534137072e-05 3.0371787657526466e-06 1.7374645151752444e-06 1.6797569929516967e-05 5.210846066495529e-06 9.611789304526396e-06 1.8367605885718636e-05 2.6357508673848382e-05 1.139881572055923e-05 3.857758977341431e-05 6.25381456071755e-05 3.3651491780808726e-07 1.313395104215468e-07 0.0 0.0 0.0 0.0 0.0 0.0 0.0 0.0 0.0 1.2990879326398824e-07 0.0 0.0 0.0 0.0 0.0 0.0 0.0 1.044466492926387e-05 5.183038499821158e-06 0.0 0.0 0.0 1.4562147726183236e-05 2.528931383604097e-07 6.515082147236378e-06 2.4059731422834927e-06 3.112420306435847e-07 0.0 0.0 0.0 0.0 0.0 1.5641824535709502e-07 0.0 7.470108891453477e-07 9.416476582859743e-07 0.0 0.0 0.0 1.665678769046039e-07 0.0 2.656526985161892e-07 2.556326879009015e-07 0.0 8.410440401392009e-07 1.2638978555320708e-06 6.668700813002707e-08 1.0960558150519743e-07 1.2210038548181927e-07 7.241471289485132e-06 1.2884727962284546e-06 0.0 0.0 0.0 0.0 0.0 0.0 0.0 0.0 3.4097097065840685e-05 4.893078235799428e-07 0.0 0.0 0.0 9.94052450855947e-06 5.567247646570775e-07 5.360706110884106e-06 1.1866211873548417e-06 4.648584630548929e-07 6.409369729480696e-07 1.7071364001419717e-07 0.0 8.091141893632976e-08 0.0 0.0 0.0 0.0 0.0 0.0 0.0 2.8611011376893386e-05 1.0919288886802778e-05 5.017853628012868e-06
0.0007897026270058079 0.0006545214526545939 0.0001855853542252004 0.0009421068633504035 0.0004784394512216707 0.0001743002109968579 0.0012043968797054232 0.0001562037607964255 0.0021507273345125794 0.0033474946168109143 0.0007799795450042534 0.0007351008027706708 0.0 0.0014257276706705927 3.870036375718967e-05 0.00010417533822225258 9.83774184966553e-06 0.0 0.0 0.0 3.905326785149852e-07 1.13975359333037e-07 4.236345686788284e-07 8.916656219053632e-07 2.1254916859412967e-07 0.0 1.235705432285505e-07 0.0 5.635848484539309e-07 1.1073340276616428e-07 0.00020568299915235704 2.7113825677071934e-05 0.0009128796406466735 5.692796907810883e-07 9.201272335047086e-07 3.694501501852181e-06 0.00013523641237566072 1.7327837864069594e-05 2.3612672459683613e-06 5.215357034955566e-06 1.3313945642222753e-07 1.2945644677526575e-07 0.0 1.6129896628990934e-05 3.9040442177126855e-07 1.7943104688950887e-06 9.007716647881955e-05 0.0 4.5222508170169005e-07 1.1080086390234406e-07 4.388007357949876e-07 2.368880183381629e-07 5.090808092277831e-07 0.0 1.3379487416981148e-06 1.1759087963907774e-06 1.2856377540682438e-05 4.4581516485779017e-05 9.869824253555097e-06 7.166312699521512e-06 6.182825011409147e-06 0.00015469073195238143 1.0290931084544044e-06 5.313623981236871e-05 1.0982692195348907e-06 3.388752862610496e-07 3.4068670410852257e-07 8.128643262944004e-08 4.080026261634767e-07 1.1736509723184501e-07 0.0006217478262266317 6.837229564102984e-06 0.0 2.130917286959833e-05 4.631310759959079e-05 7.774007691658452e-05 0.00013029756888497749 1.594791756635381e-05 2.1714403833108798e-05 0.0002785990891918532 2.722894755913619e-07 0.0001119395432173733 3.242670526726597e-06 0.0 5.798692875115243e-07 9.069410277111488e-07 4.279625344168036e-07 2.0631924203324553e-07 8.102374287928315e-08 0.0 1.0678661547188372e-07 0.0 3.766808350721958e-07 3.4366984476010616e-07 0.0 0.0008949088009520625 4.5718326545972986e-05 4.2726430014520306e-07 7.460610354845252e-05 0.00013992153010099795 4.6132760647475785e-06 8.284243173636466e-06 3.7429969860485126e-05 8.152775147448066e-06 7.185612702019757e-05 2.0172344591443937e-05 9.937849875972376e-06 0.0001112644182242128 2.5071668341240845e-05 4.317512420798348e-05 8.364596642928027e-05 0.00016135938633117037 5.6251430244586974e-05 0.00016239641997222942 0.0002123603285382367 4.867396955493975e-07 2.108577935789971e-07 0.0 0.0 0.0 0.0 0.0 2.1805746246032698e-07 0.0 0.0 0.0 0.0 4.143350913489263e-07 2.0049845690236676e-07 2.9809211111303493e-07 0.0 8.523060666810416e-08 3.7981179159213235e-07 0.0 4.712061167237407e-05 1.5303268976092673e-05 7.213742471599505e-08 9.386155680181731e-08 0.0 4.429255541788607e-05 8.023231208414276e-07 1.759948814539565e-05 6.0747167044947546e-06 5.408733834988432e-07 0.0 0.0 0.0 0.0 2.280118538817196e-07 4.034242023233294e-07 0.0 4.5113020415409335e-06 1.5167008423297801e-06 7.650450870324313e-08 0.0 1.1053945775571694e-07 1.1925107344936388e-07 2.629047048215356e-07 8.201029867914714e-08 9.96161528879067e-08 1.6590241769353314e-07 1.0465800883129605e-06 3.854623576560125e-06 0.0 3.7877754099923193e-07 1.0660328465385229e-07 1.66881651024526e-05 3.6367482649235535e-06 9.374754633045943e-08 2.1430720465176214e-07 0.0 0.0 0.0 0.0 0.0 0.0 0.0001034810483031289 2.576817738638067e-06 0.0 0.0 0.0 3.219408944986311e-05 0.0 8.886250995711466e-06 3.560944229603001e-06 6.341424939549373e-06 2.6124424623204595e-06 4.470768530157481e-07 7.329461920033437e-08 7.1389308344895e-08 0.0 1.0305108744552731e-07 0.0 2.147653682244628e-06 1.413989673820768e-07 0.0 0.0 0.00012033543049033398 2.2704098083895377e-05 1.0163198580625934e-05
