0.0 0.0013137876773066035 0.0002816470636353286 0.00108638344098607 0.00016589567663451672 6.978603600039369e-05 0.0003659595176604535 1.2602850662065135e-05 3.68650773907579e-05 0.0011391315578641813 3.876130600008436e-05 1.0476778118128376e-05 3.1746375445017676e-05 2.5703824587111558e-05 1.6999093783766236e-06 1.7730986218749518e-07 3.5825990712994736e-07 1.9952255640894537e-07 2.37440792321405e-07 0.0 0.0 0.0 0.0 0.0 0.0 0.0 0.0 0.0 0.0 0.0 0.0004049250969275133 3.059537616040476e-06 2.467084437894768e-07 0.0 0.0 0.0 1.5818576105042415e-06 5.617974054246286e-07 7.571316498442283e-08 0.0 0.0 0.0 1.3466996343936406e-07 0.0 0.0 1.6704709150904971e-07 1.8978648490902145e-05 4.18548073311464e-07 2.285188897618608e-07 6.072113329979386e-08 9.758240368026456e-08 0.0 0.0 0.0 6.3253675869482775e-06 4.970429654931214e-06 0.0001520067804006241 0.0010233471134150453 3.127609903757671e-05 1.690997579562014e-05 4.6552520390428023e-07 1.1066945398999783e-07 9.934925160125981e-08 2.1999837893883068e-05 1.1417417765417317e-06 4.6462657288601584e-07 0.0 3.2856657291264564e-07 1.9554407288157645e-07 0.0 5.963124432698871e-07 0.0 0.0 0.00014153581747638916 2.110806882198842e-05 1.5795552469549123e-05 1.9505141618613463e-06 4.507159998486161e-07 3.6449228773818147e-07 4.138632010531804e-06 5.434963865571027e-07 7.744493539933683e-07 4.098744589239459e-06 2.399725048793786e-07 4.5621925079811237e-07 1.3992694364363094e-06 2.8777974363819657e-07 8.802120991530093e-08 6.780527525247769e-08 0.0 0.0 1.0280863754997694e-07 0.0 7.762205797037206e-08 1.3841430757414073e-07 3.103337152073192e-06 0.0 0.0 1.0770895384336581e-07 0.0011512536220485748 0.0 0.0 9.004493279834028e-08 2.139507202509856e-06 0.0 7.875844244192355e-06 1.0149890156836432e-07 1.2604077745169352e-06 9.01233230913632e-07 9.252173544635441e-07 3.437050917520413e-07 3.5596454322105557e-06 2.593562501847848e-06 1.2180305109800016e-06 7.099383304026956e-07 0.0 1.2928637563787615e-07 3.0455972986839553e-07 0.0 0.0 0.0 0.0 0.0 0.0 0.0 0.0 0.0 0.0 0.0 0.0 0.0 0.0 0.0 0.0 0.0 0.0 0.0 1.0327167584802413e-07 0.0 3.0665404929339313e-07 0.0 2.658996435237173e-07 0.0 0.0 0.0 0.0 0.0 0.0 8.0564387879905e-08 0.0 0.0 0.0 0.0 0.0 0.0 0.0 0.0 0.0 0.0 0.0 0.0 0.0 0.0 0.0 8.217153490249262e-08 8.315456562719967e-08 7.819630712152926e-07 0.0 0.0 0.0 0.0 0.0 0.0 0.0 0.0 0.0 6.433860245462134e-07 0.0 0.0 0.0 0.0 8.984694097857906e-08 0.0 0.0 3.3241280111943693e-07 0.0 6.045283429012506e-08 0.0 0.0 0.0 9.500439479420608e-08 0.0 0.0 0.0 0.0 0.0 0.0 1.6635314384463363e-06 2.5859799992134674e-07 5.695683459027319e-07
0.0013137876773066035 0.0 0.0008580215095795815 0.001266358134403618 0.0023261840305554607 0.00016699603131559675 0.003175235946581246 0.00026455649379423884 0.0009265415448071478 0.001649815967748404 0.0003710360150751142 0.00014354327096704168 0.0006342301115700742 0.0002793913725824669 6.943723429377384e-06 1.6946498422292433e-06 2.4751139037132774e-07 7.368010781856822e-08 1.990810158965784e-07 0.0 1.100719259305383e-06 0.0 2.580028884873463e-07 8.062768096177293e-08 3.1459235314087177e-07 0.0 1.2376760684507736e-07 9.074438243841348e-08 1.154999185550401e-07 6.677404597787203e-08 0.0009390912972138748 1.5883374176583954e-05 4.465590863076133e-06 9.900844846944783e-08 2.0390530761787597e-07 6.370401536337158e-08 1.1964892903420355e-05 8.774364735331805e-07 0.0 0.0 0.0 0.0 1.4640313550466485e-07 5.020724094257566e-07 1.7597862306183108e-07 1.32285381040714e-07 8.170321247337379e-05 1.4773886173046076e-06 2.4564631814592e-07 1.3983944679857333e-07 1.8256030517876862e-07 0.0 1.816685650260039e-07 0.0 1.1083657092787688e-05 9.000422610886704e-06 0.00010766472968319895 0.0010127909150391948 6.0113454379240646e-05 4.593907618921006e-05 7.908681699224209e-07 1.1808029530537877e-06 2.8694170508266183e-07 8.078015192766135e-05 2.773672857856403e-06 5.38779465880037e-07 7.528066404444924e-08 5.086156237950874e-07 6.296586863739978e-07 9.212547049233848e-08 7.491824283152134e-06 0.0 0.0 0.00026713044131348264 6.314696650373145e-05 5.911527717851276e-05 1.6249289294088535e-05 1.6437662821280122e-06 4.92174252873696e-06 4.7623897824673786e-05 1.1904762278713613e-06 5.550849913720757e-06 1.0786942334655357e-05 4.054512332573545e-07 9.339934343063632e-07 2.330588196838252e-06 8.824141218412591e-07 2.1774678445728326e-07 4.453805034296006e-07 0.0 7.034597915750296e-08 0.0 8.582498498480357e-07 6.84878031559662e-08 0.0 1.2116145032738044e-05 1.1351152341402197e-07 0.0 1.1023611500075195e-06 0.0011709567277734532 2.438473467889446e-07 1.649563354009708e-07 1.6437396188723922e-06 1.992056580432043e-06 8.831816013634353e-08 0.00013427806465775627 3.3093763614049044e-07 1.3401827205181914e-05 8.561090020774756e-06 6.42406791299251e-06 1.6100615264749225e-06 2.185691451149646e-05 1.1267841498875853e-05 1.1324821669173168e-05 4.194727170790711e-06 8.729215366624992e-07 1.6547691724847437e-07 0.0 0.0 0.0 0.0 0.0 2.3346248026191786e-07 0.0 0.0 0.0 0.0 1.7670894763737023e-07 0.0 0.0 0.0 0.0 0.0 0.0 0.0 0.0 0.0 9.25713759339714e-07 8.051822551110277e-08 6.056112311619444e-06 2.0685115797735706e-07 1.2290598341823876e-06 1.1818953481368525e-06 3.5306643970077193e-07 0.0 0.0 0.0 0.0 1.7942446840625766e-07 0.0 0.0 0.0 1.9206314628020863e-07 0.0 0.0 0.0 1.53214638166922e-07 1.1655695374585607e-07 1.2590053869370678e-07 0.0 0.0 0.0 0.0 1.1627769686686622e-07 0.0 2.2384281059089045e-07 2.363245047965231e-06 0.0 0.0 2.044568233429298e-07 0.0 0.0 0.0 0.0 0.0 0.0 1.2330052420911948e-05 0.0 0.0 0.0 0.0 2.870692771867179e-06 0.0 1.326743237803401e-07 9.062968114223469e-08 0.0 1.5525777657255196e-06 3.2652232210913246e-07 0.0 0.0 7.911457335560774e-08 0.0 0.0 0.0 7.097732389827539e-08 0.0 0.0 1.2295993048245822e-05 2.7606372371944667e-06 4.030639084442699e-06
0.0002816470636353286 0.0008580215095795815 0.0 3.699703400892712e-05 0.0007497701141128997 1.7646409209158654e-05 2.74316106082146e-05 0.0019014990375477174 0.0005046303894003859 5.610597887487464e-05 0.0014787706757006336 9.341636406668027e-05 0.00038668393314652486 0.0006129088275543173 1.1999728693372e-05 5.082905072952742e-06 5.782720341492056e-07 2.410337999753829e-07 2.3702028877478585e-07 1.4617970428129079e-06 6.84710087342837e-06 0.0 5.611662455476662e-06 1.739409512666076e-06 3.7930631486385823e-06 8.13244744571897e-07 1.440096705339006e-06 5.810780685261961e-07 3.088139873334054e-07 1.6565547425550827e-07 0.003035510460171493 0.00037597764292164604 1.4263284490359856e-05 3.068991749546743e-06 2.495289377314368e-06 9.289453019821239e-07 2.2151295666774743e-05 1.773991406910121e-06 4.4880651208345197e-07 6.098415002702909e-07 2.118081106479402e-06 2.1950488162209848e-06 2.1719327381059218e-06 4.892950788717256e-06 5.459368246182478e-07 4.4217888836261e-06 8.373575135076384e-05 1.8568568241048998e-06 3.9149257955422494e-07 1.1490141634367712e-06 9.683158708533949e-07 3.0095384604816905e-07 6.977427844773896e-08 6.127652848567334e-07 8.81381769987865e-06 7.745336379589906e-06 7.346802949436455e-05 0.0009740164161770429 4.216990216019814e-05 3.860261067506951e-05 2.3540050199729168e-05 6.615494795547087e-06 1.0236528805145696e-06 0.00022267938705970657 2.414227416433348e-06 9.852459450638782e-07 1.0166876729713968e-07 3.4525081201348695e-06 5.924115012695261e-06 6.850973652364984e-06 6.372826027885295e-06 0.0 0.0 0.00018984242414335451 6.812936296643367e-05 6.650901399398042e-05 3.565906228797663e-05 1.82937020329409e-05 7.238302695967107e-05 0.0005864423359054673 2.518660045581951e-05 6.811440715733906e-05 8.00491792999798e-06 2.098214639434793e-07 1.108669019350714e-06 1.6969397689987713e-06 2.1415530447496478e-06 0.0 9.668872379708708e-08 0.0 3.5782092256069337e-07 1.3071718937752183e-07 9.256689295978556e-06 9.265305090860494e-07 1.1881859688828125e-06 4.400411972085865e-06 1.174880672109781e-07 0.0 3.855879812355289e-07 0.00038358780857656455 3.5787206285643907e-07 2.3686770379347273e-07 0.0 0.0 5.646830008987723e-07 2.593969866668024e-06 0.0 4.15108129677194e-06 1.5818180442905167e-06 1.723075230402749e-06 6.153146371730468e-07 4.741388356117234e-06 3.3381203529779004e-06 3.9220649679682465e-06 2.7701522953824837e-06 0.0 0.0 0.0 0.0 0.0 0.0 0.0 0.0 0.0 6.947207166444501e-08 4.417242455607253e-07 0.0 0.0 0.0 0.0 1.5293434712227008e-07 0.0 9.715283376939543e-08 0.0 0.0 7.562868490241052e-08 0.0 8.80689530036384e-08 0.0 2.8079818020244855e-06 4.633728318845522e-07 2.414940744255104e-06 6.754712660557408e-07 1.1237332497303219e-07 0.0 2.7545545212551834e-07 0.0 0.0 1.4283530683745445e-07 0.0 0.0 0.0 6.995363385209745e-08 0.0 0.0 2.8229664016481124e-07 0.0 4.544100128017144e-07 0.0 0.0 0.0 0.0 0.0 0.0 0.0 4.899152133638884e-07 1.0908933030558124e-06 0.0 0.0 0.0 0.0 6.228475963063313e-08 0.0 7.045363955378555e-08 6.823361809631772e-08 1.9636378580724422e-07 3.841278588123501e-06 1.8903840461998752e-07 1.2481188911218474e-07 0.0 2.782393403539006e-07 1.138858592334676e-06 3.3409970214054483e-07 6.01343289488293e-07 0.0 0.0 1.242382968973497e-07 9.650342060057873e-08 0.0 0.0 0.0 0.0 0.0 5.972712327228053e-08 7.821204680140386e-08 1.40358576527453e-07 0.0 3.262007989331171e-06 1.3857900086709432e-06 3.64680992964632e-06
0.00108638344098607 0.001266358134403618 3.699703400892712e-05 0.0 2.734888732717708e-05 0.00019960237849628982 0.0015288075173921192 1.170286956464157e-06 8.346439287183038e-06 0.0007170349466759302 2.3466744347354475e-06 1.0895581898276939e-05 0.00010321831263194214 1.354543030232708e-05 7.799663170150369e-07 0.0 0.0 0.0 0.0 0.0 0.0 0.0 0.0 0.0 6.999987123809797e-08 0.0 0.0 0.0 0.0 0.0 7.432126072043909e-05 1.1193411749553188e-06 1.0169936895566893e-07 0.0 0.0 2.3187683102501042e-07 5.965762412476587e-07 0.0 0.0 8.171000230678243e-08 0.0 0.0 0.0 6.812279090259321e-08 0.0 9.480862134016564e-08 1.102549641970792e-05 8.362737223613793e-08 7.220624492384908e-08 0.0 0.0 0.0 0.0 0.0 1.8748458785949833e-06 1.7867299165998762e-06 3.5478394002272575e-05 0.00026874102314316975 1.274226405404441e-05 6.368500316538918e-06 2.00903306885478e-07 8.267998003898786e-08 0.0 9.166989994204577e-06 4.045199483243506e-07 2.0052773864063197e-07 0.0 0.0 6.352558695724904e-08 0.0 2.2230903038822634e-07 0.0 7.202671269323751e-08 5.325126625051116e-05 9.211782500740769e-06 7.610499668993867e-06 8.255279159431725e-07 3.4722993020626277e-07 6.531096948459213e-08 3.93342150011444e-07 7.855007429687919e-08 1.7654401696856783e-07 2.1451464649982156e-06 7.369847095703432e-08 1.4342504918340613e-07 3.6014379795538223e-07 1.6327862398665285e-07 0.0 0.0 0.0 0.0 0.0 0.0 8.272733732459135e-08 0.0 1.884760371213645e-06 1.8407074967439469e-07 0.0 0.0 0.0005923160858983694 0.0 9.535821876829191e-08 7.341584044747017e-07 2.1010843902049845e-06 0.0 7.010159892604599e-05 2.9561420224976263e-07 3.766923625589154e-06 4.6145689799870677e-07 1.0366884100841951e-06 0.0 4.3919764810400055e-06 2.788427074305724e-06 2.427153340517906e-06 4.0241153102444665e-07 0.0 0.0 0.0 0.0 0.0 0.0 0.0 0.0 0.0 0.0 0.0 0.0 0.0 0.0 0.0 0.0 0.0 0.0 0.0 0.0 0.0 0.0 3.225768032820388e-07 0.0 6.969994069093488e-07 0.0 1.2156547698940068e-07 2.1420826608111732e-07 0.0 0.0 0.0 0.0 0.0 0.0 0.0 0.0 0.0 1.2235476508279237e-07 0.0 0.0 0.0 0.0 0.0 0.0 0.0 0.0 0.0 1.600123055144666e-07 0.0 0.0 0.0 0.0 0.0 0.0 0.0 0.0 0.0 0.0 0.0 0.0 0.0 1.2945260946258018e-06 0.0 0.0 0.0 0.0 0.0 0.0 0.0 0.0 0.0 0.0 0.0 0.0 0.0 0.0 0.0 0.0 0.0 0.0 0.0 0.0 1.7631238958044383e-06 3.7738810849274187e-07 1.7667655092445342e-07
0.00016589567663451672 0.0023261840305554607 0.0007497701141128997 2.734888732717708e-05 0.0 6.761495683476172e-06 0.0012134863987742159 0.0001573916011419161 0.0016525443440859615 0.0005187501304161981 0.0006734521862443051 3.411597487298904e-05 0.0002301949433711137 0.0005642037843381592 3.966131977821451e-06 3.844929337586673e-07 2.3185792669104247e-07 0.0 8.341702401214487e-08 0.0 0.0 0.0 0.0 0.0 1.5708855307825195e-07 0.0 6.16189230537632e-08 0.0 0.0 0.0 0.00010888621152113718 4.342439586815428e-06 8.521074437957509e-06 0.0 0.0 8.332403483649838e-08 3.929864559657724e-06 0.0 0.0 1.4319368542715048e-07 0.0 8.232121564655782e-08 0.0 8.7508044053685e-08 0.0 3.1595631584010237e-07 4.350886020191331e-05 4.909765566852345e-07 1.430762299281203e-07 8.145297731034173e-08 0.0 0.0 0.0 0.0 4.363278207090992e-06 3.6453664433585353e-06 2.247346931155808e-05 0.00016743971729304285 2.1440432995888257e-05 1.7631695287661556e-05 4.117840565357218e-07 9.145315350121089e-07 6.945710573338702e-08 2.81067195251275e-05 9.005101776479548e-07 4.508753524528889e-07 0.0 1.917079934300389e-07 2.796094544633906e-07 1.444369293792254e-07 6.3919267568784035e-06 7.11586190330467e-08 0.0 7.687460730068336e-05 2.3780056580231947e-05 2.8357345543837714e-05 7.3694064607558145e-06 5.820727590668653e-07 5.714157730114286e-07 2.4559300020807555e-06 2.452915993238261e-07 2.1470720171605553e-06 3.7629726090731005e-06 1.6536790118425133e-07 4.393951115883509e-07 5.498584665428014e-07 0.0 0.0 0.0 0.0 0.0 3.053751882472463e-07 0.0 0.0 0.0 1.1975408589224449e-05 5.771885607543653e-07 0.0 2.620912079097481e-07 5.230165535006295e-05 1.0128844617694509e-07 3.026028526674e-07 1.4519290126318417e-06 3.692637191265442e-07 6.107197051771364e-07 1.586964059590917e-05 6.286664446090155e-07 2.3311362719530902e-05 9.70500404353539e-06 1.3335117529318545e-05 3.6926884226534994e-06 2.9139994438354843e-05 2.1660789591165294e-05 1.8973701894355784e-05 7.613781162373594e-06 2.4969215104223563e-07 0.0 0.0 3.3546722279832263e-07 0.0 0.0 0.0 0.0 0.0 0.0 0.0 0.0 0.0 0.0 0.0 0.0 1.2449160854247527e-07 0.0 0.0 2.508149012987498e-07 3.408329029229055e-07 0.0 7.811708145841972e-07 0.0 1.1893390223365747e-05 0.0 5.04791376163231e-06 1.5401527421906571e-06 2.7477560876605425e-07 0.0 0.0 0.0 0.0 2.934566272514963e-07 0.0 0.0 0.0 8.53085124722546e-07 0.0 0.0 1.3538035487364445e-07 0.0 0.0 0.0 0.0 6.791156390570591e-08 6.710371441410984e-08 0.0 0.0 3.197488156578071e-07 0.0 4.486716070482634e-06 0.0 0.0 0.0 0.0 0.0 0.0 0.0 0.0 0.0 1.6488040953007897e-05 0.0 0.0 0.0 0.0 2.6103483554946274e-06 6.3932965709191e-07 1.86804534451879e-06 9.765528824677047e-08 6.953411195910156e-07 2.5604733480406337e-07 0.0 0.0 0.0 0.0 0.0 0.0 0.0 0.0 0.0 0.0 1.8500347333009423e-05 3.084974040398971e-06 4.922501617049671e-06
6.978603600039369e-05 0.00016699603131559675 1.7646409209158654e-05 0.00019960237849628982 6.761495683476172e-06 0.0 2.7413834114955854e-05 3.77590965713649e-07 3.3134093074182283e-06 0.00029683519228566565 3.3279431394140994e-06 2.8212368404896887e-05 2.577234225782918e-05 1.0188634985823315e-05 4.515051914913243e-07 2.8398625252180014e-07 0.0 0.0 0.0 0.0 0.0 1.2968475339769805e-06 0.0 0.0 0.0 0.0 0.0 0.0 0.0 0.0 2.224352490748579e-05 0.0 1.1839857559507968e-05 0.0 0.0 0.0 2.0452956226890357e-05 6.963670012110577e-07 3.1031014855447775e-06 2.602612544498807e-07 0.0 1.2326390922555937e-07 0.0 0.0 0.0 4.469727541799572e-07 7.672476011488864e-07 0.0 0.0 0.0 0.0 3.192155237535654e-06 7.724886777071166e-07 6.327861105035581e-07 0.0 1.927316459676177e-07 8.184941869409126e-05 2.1368865350939925e-05 5.818122457707043e-07 4.907103581571177e-07 0.0 2.8993537676270147e-06 0.0 9.353826938765303e-08 0.0 0.0 0.0 0.0 2.599597656883418e-07 3.2140886052192874e-07 9.466433359320196e-05 0.0001099941722441768 2.8629274416038333e-06 1.2728601793291708e-06 2.2138197856855429e-07 2.247935624868495e-07 3.631865169513354e-07 2.619055081937632e-07 2.443811906054308e-07 4.717132439899562e-07 2.5390470966174115e-07 3.910950473453951e-07 0.0 2.7718145425372123e-06 0.0 4.130834347855997e-07 3.4107004300342923e-07 3.6295532948549562e-06 2.3559375690965084e-06 3.468466480500845e-06 9.929162714039662e-07 1.5333268737349287e-06 4.587900741082493e-07 2.2752511550268493e-07 8.775313274220417e-07 0.0002506746684349716 0.00020073128453013608 2.4163285731401317e-06 1.255160765169994e-05 0.00018296098114404377 0.0 0.0 1.6975195983578065e-07 0.0 0.0 1.1557864803296668e-06 0.0 2.5796431625149917e-06 3.896109821117091e-07 9.372003284407648e-07 1.68120271472611e-07 1.3694167817649632e-06 2.032358680721398e-06 1.0740941124228529e-06 2.8969454690769636e-07 7.723532287972404e-08 0.0 0.0 0.0 0.0 0.0 0.0 0.0 0.0 0.0 0.0 0.0 8.21722261323911e-08 1.756629399747023e-07 0.0 8.809495182121572e-08 4.525660472008815e-07 1.3175192302696173e-07 3.374001587963224e-07 0.0 0.0 1.0001853361087953e-07 0.0 1.9201732148879864e-07 5.330495826161485e-07 0.0 2.596969161422913e-07 1.5122458728917024e-06 6.824315438973123e-07 0.0 0.0 0.0 0.0 0.0 2.9477328089046517e-07 0.0 0.0 9.18609812846683e-08 0.0 0.0 0.0 1.4172670214535127e-06 0.0 0.0 0.0 0.0 0.0 0.0 0.0 0.0 1.6885215533420028e-07 2.2859447494750494e-07 0.0 0.0 0.0 0.0 0.0 0.0 0.0 0.0 0.0 7.911402626589742e-07 4.025078080967265e-06 0.0 0.0 0.0 1.5247594917377397e-07 7.199276205264193e-08 3.3040941325550425e-07 0.0 0.0 9.525221946711417e-08 0.0 8.343051639109363e-08 0.0 0.0 0.0 0.0 0.0 0.0 1.2708783589097454e-07 0.0 1.5442698039167455e-06 1.763158430507506e-06 1.2454782268001062e-06
0.0003659595176604535 0.003175235946581246 2.74316106082146e-05 0.0015288075173921192 0.0012134863987742159 2.7413834114955854e-05 0.0 3.039399597454814e-06 0.0006203623799758425 0.00229700365178725 2.221272089006416e-05 9.003526114175083e-05 0.0004184971810868764 0.0003402197351547049 1.8694717590355936e-06 3.907671257382031e-07 0.0 0.0 0.0 0.0 0.0 0.0 0.0 1.5262825551977918e-07 0.0 0.0 7.998231336329238e-08 0.0 0.0 0.0 3.0192932993556116e-05 9.415183237324605e-07 2.900217306671595e-06 0.0 0.0 0.0 3.322302414090374e-07 1.5394954414992784e-07 4.123766548935797e-07 6.204674077721522e-08 0.0 0.0 7.424900074176781e-08 0.0 0.0 0.0 1.4656014692934657e-05 8.329104870273794e-08 0.0 6.474089771970519e-08 0.0 0.0 0.0 0.0 2.22926403175818e-06 1.9287579740833217e-06 1.2935064463991e-05 0.00010160748050201458 1.1655956536244691e-05 7.505526801348464e-06 1.159783460954784e-07 5.968098126528925e-07 0.0 9.001065872645264e-06 4.5238506821001726e-07 1.203296490232134e-07 7.778950171531707e-08 1.1609971856393334e-07 6.221932855861408e-08 0.0 2.323422039654357e-06 5.713993120947761e-07 7.589940053753839e-08 4.2353265417317125e-05 1.1738805519314677e-05 1.0736852911973551e-05 3.2732133778979333e-06 6.660216710899697e-07 1.655762614524899e-07 1.0724350427823088e-06 2.001391174032842e-07 2.16573569059808e-07 1.3248384814801003e-06 0.0 3.144178256290601e-07 1.665303194635448e-07 1.407862442165084e-07 0.0 5.8797252949301457e-08 0.0 0.0 0.0 0.0 6.972180927590942e-08 0.0 2.253270799785232e-05 2.599078323536429e-07 0.0 1.361053103611348e-07 4.3470851221982795e-05 0.0 5.390518318935272e-07 2.3593152452411784e-06 3.7512939691525824e-06 5.558959899784883e-07 4.644903186129324e-05 1.7691023807050748e-06 3.861879898994008e-05 1.4786659972969248e-05 1.8619899294813122e-05 3.3123491750887976e-06 5.003023159392612e-05 3.124681285920311e-05 2.6762147871447402e-05 1.036223356502699e-05 1.4652809808189494e-07 0.0 0.0 0.0 0.0 0.0 0.0 0.0 0.0 0.0 0.0 0.0 0.0 1.5903124667040017e-07 0.0 0.0 1.1268839184746079e-07 0.0 0.0 0.0 7.671425877880287e-08 0.0 6.193044804475847e-07 0.0 9.866183670238896e-06 9.08497097998294e-07 4.3379043845844665e-06 1.781794792326483e-06 7.363357679382011e-07 0.0 0.0 0.0 0.0 2.0319171187755458e-07 3.5180491834417173e-07 0.0 0.0 2.743896238473891e-07 0.0 2.975657050043381e-07 0.0 0.0 0.0 8.487512257848135e-08 0.0 0.0 0.0 3.1079126921233453e-07 0.0 6.453895356526862e-07 5.686731228086182e-07 4.699298821044326e-06 2.809440586462349e-07 0.0 0.0 6.399536608639931e-08 0.0 0.0 0.0 0.0 0.0 2.128982315846392e-05 0.0 0.0 0.0 0.0 3.3256492420914335e-06 6.324506550263097e-07 1.3124063956118563e-06 1.246885929884309e-07 2.0603669625556923e-07 7.816158916216264e-07 2.1327199250442742e-07 7.546978240132754e-08 0.0 0.0 0.0 0.0 0.0 0.0 0.0 8.124745162052416e-08 2.5893529010493035e-05 2.0263395150658054e-06 6.1495330129822694e-06
1.2602850662065135e-05 0.00026455649379423884 0.0019014990375477174 1.170286956464157e-06 0.0001573916011419161 3.77590965713649e-07 3.039399597454814e-06 0.0 0.00022217602153060858 5.334235342403714e-06 0.0023244063465126994 6.476773913045363e-05 0.00033959561176234075 0.0008019097621286431 1.5431493025686685e-05 9.158609973018477e-06 4.1743971028190677e-07 1.0242808601981625e-07 5.37710910190913e-07 5.440870007100658e-06 2.7632868098085036e-05 1.1779918496575413e-07 1.0631006067176255e-05 4.727042785138832e-06 4.194538706155132e-06 7.854805097587399e-07 1.1598823818474667e-06 3.742969498201814e-07 0.0 9.914690878399802e-08 0.0006782494128214188 0.00035793171818289415 5.285512309763339e-06 8.513596541447765e-06 4.496219200936124e-06 5.695908403454749e-07 1.6539844390069627e-05 1.135323572974973e-06 1.6642100868889987e-07 3.1225434034724314e-07 3.4538091969884516e-06 1.5240093840553385e-06 2.8040250949181045e-06 6.672930288087765e-06 1.8663462692780748e-06 9.075623456632177e-06 8.441467753924496e-05 6.155994721165663e-07 7.914775399824669e-07 3.023885151359696e-06 1.6691113355389956e-06 0.0 1.6392699227306487e-07 9.911692655319176e-07 5.953379441439735e-06 4.8172763004569205e-06 2.6036202215881738e-05 0.00024381450475786362 2.171965884990821e-05 2.37544202564735e-05 0.00010703510009813949 2.10491559782533e-05 1.5823810054966805e-06 0.00010959566293633931 1.6889926774223504e-06 1.7439459955477792e-06 5.209054234716681e-07 5.135360982813298e-06 1.3477488683316722e-05 2.569622041522361e-05 1.071610968142398e-06 1.6550933003650512e-07 0.0 0.0001059819769899137 6.92118185011358e-05 6.758497401989299e-05 7.330339248574319e-05 0.00020486768632758823 0.000856803492025143 0.0006174022168868408 0.00011711814189910476 0.0004727802988099942 3.783825337940314e-06 1.885342301054232e-07 7.183833057657672e-07 1.0545367858940077e-06 3.452329723878975e-06 1.8797435532113182e-07 9.310465926481903e-08 0.0 0.0 5.7706894047332745e-08 1.988355303134965e-05 1.1330750074735574e-06 1.060175067800418e-06 1.200681138856443e-06 8.44092443436419e-08 0.0 1.379479792361116e-07 2.071435678896409e-05 2.9196914337691706e-07 0.0 0.0 0.0 0.0 3.8698291532090884e-07 0.0 1.0120187740179765e-06 3.4777356912549664e-07 3.5034222765362587e-07 1.0228833969615258e-07 6.91307680607531e-07 3.1686292547324156e-07 1.8523340050700272e-06 3.448099718402496e-07 0.0 0.0 0.0 1.3433044631666559e-07 0.0 0.0 0.0 0.0 0.0 0.0 1.2568891517734283e-07 0.0 1.0414377221158057e-07 0.0 0.0 0.0 0.0 0.0 0.0 0.0 0.0 0.0 0.0 0.0 1.1019069905307268e-06 0.0 3.5089080699120404e-07 0.0 0.0 0.0 5.018285445892437e-07 0.0 0.0 0.0 0.0 0.0 0.0 8.462475267920281e-08 0.0 0.0 3.6433558752770526e-07 0.0 1.0880189172944413e-06 0.0 0.0 0.0 0.0 0.0 0.0 2.2716122850728624e-07 0.0 1.3323488443615867e-07 0.0 0.0 0.0 0.0 0.0 9.255013213509119e-08 0.0 0.0 3.5273230238286476e-07 1.2791729301486255e-06 8.470504787322503e-08 1.5361903980776622e-07 0.0 2.890094630610948e-07 0.0 0.0 3.695615106118819e-07 0.0 7.413032353407981e-08 2.0875259746881943e-07 2.864403329962906e-07 0.0 0.0 0.0 0.0 0.0 6.960874764135026e-08 2.215246130543519e-07 0.0 8.70367270719698e-08 2.247507437417423e-07 1.8323604402581223e-07 6.939286261228654e-07
3.68650773907579e-05 0.0009265415448071478 0.0005046303894003859 8.346439287183038e-06 0.0016525443440859615 3.3134093074182283e-06 0.0006203623799758425 0.00022217602153060858 0.0 0.0004430197888510512 0.0012080613096796568 8.494122602429025e-05 0.0007980359300041504 0.0005186065494384097 7.068885045988791e-06 1.1221451410009855e-06 1.7821502506038177e-07 0.0 9.294699454750772e-08 0.0 4.5659452433253655e-07 0.0 4.167861175834713e-07 0.0 0.0 0.0 0.0 0.0 0.0 0.0 4.783509126743997e-05 4.910246357434529e-06 1.8934169384786903e-05 1.6449926097018734e-07 1.6162162803580447e-07 1.921125075966806e-07 1.1582261178501386e-05 3.0863275649908973e-07 8.393251272772195e-07 0.0 1.863532390245492e-07 0.0 3.4964967423742365e-07 7.908513607116332e-07 1.5761098356385619e-07 0.0 4.199717059762202e-05 5.156757495275772e-07 3.1805828701932496e-07 1.3677052536693322e-07 7.208329709423013e-08 0.0 0.0 0.0 3.56352178518083e-06 3.0611581321994718e-06 1.9224563767137402e-05 9.16249632792463e-05 1.5877807037773378e-05 1.757767800734448e-05 1.4113686174120465e-06 9.599492831041603e-07 2.1111321723098857e-07 2.134985272428783e-05 6.420402910261663e-07 1.4010626689776163e-07 0.0 1.4130530428656106e-07 5.204793043519201e-07 8.326044168583739e-08 1.7933950692816723e-05 3.7017476549112486e-07 0.0 6.151685338920004e-05 2.4081189272639196e-05 3.358531653858545e-05 1.4939357828373926e-05 3.5405224284679284e-06 2.106547410502715e-06 2.494077517343033e-06 1.074683640433952e-06 2.4395026341910984e-06 2.527929119161766e-06 1.9118725083139617e-07 4.3352970975575916e-07 4.2389805876649126e-07 1.733796629439657e-07 1.251697050728936e-07 7.028984485970003e-08 0.0 1.1791198939849056e-07 0.0 2.560618827821595e-07 1.1961052880207536e-07 1.2980097218463078e-07 3.556514963454419e-05 1.4274389248713488e-06 0.0 4.097814670691138e-07 1.6474021192438397e-05 1.7675477135710588e-06 1.3755800983254328e-06 6.43243407207204e-06 2.2111171250077902e-06 2.4124492087651835e-06 4.406856458999718e-05 1.600309237114069e-06 7.434190161681352e-05 2.5595593288516525e-05 3.804765752267256e-05 1.0544169126978438e-05 0.00010396319741873909 6.534889848011417e-05 5.147761303184766e-05 2.4695108927501523e-05 3.3914040776215405e-07 5.741024068006047e-07 0.0 2.784057338580696e-07 0.0 0.0 0.0 8.734810202856855e-08 0.0 0.0 0.0 2.5569856377411926e-07 4.174555335523737e-07 0.0 0.0 0.0 7.611325313636575e-08 7.269139936362511e-07 0.0 8.479747977825568e-08 7.775108755142344e-08 0.0 4.67883594583986e-07 0.0 2.8174541706041455e-05 7.660031515632675e-07 1.0571529549571598e-05 3.240127481980473e-06 7.598374505275666e-07 0.0 0.0 0.0 0.0 8.757733315304443e-07 1.7408577839794373e-07 0.0 6.087641354187395e-07 2.4083552255443116e-06 0.0 0.0 0.0 0.0 2.0020656322291437e-07 0.0 5.157363205568216e-07 0.0 4.730304173909417e-07 0.0 3.981189719213407e-07 1.0579515419681156e-06 1.9338000568063565e-06 1.1079637065807578e-05 4.3034542258989826e-07 0.0 7.66215375217218e-08 0.0 0.0 0.0 0.0 0.0 2.5639088678035533e-07 5.350730933076841e-05 2.25334323960692e-07 0.0 7.299290741530076e-08 3.2259094938228697e-07 8.632518739230227e-06 1.961730084986096e-06 6.1471478572378895e-06 1.5052600784859712e-06 1.1597783276350726e-06 2.542240375130324e-06 9.087371958997788e-07 9.148861520251477e-07 0.0 0.0 0.0 0.0 0.0 7.391031952499308e-08 2.610966084613911e-07 2.2861662645448438e-07 5.566797140462832e-05 1.0085046560572276e-05 1.6133908074174672e-05
0.0011391315578641813 0.001649815967748404 5.610597887487464e-05 0.0007170349466759302 0.0005187501304161981 0.00029683519228566565 0.00229700365178725 5.334235342403714e-06 0.0004430197888510512 0.0 2.7368316958359332e-05 0.0006629224476399238 0.0034863886927436003 0.0008235562257336778 2.030117290079161e-06 6.604821225332458e-07 1.5565175939622856e-07 0.0 7.459103629898013e-08 0.0 0.0 0.0 2.5333708667254107e-07 0.0 9.1415304109653e-08 0.0 7.841543985944159e-08 0.0 0.0 0.0 9.279854797031359e-05 2.629624672957066e-06 3.686544481963673e-06 0.0 8.613777455142707e-08 0.0 4.81561343173112e-06 6.295025863011079e-07 8.856264440057942e-07 6.104361616011016e-08 0.0 1.0575163725592314e-07 0.0 1.4621089321731516e-07 0.0 0.0 2.234723053103405e-05 7.570822295856722e-07 0.0 6.406317091690696e-08 7.028975376738782e-08 1.9852281292413446e-07 5.679666751356191e-08 0.0 3.1763120017771915e-06 3.0487280610788403e-06 6.973309633141326e-05 0.00029754170288737733 1.931808247846979e-05 1.2914468802987197e-05 4.634126338666141e-07 1.0553220552089196e-06 2.8795124902859156e-07 1.8073082700643606e-05 1.3010877793010253e-06 2.2341332105559092e-07 6.874731443669296e-08 1.7575112804965838e-07 2.0653228665930108e-07 0.0 2.0021387139837132e-05 1.2983195621653649e-05 1.7209139259780544e-07 8.373849560847802e-05 1.7537857908629223e-05 1.6270647879998902e-05 3.7724596269040736e-06 1.1574536196773972e-06 4.486040728155067e-07 1.7110293866549933e-06 1.8870205429473097e-07 1.0262366335746683e-06 2.127332875734922e-06 9.198135656022316e-07 3.922874885791167e-07 2.9824687723988615e-07 5.3681487262436075e-08 4.355297861462246e-07 2.576042363789134e-07 4.410872798884527e-07 1.4603561553352062e-07 1.3607260286268224e-07 8.899692110480381e-08 0.0 7.699755051138622e-08 0.0001204814480225482 2.0753638296345876e-05 9.829099470178605e-08 2.8675049160260277e-06 0.0008245016258973524 3.0598188019331354e-06 6.3323026322193686e-06 6.686284937603874e-05 4.6500327678407654e-05 2.7533961378294837e-06 0.00011446344374571127 1.0456611062528612e-05 0.0001135580172891818 7.39620360064053e-05 0.00013271093933188755 8.925912523503046e-06 0.00014793726538392372 0.00012277950168380132 7.793650132864038e-05 2.1440957478630067e-05 6.653468217325628e-08 1.1748576954136207e-06 0.0 0.0 0.0 0.0 0.0 0.0 7.532820351467714e-08 0.0 0.0 0.0 0.0 0.0 1.0091715391240135e-07 0.0 0.0 5.578860140643836e-07 7.805307999986513e-08 2.9211183680479907e-07 5.170371026999817e-07 0.0 7.762507473341736e-07 0.0 1.8993657347872674e-05 6.710259772952964e-07 5.7140908362069e-06 2.319271772101285e-06 9.354804573610103e-07 0.0 7.549453807676183e-08 0.0 0.0 0.0 2.1013290320053366e-07 0.0 8.504073108125396e-07 3.931316083502468e-06 1.1384351738340664e-07 4.5290197957317615e-07 7.284666674561413e-08 5.012691306248846e-07 2.628739480734037e-07 8.580740202519962e-07 6.738609415189686e-07 1.5094640208444162e-07 1.9540748156693782e-06 3.1560907837602602e-06 4.6019960975543847e-07 1.1006853300982732e-06 3.84308820120589e-07 6.363464310208945e-06 1.1232056055494372e-06 1.9734024716873e-07 3.444729838688077e-07 0.0 0.0 6.475537068060302e-08 0.0 0.0 0.0 4.858046596476704e-05 3.617062561612767e-07 0.0 0.0 1.2269157086960997e-07 5.379303237074818e-06 4.967458614868223e-07 2.491154911598278e-06 2.98981007866564e-06 3.915067465521212e-06 1.8656487968770132e-06 7.687013326426084e-07 2.1813763477709438e-07 0.0 0.0 0.0 0.0 0.0 8.896848958665352e-08 0.0 0.0 6.185497192876227e-05 5.723569302077268e-06 9.46244654245377e-06
3.876130600008436e-05 0.0003710360150751142 0.0014787706757006336 2.3466744347354475e-06 0.0006734521862443051 3.3279431394140994e-06 2.221272089006416e-05 0.0023244063465126994 0.0012080613096796568 2.7368316958359332e-05 0.0 0.00015134787321594354 0.001008837200818957 0.0013750209425622325 3.784692576940282e-05 2.605979518904304e-05 6.828038649691468e-07 1.6504280879710903e-07 5.369648641539617e-07 1.6264349677157544e-06 9.943032986766469e-06 4.44993232501822e-07 1.1170782784898451e-05 4.281347327360601e-06 1.4753840511348246e-05 3.764738272794037e-06 4.293388150314442e-06 1.8858563081801435e-06 8.667253250605818e-07 6.650783566133835e-07 0.0002926678238388644 7.244360347588771e-05 0.00020172895593276296 4.125950921148965e-06 4.107214025567542e-06 3.5765583971414595e-06 9.128618122864039e-05 1.0231354000923782e-05 3.1127382644953857e-06 3.2497914814573157e-06 5.351595345535945e-06 3.6583973593704658e-06 1.0275029131649885e-06 1.2766585385258988e-05 1.4991602961340783e-06 6.391268154102796e-06 0.000125247088511873 1.0263012608909918e-06 4.944408133934689e-07 1.9182554216472986e-06 2.0550391929081003e-06 1.4525562099932234e-06 4.980204197608102e-07 7.398368205821945e-07 6.495250141009531e-06 6.092330459559011e-06 3.161624848559789e-05 0.0002001957570383683 2.6055218073631727e-05 3.314594117795373e-05 4.790936476665535e-05 2.6992444545566094e-05 2.5345385951506693e-06 6.524867137190021e-05 1.678531882773916e-06 1.4126194220260344e-06 2.478795587054e-07 3.4614315551886074e-06 7.2869935473010925e-06 1.0626177038654728e-05 2.4655870075434518e-05 9.17139572210967e-07 6.09669839487128e-07 0.00013269064618309423 7.68313722529926e-05 0.00011208548979168446 9.016543526019644e-05 4.158408234566061e-05 9.684355894605457e-05 0.0002803063018908146 3.652206768700048e-05 0.00012262001933728412 6.106823005303969e-06 2.1034370152771648e-07 1.2291129168877313e-06 9.348202738658681e-07 2.8748323012441536e-06 0.0 7.476495831483423e-08 6.258076141995458e-08 6.598630913297349e-07 1.8379649751420473e-07 2.225455849595174e-05 6.61822326214105e-06 3.5618030661509064e-06 1.6074939471227743e-05 9.88098168601527e-07 5.579834935551845e-08 2.165609683138445e-06 3.919212823734494e-05 0.0 9.318150902609145e-08 2.6001486099794847e-06 2.431028439629295e-07 6.143608095719581e-07 6.097283127140061e-06 1.263951699489749e-07 8.840501210141448e-06 5.180806015732041e-06 4.581876077737941e-06 3.092291341162298e-06 1.6001570545464407e-05 1.241868036456861e-05 1.1910816129106671e-05 8.328141922724743e-06 6.789054837344331e-07 5.264072437360256e-07 7.342678545670001e-08 0.0 0.0 0.0 0.0 8.347521056615803e-08 0.0 1.5596110353010226e-07 1.0188585260137594e-06 5.350718265887073e-07 2.1968410896138273e-07 0.0 9.178079861644348e-08 2.2095787419641734e-07 3.770430829643407e-07 4.471880267471806e-07 0.0 0.0 7.911981384274513e-08 0.0 2.3790705582314136e-06 1.6717359193884466e-07 2.0018029530793003e-05 1.5084096755559961e-06 7.786747737756828e-06 3.970915079742519e-06 1.9974999837324213e-06 4.900844039378792e-07 4.6880317147568606e-07 2.0588393444800302e-07 1.3308056334254238e-07 7.441588775193412e-07 7.569640560648867e-07 9.789714369404352e-08 1.7329853184401967e-07 1.050784988264744e-06 0.0 0.0 4.069559067870838e-07 7.978555664811722e-07 9.850167300145158e-07 1.3813407547157322e-07 8.590331901492773e-08 0.0 6.744173655121389e-08 7.377861611665993e-08 0.0 2.170495071009375e-06 2.1361835762565516e-06 6.175918313806767e-06 6.719992932928255e-08 0.0 1.2957238406471168e-07 0.0 0.0 7.764200718674472e-08 0.0 0.0 6.959748702405044e-07 2.792423284932885e-05 3.671468570334618e-07 3.8892763437741075e-07 0.0 6.803390248850736e-07 2.391903080545735e-06 1.7465627722502379e-06 4.876687729925329e-06 9.66377249623439e-07 3.401311813333985e-07 5.375182553089727e-07 2.122309038266185e-07 5.55833318467692e-07 0.0 3.0428480255342107e-07 0.0 0.0 0.0 2.1088142480502837e-07 3.1886738501143535e-07 1.662958746437881e-07 1.484491903110456e-05 1.0822528451982624e-05 1.6454742812003004e-05
1.0476778118128376e-05 0.00014354327096704168 9.341636406668027e-05 1.0895581898276939e-05 3.411597487298904e-05 2.8212368404896887e-05 9.003526114175083e-05 6.476773913045363e-05 8.494122602429025e-05 0.0006629224476399238 0.00015134787321594354 0.0 0.0007899508942958037 0.0002473301874273348 7.435814615707416e-06 5.345294152723397e-06 4.5053841806515996e-07 1.0089829244540379e-07 0.0 1.9956604495046584e-07 1.922510857953995e-07 9.618463823148645e-07 9.913234312327658e-07 9.574264975927828e-08 2.5989097223832813e-06 2.905222545233529e-07 3.1867536241730926e-07 4.035848964563185e-07 1.335808959048801e-07 5.123166133476263e-07 1.777113417477151e-05 1.1902421634959672e-06 6.398703227580735e-05 3.2134232026704936e-07 3.7791625636052974e-07 5.909942972571608e-07 9.471157021364198e-05 4.840044250546596e-06 7.074596116011024e-06 1.8622777168874212e-06 1.6634199950399116e-07 1.363406586022937e-06 7.522335090495897e-08 2.997203050348552e-06 1.899847626514755e-07 1.2255182829680619e-06 1.7867838786139524e-05 2.3575386986681186e-07 1.1458698068538836e-07 1.967996518043981e-07 8.067143313516167e-07 6.276384196404509e-07 1.5647804704348906e-06 6.215850247089551e-07 1.2364860492008826e-06 7.385893542335303e-07 7.358167930662521e-06 4.047042650982851e-05 5.062076521056861e-06 4.778789675308164e-06 4.234779501318374e-06 6.708633201834392e-06 1.7478621880087146e-06 8.11174740364213e-06 2.2415416411400396e-07 2.737232567917598e-07 0.0 1.2636876389517827e-07 4.1932181676969666e-07 4.2254202109842247e-07 0.00011474373018752218 2.7031017413701024e-06 0.0 2.0721430160590447e-05 1.0181180007067652e-05 1.2621831620742806e-05 8.84394209899242e-06 6.94580274804191e-06 5.981654377263708e-07 5.476158740178808e-06 2.75105982899793e-06 5.373893398612301e-06 7.038566057621044e-07 0.0 0.0 1.340635083333086e-07 2.1919240337684784e-07 1.8233985642486345e-07 0.0 1.9168066573637768e-07 2.627667377803108e-07 4.616178795478566e-07 2.2834911191037487e-06 1.5938097738464522e-06 2.679087509131821e-06 0.0005465414772967968 3.2307162074070975e-05 0.0 4.509196474292909e-06 1.6177345807618425e-05 6.535078004004809e-07 3.187577420177696e-07 7.15944680977472e-06 7.482596497966585e-07 2.3682624768218868e-06 4.242677084223111e-05 1.579280775101499e-06 6.104527416343482e-05 2.4863470448925454e-05 2.95250392361327e-05 1.0328071670642664e-05 9.493554759436986e-05 6.84407195598939e-05 7.207138081590059e-05 4.615018551090511e-05 1.5260990202638145e-06 1.94140000629771e-06 0.0 7.207746718624912e-08 0.0 0.0 0.0 1.446923468642743e-07 0.0 0.0 3.0124443588247133e-07 2.0252415526349535e-07 4.670842863362519e-07 7.762414237681014e-08 4.215884399824138e-07 5.341926518166555e-07 2.1766340819975997e-07 1.3059952865287067e-06 9.923366081544412e-08 6.932428564047367e-07 8.142365576671753e-07 2.484810894682252e-07 2.9711683638337283e-06 3.3854602506665123e-07 6.968799661873334e-05 1.7740231284682535e-06 2.7448089823705005e-05 7.848748117905498e-06 3.91353677174042e-06 7.294780064564584e-08 1.581974144363407e-07 0.0 4.414623926717377e-07 1.1158898694305314e-06 8.108559129848014e-07 0.0 5.911259524401522e-07 5.0608077605406265e-06 0.0 1.3532622996508132e-07 8.940762419030408e-08 6.610838408390666e-07 5.873447534275319e-07 0.0 9.749414058811016e-08 6.566413973737859e-08 9.082002817365343e-07 1.44561635826307e-06 8.831794580149128e-08 2.205535272109604e-06 2.9155082015158234e-06 2.1875563251153153e-05 4.2595443556427013e-07 0.0 2.0313722795811386e-07 7.463573583241582e-08 0.0 7.354409092133364e-08 7.30448407499997e-08 0.0 3.1437550521248434e-07 0.00011949122867836471 1.0298623272936135e-06 0.0 0.0 6.38730912682164e-07 1.8522776200004475e-05 1.8496953394207835e-06 1.0046448149081325e-05 2.4557368649453976e-06 1.9247366182271323e-06 2.806838475622156e-06 1.2606191354731046e-06 8.897571320701136e-07 0.0 0.0 0.0 0.0 0.0 8.293670496663541e-08 0.0 0.0 0.00010557583216907444 3.160007849635718e-05 4.649506449320941e-05
