0.0 0.0017001481068766619 0.00016658422046075954 0.0011905849055069873 9.655679741235352e-05 9.753091691435558e-05 0.0005764847667739768 6.303174530590068e-05 0.00018447924077576888 0.0013052210968260314 0.00013759361447330637 0.00028358968713022175 0.0007420341475713767 0.0002906300277606629 2.6387482606741734e-06 1.6594147265132467e-06 2.838361387424324e-07 2.2625096567762433e-07 9.598084813950055e-08 1.0891522298276737e-07 5.362400675588403e-07 0.0 2.1028418423098545e-07 4.977709371632197e-08 1.4029556576258634e-07 0.0 8.774532545545905e-08 0.0 2.0939479518086594e-07 0.0 0.00036251619272418173 5.0379464403706205e-05 1.8723044587268357e-06 1.0353993994671224e-07 7.057978530955394e-07 0.0 1.0895603392953723e-05 2.3082335117962928e-07 0.0 0.0 0.0 0.0 2.753305072729074e-07 2.393050976810963e-07 8.724518398359178e-08 1.6905361416004135e-07 3.152414406408191e-05 1.5915167158029198e-06 3.9111899368365413e-07 7.099316604415505e-07 2.3224289986506485e-07 4.3087161510235206e-08 0.0 0.0 1.3863314884954906e-06 6.663431611077546e-06 9.781165182261959e-05 0.0004033558402908501 5.1708902234813905e-06 1.913424898398653e-05 2.4295371374482774e-07 3.724517890220091e-07 1.2107405568953268e-07 1.7274525833329615e-05 4.998238316588523e-06 2.399667115066335e-06 8.856768137216972e-07 6.723478597451909e-07 9.138316173420536e-07 1.006110514174778e-06 4.5155658005212455e-06 0.0 0.0 9.873579942412993e-05 2.9940677764563878e-05 2.4283138257758582e-05 4.746326301171153e-06 6.519055240892077e-07 3.177878426194363e-07 2.9536813153748594e-06 4.77777140847514e-08 3.64949549159726e-07 7.323896829617867e-06 4.610551350515734e-07 2.6672794397343076e-06 4.2651126358774705e-06 7.868565316848294e-07 5.2683975936662624e-08 1.1257921199749705e-06 8.964014209812173e-08 2.9122763614802366e-07 1.5710972092631129e-07 1.1621779157914154e-06 1.9539769910910132e-07 1.0360883954019988e-07 1.6812802962404552e-05 3.0851642744047936e-06 0.0 5.9102036799742675e-08 0.0006128093591475694 5.744447554338545e-08 2.9689813705274986e-07 1.69998595704678e-06 1.0963949307810566e-05 0.0 9.179523380139491e-07 7.828681500575105e-07 8.782508854489775e-07 1.7879852464290738e-06 6.209411423608985e-06 4.857558896084783e-07 6.987456362347232e-06 9.440035187139982e-07 4.51826425505625e-06 4.3486489907940225e-06 0.0 0.0 0.0 0.0 0.0 0.0 0.0 0.0 0.0 0.0 0.0 0.0 5.740461902782427e-07 0.0 1.2367243565777022e-07 0.0 0.0 0.0 0.0 0.0 1.954498649225722e-07 0.0 6.719548388636013e-07 0.0 3.081479725724445e-06 4.058740736219882e-07 1.830808087409558e-06 1.9274352725439777e-06 4.406699962801775e-07 0.0 0.0 0.0 0.0 5.989553094217662e-07 0.0 0.0 4.603128880052761e-08 0.0 0.0 0.0 0.0 7.992570577210671e-07 0.0 0.0 0.0 0.0 0.0 0.0 0.0 0.0 0.0 1.522448997884415e-06 0.0 0.0 0.0 0.0 0.0 0.0 7.053011147478631e-07 0.0 6.561168755530738e-08 5.666521701859054e-06 0.0 0.0 4.157389019564612e-08 0.0 2.41509169553897e-07 0.0 8.000008822353148e-07 1.3402145831477835e-07 2.6915769430041427e-07 0.0 0.0 6.179112327841269e-08 0.0 0.0 3.999593848851376e-08 4.523363266665362e-08 0.0 0.0 0.0 0.0 4.108509244303973e-06 1.9330443195039413e-06 3.432177520799673e-06
0.0017001481068766619 0.0 0.0011843625455281496 0.0011345289946924043 0.001745048054700122 4.514963530409011e-05 0.002220788178595036 5.988436015336556e-05 0.003244231278955828 0.0008273455860067913 0.00019269618861063903 0.00026928985591980907 0.0019427748765196932 0.001457931610976841 1.119767038348326e-05 4.90994703999192e-06 8.481996919245894e-07 4.2976775350971056e-07 1.6937885019216124e-07 1.7068210583701057e-07 2.3004976510338613e-07 0.0 0.0 5.577984302402974e-08 0.0 4.8302657559378526e-08 1.1361667060259362e-07 0.0 0.0 0.0 0.0013677391563162243 1.5600474463171744e-05 9.344619484771647e-06 0.0 1.3174194561472275e-07 0.0 4.496003245242603e-05 4.1111793464816837e-07 1.1109800114152975e-07 6.214124123833522e-08 4.308009866039909e-08 8.779847981551221e-08 1.6345512992547261e-07 1.222085933549228e-06 2.3642761946334915e-07 2.2306217521153188e-07 0.0001229003096732422 2.999602139353054e-06 5.706001589585599e-07 4.512572839029793e-07 4.20055329612142e-07 0.0 0.0 0.0 2.346403688879136e-06 9.608545102783116e-06 7.702518137438636e-05 0.00032488956351216344 8.49861538845874e-06 4.039459703443495e-05 2.0763348911564437e-07 9.210861316374226e-07 3.5165753709264023e-07 1.8517963136319155e-05 7.092629029998183e-06 3.6323357636846e-06 1.167587002914e-06 8.398009202373077e-07 5.670692893092195e-07 2.682194458096477e-07 1.8315631157321753e-05 0.0 0.0 0.0001561142627839837 6.572785231619997e-05 6.98062331383553e-05 2.2214060404846233e-05 3.3152719893708016e-06 9.084144535835635e-07 2.746764095563307e-06 4.0267105439498407e-07 4.4921629697675176e-07 1.1170479597870105e-05 6.309516555394655e-07 4.3485719430527495e-06 5.224849239419498e-06 9.784804647328947e-07 2.2121034141557885e-07 1.9673902010723653e-06 0.0 6.095949269147058e-07 4.924032554193944e-08 5.066377120419946e-07 3.1821791086166093e-07 1.0505744308198933e-07 4.8082962041506e-05 9.16430165573539e-07 0.0 0.0 0.0002641015174621467 1.7877921306993085e-07 6.977381781254343e-08 1.8177155493197223e-06 6.941451949393994e-06 1.1269954335603609e-07 2.2374700873431023e-06 1.45121203017229e-06 6.468287400551602e-07 2.7023891565237508e-06 6.865988520178329e-06 1.26692776103626e-06 1.0323037321923627e-05 1.5162664929488353e-06 3.7945294261428717e-06 8.02778905095048e-06 0.0 0.0 0.0 0.0 0.0 0.0 0.0 0.0 0.0 0.0 0.0 0.0 0.0 0.0 8.957345095976452e-08 0.0 0.0 0.0 0.0 2.092369979068621e-07 6.85226501594128e-08 0.0 0.0 0.0 3.7537193837879895e-06 4.6486978487529983e-07 3.552025021542681e-06 1.7356462858693373e-06 1.1346547766107498e-07 0.0 0.0 0.0 0.0 0.0 0.0 0.0 0.0 1.9539043854994875e-07 0.0 0.0 0.0 6.822729768014331e-08 0.0 0.0 0.0 0.0 0.0 0.0 0.0 0.0 0.0 8.720343871307141e-07 0.0 0.0 0.0 0.0 0.0 0.0 0.0 0.0 0.0 1.1721428048109372e-05 5.944465442538422e-08 0.0 0.0 0.0 8.627883426842957e-07 0.0 0.0 8.106627146835756e-08 0.0 0.0 0.0 0.0 0.0 0.0 0.0 0.0 0.0 0.0 0.0 0.0 1.1756517097965374e-05 4.188507557350238e-06 2.397524431936288e-06
0.00016658422046075954 0.0011843625455281496 0.0 1.576423463753957e-05 0.0007956160583162063 2.8838430443251574e-06 0.0001493793685641784 0.0012883369670265137 0.0030949739519441884 1.2170798230239608e-05 0.0015046547120520113 6.928243599917118e-06 0.0002357742951772052 0.0022525821936675993 2.3154149636654178e-05 1.55205943592638e-05 6.127398553586178e-07 1.6563357109901695e-07 3.0846431715388025e-07 1.565834183052982e-06 3.1220298266006064e-06 0.0 2.4738716049701005e-06 9.829765975374732e-07 1.9385147301672712e-06 2.8183512695735596e-07 2.0919493546011917e-06 0.0 2.0812353268933922e-07 8.288182350145382e-08 0.0025492248069974113 0.0003459450826663848 7.685842009458584e-05 9.161238423304978e-07 1.0870180932086522e-05 1.9835412433953416e-06 2.9114896592838096e-05 6.6478016211415815e-06 1.4181653175550792e-06 4.820249213045792e-07 1.9985892906814043e-06 4.755611349038466e-07 8.899230756029492e-07 1.4065846710211993e-06 3.1291239818140204e-07 9.509846220576414e-07 8.092486216394966e-05 1.4265956386013664e-06 2.0639228054350663e-07 9.43950191884116e-07 2.3379863241029474e-07 0.0 1.681183481353461e-07 6.634637116860565e-08 9.658622943919094e-07 3.8263942324664235e-06 4.260556971956397e-05 0.00023727792714041868 3.856367292951588e-06 1.6524399439785162e-05 2.5253820835689236e-06 2.3136164179987995e-05 3.0134393979589322e-06 0.00019456697961716822 3.3234298922185263e-06 9.845643610952561e-07 6.432095490269281e-07 7.454118129781155e-07 1.7408583493482205e-06 6.307260843531034e-06 7.75915791124529e-06 2.916194160881588e-07 0.0 6.909142716504606e-05 4.169993925293097e-05 4.9553949773585054e-05 2.219987864406633e-05 4.399741537137386e-06 3.729720122918708e-06 0.00020521884484470167 2.600991077320461e-07 2.8233308786372623e-05 3.957688408545228e-06 1.4957942316741902e-07 1.7834595455652349e-06 2.387672496773195e-06 9.75434992488313e-07 1.271074962136814e-07 7.640853906102799e-07 0.0 2.781303908938249e-07 2.8330655540874084e-07 8.213745019662283e-06 3.99681922575057e-06 6.44528930600811e-07 3.997222914522084e-06 3.3343000219481064e-07 0.0 5.491600769273064e-07 9.176326522712634e-05 0.0 3.962352144164589e-08 6.089396046623413e-08 0.0 8.754032613380125e-08 9.150050305482687e-07 5.7895458907340367e-08 1.3957960984879403e-07 1.8023598579241213e-07 3.9127949999595127e-07 7.035323230713952e-08 1.2157130008892705e-06 4.659929084032597e-07 1.0171824209848164e-06 3.3325630530584218e-06 0.0 0.0 0.0 0.0 0.0 0.0 0.0 0.0 0.0 0.0 2.354406377293714e-07 0.0 0.0 0.0 0.0 6.503218892908728e-08 0.0 0.0 0.0 1.5855521580459336e-07 0.0 0.0 1.3269731909755774e-07 0.0 2.748473216885442e-06 2.9503797001943805e-07 1.5464480484246358e-06 2.805784226020489e-06 3.816564365028309e-07 0.0 0.0 0.0 0.0 0.0 0.0 0.0 0.0 0.0 0.0 0.0 0.0 3.0369383953654915e-07 4.051515344086166e-07 0.0 0.0 0.0 0.0 0.0 0.0 0.0 0.0 1.277148710122029e-06 0.0 0.0 0.0 0.0 0.0 0.0 4.3232890102773994e-08 0.0 0.0 6.134034384951441e-06 7.560863619213464e-08 0.0 0.0 6.74193774881394e-08 5.839379870047937e-07 0.0 9.408419322085314e-08 0.0 0.0 0.0 0.0 0.0 0.0 0.0 0.0 0.0 0.0 0.0 6.281236761627079e-08 0.0 3.833237031833346e-06 2.1411788229570528e-06 2.8239385432692285e-06
0.0011905849055069873 0.0011345289946924043 1.576423463753957e-05 0.0 7.972805797271328e-05 0.00014215855696411234 0.0005131953838455401 3.615121913898211e-06 5.715870558878605e-05 0.002794780392235972 2.21614663740288e-05 0.000710073863969522 0.0014708462321943389 0.0002909348090224728 7.442436832378886e-07 4.471033901317344e-07 1.1313614441886558e-07 0.0 0.0 0.0 0.0 0.0 0.0 0.0 0.0 0.0 0.0 0.0 0.0 0.0 2.272889212902898e-05 4.47975183052691e-07 3.0420588142663346e-06 0.0 0.0 0.0 1.6932298191418064e-05 0.0 0.0 0.0 0.0 3.6607390100939656e-08 0.0 2.165034630994224e-07 0.0 0.0 1.6836979984982218e-05 2.6151482001542657e-07 4.426995959910945e-08 1.5616860354716572e-07 1.2262644400270788e-07 0.0 0.0 0.0 7.933337286664302e-07 8.980021891847828e-07 1.42219545076279e-05 4.8740730824670296e-05 1.0565082847406947e-06 5.913350274224336e-06 9.226655893006249e-08 1.1322480232425328e-07 9.009866786216968e-08 1.2546099321798487e-06 9.18590951725784e-07 2.9048341200856205e-07 2.1816101594261722e-07 9.811785028163601e-08 1.022966428070083e-07 4.9790916542147745e-08 7.281012618824246e-06 1.075018916243465e-07 0.0 2.2779487196666375e-05 6.857303642077259e-06 8.049305511876594e-06 2.526055229105836e-06 1.004358237536104e-07 1.1409680978085114e-07 0.0 0.0 0.0 1.4884861844264596e-06 6.306257927267466e-08 3.928814923146461e-07 6.261572929540766e-07 1.1816840179090271e-07 0.0 1.0765543183817519e-07 0.0 0.0 0.0 0.0 0.0 0.0 3.6439045653271346e-05 1.6928251502368717e-05 0.0 7.313401762874733e-07 0.0002484033648037341 2.6698701847576657e-07 2.504006097215427e-06 4.701931725810552e-06 4.606919226774258e-05 0.0 8.664373550079758e-06 5.437628271242207e-06 3.126831445538567e-06 1.690423651309233e-05 2.971974191098481e-05 3.965872968498022e-07 1.1811898110819178e-05 3.1734799352906435e-05 9.894491920985819e-06 3.8629221434221556e-06 0.0 0.0 0.0 0.0 0.0 0.0 0.0 0.0 0.0 0.0 0.0 0.0 0.0 0.0 0.0 0.0 0.0 0.0 0.0 0.0 1.7970770649889285e-07 6.016063978524496e-07 0.0 0.0 7.282650770914943e-07 2.5127511378408317e-07 1.7532753946288338e-06 4.282264369182558e-07 1.1021927914001922e-06 0.0 0.0 0.0 0.0 0.0 0.0 0.0 0.0 5.9161257049887324e-08 0.0 0.0 0.0 6.98841757877135e-07 0.0 0.0 0.0 0.0 0.0 9.155747656995219e-08 0.0 0.0 0.0 6.686709964886959e-08 0.0 8.767272407051472e-08 0.0 0.0 0.0 0.0 0.0 0.0 0.0 4.2208586865264115e-06 0.0 0.0 0.0 0.0 6.27534098567931e-07 0.0 1.5758610362755662e-07 9.801594585204699e-08 0.0 4.391366637798419e-08 0.0 0.0 0.0 0.0 0.0 0.0 0.0 0.0 0.0 0.0 7.505761464834047e-06 4.901824413534145e-07 1.5051677775968045e-06
9.655679741235352e-05 0.001745048054700122 0.0007956160583162063 7.972805797271328e-05 0.0 7.433124677302314e-06 0.0013673618734937455 1.3937610188636925e-05 0.003024871934495764 0.00014405950647405243 0.00010180946045730148 2.4576503262021307e-05 0.0005175765063517838 0.0016173264636954831 9.555812761679098e-06 4.719821911825694e-06 9.88808244154839e-07 5.907014670765952e-08 5.731123208385063e-08 1.0301348630943404e-07 0.0 0.0 0.0 5.738266403922111e-08 0.0 4.3730570724638835e-08 1.8807775985631656e-07 1.694440690270982e-07 0.0 0.0 0.00017671007913908448 1.1343742401311276e-05 6.167875375817817e-06 0.0 1.2013762023526362e-07 4.402486735202693e-08 1.2799636179683632e-05 3.181682774100729e-07 0.0 0.0 0.0 4.734897512218622e-08 0.0 4.7598575141683503e-07 3.239973916655558e-07 1.4906971592990111e-07 5.632133712833469e-05 6.150028530208786e-07 4.683217138218261e-08 5.5314044081085646e-08 9.521685727497644e-08 0.0 0.0 0.0 7.203688362142023e-07 2.5163333740532154e-06 1.632718445342822e-05 3.8468512381536856e-05 2.6047714729534693e-06 1.2377790394501836e-05 9.716704935256625e-08 7.696580169902074e-07 8.554064362838423e-08 3.7332914346397127e-06 1.5514675977148655e-06 1.049404159929835e-06 2.2041434267469795e-07 1.4371106992249505e-07 9.856064763857422e-08 0.0 4.576551910355264e-06 0.0 0.0 3.115778695499317e-05 1.6568879791543032e-05 2.5753038483432707e-05 9.93072930441092e-06 1.1550461579486475e-06 3.9958751048724465e-07 2.109567559902216e-06 9.459141016230018e-08 4.7475156573201196e-07 2.3254737347435207e-06 1.4628848008344666e-07 6.743005568418856e-07 1.4281733673596953e-06 4.592871973110888e-08 9.522198089087902e-08 5.862962216654408e-07 0.0 2.2928819722963368e-07 0.0 1.9950644785089933e-07 4.925966740230065e-08 0.0 1.1837252648019729e-05 0.0 0.0 1.5188892037827382e-07 1.6187000852134165e-05 1.3777970629776464e-07 1.5594626049121707e-07 3.5281505152520717e-07 3.988978919783504e-07 2.5337278859857256e-07 7.450669406249505e-07 2.9759808271849204e-07 7.620374880645583e-07 9.358213733388138e-07 3.1555329154188715e-06 5.2833286853752e-07 5.901858138365501e-06 7.269830163060255e-07 2.8792730018888814e-06 7.207990028904267e-06 0.0 0.0 0.0 0.0 0.0 0.0 0.0 0.0 0.0 0.0 0.0 0.0 0.0 0.0 0.0 0.0 0.0 0.0 0.0 4.473627006232756e-07 0.0 0.0 0.0 0.0 2.4019603643573016e-06 4.958916133591195e-07 1.2333359890731198e-06 1.0966133461521378e-06 0.0 0.0 0.0 0.0 0.0 0.0 0.0 0.0 0.0 0.0 0.0 0.0 0.0 0.0 0.0 0.0 0.0 0.0 0.0 0.0 0.0 0.0 0.0 5.183527798781455e-07 1.0492461186741212e-07 0.0 0.0 0.0 0.0 0.0 0.0 0.0 0.0 6.546653875585553e-06 0.0 0.0 0.0 0.0 7.847398262969879e-08 0.0 6.430675558784957e-08 0.0 0.0 0.0 0.0 0.0 0.0 0.0 0.0 0.0 0.0 0.0 0.0 0.0 6.4171648444579536e-06 1.3302993431442004e-06 2.8353612915711555e-06
9.753091691435558e-05 4.514963530409011e-05 2.8838430443251574e-06 0.00014215855696411234 7.433124677302314e-06 0.0 2.473637146960294e-05 1.7724176064396714e-06 3.6590070175898415e-06 0.0004677155116330539 3.1797122516161956e-06 6.758353410754592e-05 0.00010143564355696139 4.672977065173037e-05 0.0 6.34592430535839e-08 0.0 0.0 0.0 0.0 0.0 8.659429126123198e-07 0.0 0.0 0.0 0.0 0.0 0.0 0.0 0.0 4.834010433489885e-06 0.0 2.8082861890443144e-05 0.0 0.0 0.0 3.083819072414842e-05 2.3431805685038636e-07 1.6315798544261158e-06 3.0647123056778607e-07 0.0 0.0 0.0 0.0 0.0 0.0 1.9552132968927608e-06 2.098926020001668e-07 0.0 0.0 0.0 6.319630754069293e-06 0.0 8.097718449168732e-08 7.631811817745901e-08 2.1146274629259054e-07 0.00011205686970021466 6.1326892170347935e-06 2.887662477031709e-07 5.04121520257258e-07 0.0 7.700599095515494e-07 0.0 1.1608902139805561e-07 0.0 8.94800858900131e-08 4.874763813195993e-08 0.0 0.0 0.0 6.280788815414754e-05 4.092623209866115e-05 3.0558729535019334e-06 1.9108128912106154e-06 6.17108150160504e-07 1.1161405695139583e-06 0.0 0.0 0.0 4.237106972387007e-07 0.0 7.283401225001162e-07 1.259493360709002e-07 1.311744651909933e-07 0.0 2.9221383545789805e-07 5.5198064430798816e-08 1.056711517298248e-06 6.791912185874133e-07 5.953330366521466e-06 1.0021183592441222e-07 1.9077340691902734e-06 0.0 0.0 2.33588921717692e-07 0.00024781724994040393 0.00012646123825200961 1.0060877733968066e-06 2.1828755524749495e-05 0.0002433702152032045 4.1660596247356695e-07 7.721636208100616e-07 3.2861224765268015e-06 8.3835443765376e-06 1.426656966348693e-07 5.967630567801651e-06 2.9492249137297224e-06 4.4644151907375686e-06 5.688612154996599e-06 2.985653633080082e-05 1.9845597576620003e-06 3.1039726237474426e-05 7.259496574349666e-06 1.8126585223356008e-05 2.4360386699227825e-05 1.2591604098069595e-07 0.0 0.0 0.0 0.0 0.0 0.0 0.0 0.0 0.0 2.7843811072182467e-07 0.0 1.6887722379713003e-06 0.0 1.2756414247724882e-06 0.0 9.356855891042338e-08 5.234484724946904e-07 6.157153721578305e-07 4.4310442053953324e-07 3.873903684454838e-07 0.0 6.241186070277656e-07 0.0 1.0263745862772411e-05 1.2186575109784521e-06 5.91929080819608e-06 6.9250501822117065e-06 2.9017774120626513e-06 0.0 0.0 0.0 0.0 4.041523367628318e-07 0.0 0.0 0.0 3.554340479479097e-07 0.0 0.0 0.0 1.8322582936587843e-06 0.0 0.0 0.0 0.0 1.3484383652636936e-07 5.1249864067109906e-08 6.370165150186029e-08 4.767490608152046e-07 2.708051429355648e-07 3.3045704299696806e-06 6.37074523773362e-08 0.0 0.0 0.0 0.0 0.0 6.303727248017078e-08 0.0 0.0 2.6061688967044206e-05 5.470618804967482e-07 0.0 0.0 0.0 2.0464460969058928e-06 1.1000169961662227e-06 1.8464817626912883e-06 7.609118490010402e-07 1.0057912935537754e-07 0.0 0.0 0.0 0.0 0.0 0.0 0.0 0.0 0.0 0.0 0.0 3.477509478515972e-05 6.3670769895554205e-06 9.063449262658631e-06
0.0005764847667739768 0.002220788178595036 0.0001493793685641784 0.0005131953838455401 0.0013673618734937455 2.473637146960294e-05 0.0 5.90964996769081e-06 0.0013267676030143925 0.0005695225583372359 3.1547711946358924e-05 0.000231327515695353 0.0028963529774599177 0.0004889801076953214 7.447535494841757e-06 4.0938655167766044e-06 4.1955814116027765e-07 1.4802571819432793e-07 4.599732907049368e-08 5.982349071516445e-08 1.076313449542195e-07 0.0 0.0 0.0 9.854814567924546e-08 0.0 0.0 0.0 0.0 0.0 0.00015757619086522934 3.988149655398488e-06 5.0482921612820445e-06 0.0 8.682286847052018e-08 7.795677505789991e-08 3.4013009943610586e-05 7.399260230539162e-08 1.4565199910828076e-07 4.792260556763123e-08 3.894124341694702e-08 0.0 2.0569952813161783e-07 6.187691439871211e-07 2.0684143404463922e-07 3.6495005394947007e-07 7.019328922241248e-05 1.2725669523571083e-06 2.553612984243203e-07 2.2342376031180776e-07 0.0 0.0 0.0 0.0 1.1412813324644657e-06 4.504688578495761e-06 2.935862100063459e-05 9.494081850983335e-05 3.24798250269698e-06 2.058886154288965e-05 2.069138924058227e-07 4.116573109028954e-07 1.9616508468465443e-07 6.320811999929703e-06 3.3224554334767834e-06 1.3916440261663551e-06 4.5420504988601036e-07 2.745499677179394e-07 2.2065566161844337e-07 1.43508788052293e-07 1.4127610326655934e-05 0.0 1.2640655358819466e-07 6.636545952776394e-05 2.979760010691556e-05 3.362731853338706e-05 1.1929285590256222e-05 1.563776727361354e-06 3.566450385439916e-07 8.812239960837436e-07 1.4757096994019832e-07 2.7433137272584063e-07 4.598780301496963e-06 2.2207113833327663e-07 1.9716280161385656e-06 2.0498377539569747e-06 5.892693996055058e-07 1.415098122525177e-07 7.608555775643174e-07 0.0 2.5709295019536687e-07 0.0 7.192528638742838e-08 1.282677764733879e-07 6.386343661484248e-08 2.6422420207054766e-05 1.3665394692602431e-06 0.0 1.4217825861757024e-06 4.000452569400594e-05 1.1742611688537463e-07 1.3372939916793094e-06 7.644302444544879e-06 7.124187679238647e-06 1.7976220275834898e-07 2.8714977338737616e-06 8.993871850122351e-07 2.723637102958658e-06 5.972506946100713e-06 2.1700288566656252e-06 6.664331121162033e-07 1.059607579350424e-05 3.48094914485764e-06 4.152248354388449e-06 7.205923116818098e-06 0.0 0.0 0.0 0.0 0.0 0.0 0.0 0.0 0.0 0.0 0.0 0.0 0.0 0.0 0.0 0.0 0.0 0.0 0.0 0.0 8.977867070627729e-07 0.0 0.0 0.0 2.844553108979315e-06 0.0 2.0121311337092956e-06 1.1917389837137752e-06 0.0 0.0 0.0 0.0 0.0 0.0 3.1126614421531254e-07 0.0 0.0 1.1546213984118986e-07 0.0 0.0 0.0 3.275089741400905e-07 0.0 0.0 0.0 0.0 6.143878845019739e-08 4.184207236693974e-08 0.0 0.0 0.0 3.4453908256292014e-07 0.0 0.0 0.0 0.0 5.6471215677284734e-08 0.0 0.0 0.0 0.0 1.0878315244426873e-05 5.778486788757176e-08 0.0 0.0 0.0 6.076686786973109e-07 0.0 0.0 1.3232843978547975e-07 4.9959276541546756e-08 1.1912274045476231e-07 0.0 0.0 0.0 0.0 0.0 0.0 0.0 0.0 0.0 0.0 8.126470545253787e-06 2.476929638066148e-06 2.739797887723696e-06
6.303174530590068e-05 5.988436015336556e-05 0.0012883369670265137 3.615121913898211e-06 1.3937610188636925e-05 1.7724176064396714e-06 5.90964996769081e-06 0.0 0.00033542592155578414 6.27098087688444e-06 0.0010799715998558706 9.138195318342638e-07 3.790634325874338e-05 0.0006516098512850896 8.557777625221387e-05 5.835657869754499e-05 5.19812019339843e-06 3.551001850590633e-06 3.1287814399068404e-07 1.1645021314092335e-05 3.341321253131798e-05 7.268425459399871e-07 1.8538329879710954e-05 1.4455948918533861e-05 1.8611980133611905e-05 5.272887572242545e-06 1.748743432268878e-05 1.2304434428815116e-06 1.1463044741750407e-06 1.4284365016335477e-06 0.0013281908358362638 0.0021106156369657026 7.819875294155749e-05 7.571385410366973e-06 9.434245115426599e-05 2.6485347397511492e-05 1.6401027694758207e-05 2.1645136261415752e-05 3.063338697065719e-06 1.6085754542174016e-06 1.7039553960182932e-05 7.671218759147844e-06 4.616427288226563e-06 7.704729722686115e-06 1.3560986001092971e-06 8.588275726353204e-06 0.0002954835022031156 2.133713348614464e-06 1.0715224480151847e-06 3.602451186531703e-06 2.049593919477671e-06 4.818312250666079e-07 5.394031431940523e-07 8.432686701357303e-07 1.660014702776752e-06 4.51317975615228e-06 5.1900300762414907e-05 0.00021122942760164916 6.785045627736588e-06 5.0249552270434855e-05 0.0001306698842615899 0.00020786916326490283 2.92910386454677e-05 0.000607563127973691 4.668298245594806e-06 2.932816838778925e-06 8.870470360359725e-07 2.378286629774243e-06 7.184003837882781e-06 4.255596948314107e-05 1.4023817327197346e-06 1.7751196281555335e-06 3.12616448367602e-07 0.00012820418089503756 0.000121320697014349 0.00016120682673472763 0.00017423781974001222 0.0004881266104075023 0.00039299256683885796 0.0010160344039819881 3.743304626989847e-05 0.0008162951130740775 6.9925279344271675e-06 4.595309686916743e-07 3.1140031312271156e-06 3.861040619576087e-06 1.919745023741506e-06 5.142850074438243e-08 1.1538869587803096e-06 5.80349491399584e-08 8.525444046322643e-07 5.874030573109915e-07 4.988758449746716e-05 2.3354272045777148e-05 4.416134584076844e-06 1.7129898624707144e-06 7.029246824169416e-08 0.0 1.2363882507397595e-07 2.6471495966933546e-05 5.605495343456106e-08 1.3714484485636102e-07 6.433402685377428e-08 0.0 0.0 2.766017613512718e-07 0.0 7.497170931936145e-08 2.6135770841415846e-07 2.0082844171170754e-07 6.859688369786305e-08 5.097254814605501e-07 3.3558725061226546e-07 6.88189217766747e-07 1.9046746310961053e-06 0.0 0.0 0.0 0.0 0.0 0.0 0.0 0.0 0.0 2.891864473058985e-07 1.3476210097100568e-06 0.0 0.0 0.0 0.0 1.1092156114096026e-06 3.9288001159806344e-07 0.0 0.0 0.0 0.0 0.0 2.0596537144376384e-07 0.0 1.8701378632859527e-06 4.3789561716108037e-07 2.362479252515627e-06 2.3911338568747736e-06 1.0970042679497081e-06 7.678515637922484e-07 1.5068337309826575e-07 0.0 6.995687560665796e-08 0.0 0.0 8.573713303627286e-08 0.0 0.0 0.0 0.0 3.823872416482621e-07 1.2746766958530629e-06 1.9219707090285166e-06 3.735496688561831e-08 0.0 0.0 0.0 0.0 0.0 4.926219976418352e-07 0.0 9.979896671008513e-07 1.0342192010454302e-07 0.0 0.0 0.0 0.0 0.0 0.0 7.263604717343775e-08 6.584795944292813e-07 4.061479043905182e-06 9.003478672005455e-08 2.0942019451815625e-07 6.891045067373194e-08 1.0805122191216894e-06 7.898085883806853e-08 0.0 6.96948375678662e-07 0.0 8.969278325526835e-08 5.630129082967901e-08 6.893285492520736e-08 0.0 0.0 0.0 1.0433980032913547e-07 0.0 0.0 5.834118404479435e-08 2.421355799736683e-07 2.2388124705029908e-07 1.0102705916203881e-06 3.7213278882586125e-06 3.81510031071377e-06
0.00018447924077576888 0.003244231278955828 0.0030949739519441884 5.715870558878605e-05 0.003024871934495764 3.6590070175898415e-06 0.0013267676030143925 0.00033542592155578414 0.0 7.148323900081954e-05 0.0006401072497130362 2.1154020316595165e-05 0.0005785260279650919 0.0010282660807724002 6.771000656564181e-06 3.4337152870365943e-06 8.307316699855956e-07 0.0 1.8349138747181907e-07 8.295316711861911e-08 0.0 0.0 0.0 0.0 0.0 0.0 0.0 0.0 0.0 6.235250415940102e-08 0.000515053907174074 1.8272902438595637e-05 5.543043126495922e-06 0.0 1.69119161108312e-07 0.0 1.280563189979415e-05 2.86775512595968e-07 0.0 0.0 0.0 0.0 0.0 1.635978171598032e-07 1.2590957546539033e-07 1.0811012961333041e-07 3.095034869962093e-05 4.1825337745606784e-07 4.9014394272226494e-08 9.401295056163667e-08 9.198117604823886e-08 0.0 0.0 0.0 3.7380101628951115e-07 1.8222835599772787e-06 1.5723303369927644e-05 5.76073771797697e-05 2.0104988203533055e-06 9.374627796407274e-06 0.0 7.222028845848386e-07 7.816904755845392e-08 3.6058630435857105e-06 1.2692289165965934e-06 7.042127165477158e-07 2.903506649256089e-07 2.8864752115535997e-07 1.4560573933481573e-07 2.686660417094102e-07 3.125527539976922e-06 1.029258632230217e-07 0.0 2.8348119078597518e-05 1.4272066272737976e-05 1.9047756748591805e-05 6.6859874719459825e-06 1.0144266854336014e-06 1.4744752781486133e-07 3.301239022098506e-05 3.712018076247771e-08 2.944644615648479e-07 2.4077225140466495e-06 1.208376626523734e-07 6.969664177054321e-07 1.2872160769281573e-06 1.3396336122181432e-07 0.0 5.977663655177576e-07 0.0 0.0 6.94247851505707e-08 1.8281874672465113e-07 0.0 9.96758417609706e-08 6.398849625478285e-06 0.0 0.0 0.0 2.9878137083201033e-05 6.038414385760503e-08 0.0 6.410867609226705e-08 7.803340214105335e-08 2.521599429001811e-07 5.835534676238113e-07 0.0 3.0490322321861235e-07 2.086055942752055e-07 1.9855446192790534e-06 5.635536474838262e-07 2.608629702958436e-06 2.6138500491957033e-07 1.6261209319360455e-06 2.393448709063497e-06 0.0 0.0 0.0 0.0 0.0 0.0 0.0 0.0 0.0 0.0 0.0 0.0 0.0 0.0 0.0 0.0 0.0 0.0 0.0 0.0 7.824725631613889e-08 0.0 0.0 0.0 1.3900119483789119e-06 3.9432438331916484e-07 9.07342305406595e-07 3.727139137163736e-07 1.2174265811874784e-07 0.0 0.0 0.0 0.0 0.0 0.0 0.0 0.0 4.799677600736346e-08 0.0 0.0 0.0 3.8858300572778664e-07 0.0 0.0 0.0 0.0 0.0 0.0 0.0 0.0 0.0 1.1702785460360912e-07 0.0 0.0 0.0 0.0 0.0 0.0 0.0 0.0 0.0 2.3956399929294473e-06 0.0 0.0 0.0 0.0 3.8006594918372024e-07 0.0 0.0 0.0 0.0 5.507029793998738e-08 0.0 0.0 0.0 0.0 0.0 0.0 0.0 0.0 0.0 0.0 1.981852637569723e-06 1.9102784871348673e-06 1.0545929063291224e-06
0.0013052210968260314 0.0008273455860067913 1.2170798230239608e-05 0.002794780392235972 0.00014405950647405243 0.0004677155116330539 0.0005695225583372359 6.27098087688444e-06 7.148323900081954e-05 0.0 1.0976526632248092e-05 0.001412607071507597 0.003899460132795382 0.0007276119771044668 1.1830366798500797e-05 4.175529917819321e-06 9.321422511482145e-07 4.405220171666963e-08 4.391613564114905e-08 2.548198483250613e-07 5.542126142273125e-08 0.0 0.0 0.0 5.496232846162307e-07 0.0 0.0 0.0 0.0 0.0 3.695572676301979e-05 2.7135331304829206e-06 0.0001927856846731244 5.274202255065226e-08 2.941948533625272e-07 0.0 0.00030106581097826083 3.5323021795352804e-06 8.356946491718372e-07 8.108685006359177e-08 0.0 0.0 0.0 1.6390566318523905e-07 1.1386965018942762e-07 8.436423533635397e-08 0.00010553783275374426 1.0651221136852853e-06 1.9828437711993457e-07 8.921498293615841e-08 4.6152501437828226e-08 0.0 1.6895937832798142e-07 1.3614921439143446e-07 1.2413375501239359e-06 5.257275969273012e-06 6.357007559000557e-05 0.00011403353818917837 5.08960047318016e-06 2.6576635720189894e-05 1.3573542982503808e-07 2.0257558421802603e-06 0.0 2.9714122318125774e-06 3.517337426763574e-06 1.7153640022148819e-06 5.674651201870513e-07 1.076479315038942e-07 3.339749858222783e-07 1.0624136012146295e-07 0.0003736516856267296 0.0 1.6076600979415298e-07 6.619817346433894e-05 2.6033778313396747e-05 3.492069535460624e-05 6.672396954567015e-06 1.5419162900838681e-06 4.5772668188303374e-08 3.8978174718007e-06 5.5225192672962675e-08 6.654708230138743e-07 5.121210449021149e-06 4.0937986784079055e-07 1.653652955416207e-06 2.0643555911287465e-06 3.1301375996201613e-07 0.0 5.428468440677499e-07 0.0 2.3627105892421828e-07 0.0 3.3827598794469583e-07 5.829225309226683e-08 0.0 0.00013077259791541109 1.9506898730513264e-05 0.0 3.3045508361351054e-05 0.0004944212764524575 5.422443480621051e-07 1.35613767083549e-06 2.889063691332981e-05 7.411824934391765e-05 3.10389745087941e-07 1.0368070195502471e-05 2.3960190185153816e-06 4.308289649962155e-06 4.899770260008759e-06 1.5650922569688305e-05 2.9763203151141486e-06 3.2034154162826505e-05 5.612781104236635e-06 1.9683438393404546e-05 2.9082668350518542e-05 6.793732541822966e-08 0.0 0.0 0.0 0.0 0.0 0.0 0.0 0.0 0.0 0.0 0.0 1.791742110446845e-07 8.779801288499889e-08 0.0 0.0 3.594496040897856e-07 0.0 8.909798949980223e-08 3.973957723105246e-07 1.0156715263886053e-06 0.0 8.512926017853723e-07 0.0 1.2153245058683953e-05 1.0292856048288763e-06 9.656122564673095e-06 5.630184260693512e-06 1.6472536516987016e-06 0.0 0.0 0.0 0.0 0.0 0.0 0.0 0.0 2.1649576505582495e-07 0.0 0.0 8.669115199996121e-08 1.889566576929213e-07 2.9327314094246083e-07 0.0 0.0 0.0 0.0 1.0743300044402126e-07 6.040164744198149e-08 0.0 4.0281999471226967e-07 4.633272921237414e-06 3.152885781174517e-07 0.0 0.0 0.0 0.0 0.0 0.0 0.0 0.0 4.1644470116407584e-05 0.0 0.0 7.094237662405297e-08 0.0 2.596310275601168e-06 1.3939496196698555e-07 6.133539489086329e-08 1.375714468756762e-07 2.957616408031527e-07 4.787989194211846e-08 0.0 0.0 0.0 0.0 0.0 0.0 0.0 0.0 0.0 0.0 3.175865438693266e-05 9.090516955292687e-06 1.0460785180195116e-05
0.00013759361447330637 0.00019269618861063903 0.0015046547120520113 2.21614663740288e-05 0.00010180946045730148 3.1797122516161956e-06 3.1547711946358924e-05 0.0010799715998558706 0.0006401072497130362 1.0976526632248092e-05 0.0 1.3702739441702315e-05 0.00048627463152656366 0.0016655897082643962 2.9992292688367334e-05 2.4437001091125837e-05 1.4003313524976856e-06 1.031074823663656e-07 1.477992737217085e-07 2.614308272085905e-07 8.687995724597043e-07 9.079185186928973e-07 8.042189305764528e-07 1.6439847679265456e-07 2.244103327454346e-06 3.432497780446232e-07 2.1179565008092316e-06 6.088147785717893e-07 1.8071602401272092e-07 9.078544272217221e-08 0.0009112989731555168 0.0003220326060070932 0.00018685478760452147 1.1667411898385392e-07 3.05046302926969e-06 1.6321831538887696e-06 6.984131847800666e-05 1.879065372784105e-05 1.3165143344834169e-06 6.831022285667063e-07 1.3806465842567331e-06 4.562277760432453e-07 2.3580347639084508e-07 1.7707562592602334e-06 1.9390524616487484e-07 5.362962927231699e-07 9.110442423689289e-05 8.419803499574341e-07 2.0601982143082674e-07 1.9360500563825006e-07 4.651122606288754e-08 1.7863962187936395e-07 0.0 0.0 1.088564145569223e-06 2.5175236093776526e-06 2.516355393823169e-05 0.00010121821050251527 3.313769979074087e-06 1.2767520501270428e-05 5.283132911086116e-07 6.711629391416399e-05 7.487303175821157e-07 3.134350151221645e-05 2.057847000431645e-06 1.181009040406002e-06 5.171895423918549e-07 3.4958934830907784e-07 8.289658649817797e-07 2.515158177256571e-06 1.2560152546283207e-05 3.568379018788852e-07 0.0 4.4772846584535646e-05 2.770366482743277e-05 4.025801607337539e-05 2.2723578527093065e-05 5.940676297216515e-06 6.568664395267117e-06 0.0010277998208260157 0.0 0.00015446739776570236 3.873320336806819e-06 5.963896482421086e-08 1.6267119355618499e-06 1.2385351257279735e-06 6.392692444161533e-07 1.0754035660284648e-07 6.415922153065942e-07 0.0 2.013926620350064e-07 8.199394040740419e-08 3.2885456397682826e-06 2.361229851626601e-06 8.295678982634924e-07 5.597013727358656e-06 0.0 1.208306629012553e-07 1.7620131073897872e-07 4.353572810915866e-05 0.0 0.0 0.0 5.844663209838688e-07 0.0 3.919278014642914e-07 1.171868633729988e-07 3.6794066396203114e-07 6.611050353343832e-07 5.142336577071063e-07 2.3319588400977783e-07 1.0160442715488073e-06 5.792115817387033e-07 1.402252443446528e-06 3.825590026685619e-06 0.0 0.0 0.0 0.0 0.0 0.0 0.0 6.192059764119168e-08 0.0 0.0 0.0 0.0 0.0 0.0 0.0 8.028505044723503e-08 7.952696562271679e-08 6.845759958772389e-08 0.0 4.1975390282961854e-07 0.0 0.0 0.0 0.0 1.1433237622480453e-06 0.0 1.6752839699615826e-06 1.3255471473287677e-06 4.359470572369965e-07 9.2091274898007e-08 1.0656015587776444e-07 0.0 7.315140384950827e-08 0.0 0.0 0.0 0.0 0.0 0.0 0.0 1.393162736590437e-07 8.415258961639887e-07 7.256105224379012e-08 0.0 0.0 0.0 0.0 5.288176517814232e-08 0.0 6.499978563409765e-08 1.965037607437108e-07 4.312173035322702e-07 0.0 0.0 0.0 0.0 0.0 0.0 0.0 0.0 5.98307386545734e-08 4.403051136408984e-06 0.0 0.0 0.0 0.0 4.087636289343628e-07 3.080883245129917e-07 0.0 0.0 0.0 0.0 0.0 0.0 0.0 0.0 0.0 0.0 0.0 0.0 0.0 0.0 2.7305249295707546e-06 3.5251076510878346e-06 4.136036535380284e-06
0.00028358968713022175 0.00026928985591980907 6.928243599917118e-06 0.000710073863969522 2.4576503262021307e-05 6.758353410754592e-05 0.000231327515695353 9.138195318342638e-07 2.1154020316595165e-05 0.001412607071507597 1.3702739441702315e-05 0.0 0.0006001467215246743 7.204022538421167e-05 2.475422445261394e-06 1.3237374424435408e-06 5.839247909595672e-08 0.0 0.0 0.0 0.0 0.0 0.0 0.0 9.086013477797334e-08 0.0 0.0 0.0 0.0 0.0 7.028898426701204e-06 1.1420397285759925e-06 6.239072428542907e-05 0.0 0.0 0.0 0.00029203234140986594 3.713112393107668e-06 1.102479856914496e-06 0.0 0.0 0.0 0.0 3.3067631104205895e-07 6.849954340887689e-08 0.0 1.3028078374541647e-05 1.1425004712083336e-07 4.63673147134275e-08 0.0 0.0 0.0 9.378547547662301e-08 0.0 5.686441744186565e-08 6.399588839579533e-07 6.556236997590173e-06 1.3293631609261198e-05 7.368480423498146e-07 4.720787196013838e-06 0.0 4.900147611375375e-06 0.0 4.992128312079939e-07 4.3895304651042765e-07 1.474935688461039e-07 3.994119824734795e-08 9.465149276159096e-08 0.0 0.0 0.0002136600666614561 6.193186707222855e-08 0.0 6.9626644764151916e-06 3.156946179471993e-06 4.0625502960803555e-06 1.8921404283224692e-06 3.1584608894373527e-07 0.0 4.353384419176789e-06 0.0 9.999162644644856e-07 7.069610527225993e-07 0.0 4.204349188799572e-08 1.307393911171397e-07 1.493005815193626e-07 4.902213858821714e-08 9.290751570762607e-08 0.0 0.0 4.4574684341294296e-08 1.5562857947893385e-07 0.0 0.0 0.00026950685282329655 3.982337720820629e-06 0.0 3.285405027276683e-06 3.19135208264428e-05 5.543311304460634e-07 9.304898850196401e-07 1.595837429964844e-06 1.5133403933829368e-05 4.5684590370463224e-07 3.3906638730534034e-06 5.942518005771516e-07 3.5738873644014505e-06 4.691769774026124e-06 1.18907895419475e-05 2.1165527814888544e-06 2.7306784659986602e-05 4.413187495353386e-06 1.5874716021182362e-05 2.3517018711709945e-05 6.427917724149724e-08 0.0 5.5804750191319585e-08 4.65919545627118e-08 0.0 0.0 0.0 0.0 0.0 0.0 0.0 6.180720083176211e-08 0.0 0.0 2.298395370012958e-07 0.0 0.0 4.065256099512717e-07 0.0 5.500496720999047e-07 7.66922536127474e-07 0.0 0.0 0.0 9.81274465450003e-06 8.911673570826538e-07 3.372563517828308e-06 2.9902309407027495e-06 4.0790569249188156e-07 0.0 0.0 0.0 0.0 0.0 1.0884703850808387e-07 0.0 0.0 1.5753808970973083e-07 0.0 0.0 0.0 6.913441073949422e-07 0.0 0.0 0.0 0.0 0.0 1.560988373979508e-07 0.0 0.0 0.0 2.1136589018110058e-06 0.0 0.0 4.198499096323641e-08 0.0 0.0 0.0 0.0 0.0 0.0 3.26800485034127e-05 8.276886838305035e-08 0.0 0.0 0.0 1.500046996929978e-06 7.922422638685871e-08 7.06320318893839e-08 1.880466521883368e-07 3.6756551263738275e-08 2.2302368499354468e-07 0.0 0.0 0.0 0.0 0.0 0.0 0.0 0.0 0.0 0.0 3.0196985261917432e-05 7.769900442747306e-06 7.262129145409905e-06
0.0007420341475713767 0.0019427748765196932 0.0002357742951772052 0.0014708462321943389 0.0005175765063517838 0.00010143564355696139 0.0028963529774599177 3.790634325874338e-05 0.0005785260279650919 0.003899460132795382 0.00048627463152656366 0.0006001467215246743 0.0 0.0024869907515306165 3.0336786701619266e-05 1.7397770022194817e-05 1.7284821583842295e-06 1.103039837003944e-07 0.0 8.322099593709191e-08 1.9949416042721184e-07 0.0 1.010543720731174e-07 0.0 1.1130215073378504e-07 2.2576938364201492e-07 0.0 0.0 1.354835481558975e-07 0.0 0.0001838348545155761 2.2313273678318612e-05 0.0002619916364236068 5.092095989618295e-08 4.4280711620658657e-07 4.559660593872573e-07 0.00024860221799897055 7.839904129189569e-06 9.779998754504486e-07 2.9769782075876264e-07 2.194565672339973e-07 0.0 1.9115391911075802e-07 9.189496889705869e-07 3.351623354320118e-07 4.1636066831058675e-07 0.00013209276427328902 9.893962737277342e-07 1.766671685740596e-07 1.4468159130423414e-07 1.5227347341190598e-07 0.0 1.429893005134833e-07 1.1745952555327127e-07 1.0280400235155802e-06 4.682075438427719e-06 3.442436829278754e-05 9.423080596945505e-05 4.7394055075821866e-06 2.276454428025768e-05 9.177568455658049e-08 1.673707441340871e-05 1.523213905783641e-07 6.4651795320880705e-06 2.9318542026336466e-06 1.9808414995431997e-06 2.6383441302116325e-07 4.671159393864332e-07 7.242043843333339e-07 1.6973913545884603e-07 0.0001471258687312812 4.6894679496193793e-07 0.0 6.888057873104568e-05 3.1818403673555445e-05 4.6230668188593346e-05 1.8528231337931548e-05 3.906803276101132e-06 3.21023839339764e-07 6.562385226040151e-05 0.0 6.787388129783547e-06 4.504957122433037e-06 5.5899860992269325e-08 1.9731931419796165e-06 2.2240910558340067e-06 2.495959769727472e-07 1.0431980644868812e-07 7.106842514710203e-07 0.0 4.502998786414243e-08 4.3785883060847953e-08 2.284326459186933e-07 2.8305396703395853e-07 4.983207920117178e-07 0.0005271303904254284 4.391422841929842e-06 0.0 7.2557149209488825e-06 7.547355282025495e-05 8.006693374341877e-07 1.7084021229473268e-06 1.9696993394618432e-05 1.9248030371689195e-05 4.05263126594711e-07 9.969578024074357e-06 3.271655564227046e-06 5.223552413534015e-06 1.8573356764709975e-05 2.3308069746831064e-05 4.494029034427673e-06 7.249652339333462e-05 2.749666001398087e-05 2.89509854821302e-05 4.620440850869608e-05 5.98372714751782e-08 0.0 0.0 1.4604772061500098e-07 0.0 0.0 0.0 0.0 0.0 0.0 0.0 0.0 6.031971417730134e-07 7.692771909875193e-08 1.9166530056759386e-07 0.0 5.32899179736271e-07 6.018682995980102e-08 5.619091013897042e-08 1.8187235092741482e-06 1.1336617205735183e-06 0.0 0.0 0.0 2.0312392229954067e-05 1.3505331543634792e-06 1.22146062567439e-05 8.092781554992519e-06 2.916609266314481e-07 0.0 0.0 0.0 0.0 2.0976461676713295e-07 0.0 0.0 5.307987411979328e-08 2.81112621396634e-07 0.0 0.0 0.0 5.884518379293897e-07 5.924474927356047e-08 0.0 4.8236795117517835e-08 5.772981635939711e-08 0.0 3.689179411131787e-07 7.170969910088813e-08 0.0 7.106951969953046e-07 6.1735768623996714e-06 3.3264571457599275e-07 0.0 0.0 0.0 0.0 0.0 0.0 0.0 0.0 6.379563978082322e-05 8.09501866535407e-08 0.0 0.0 0.0 3.2832505509962394e-06 0.0 1.3912010984053994e-06 2.578443044899638e-07 5.001071461646995e-07 3.899471327059019e-07 0.0 0.0 0.0 0.0 0.0 0.0 0.0 0.0 5.971987420702674e-08 0.0 5.836383953012536e-05 1.6248707549327878e-05 1.8150370983403025e-05
